# g = 0.1
# E = 1.8969958
# num trials = 30
# layers    units               activation     frac train     timesteps      E diff         E pred avg     E pred stddev  loss avg       loss stddev    params         
  ddddd     [100, 100, 100, 100, 100]linear         0.100          2              2.84039e-04    1.89728e+00    1.52910e-04    3.13663e-10    2.76755e-10    50701          
  ddddd     [100, 100, 100, 100, 100]linear         0.100          3              -4.52142e-04   1.89654e+00    5.19396e-04    1.88036e-10    2.31715e-10    60701          
  ddddd     [100, 100, 100, 100, 100]linear         0.100          5              -7.88293e-03   1.88911e+00    1.41004e-02    2.39158e-09    8.65614e-10    80701          
  ddddd     [200, 200, 50, 40, 10]linear         0.100          2              3.12959e-04    1.89731e+00    1.94449e-04    3.58184e-10    2.92666e-10    53511          
  ddddd     [200, 200, 50, 40, 10]linear         0.100          3              1.74128e-04    1.89717e+00    1.76228e-04    1.55012e-10    1.62280e-10    53911          
  ddddd     [200, 200, 50, 40, 10]linear         0.100          5              -1.51147e-04   1.89684e+00    1.70654e-04    1.23045e-10    1.56010e-10    54711          
  ddddd     [300, 100, 60, 30, 10]linear         0.100          2              5.57378e-04    1.89755e+00    8.48318e-05    1.57910e-09    6.51816e-10    39211          
  ddddd     [300, 100, 60, 30, 10]linear         0.100          3              3.86801e-04    1.89738e+00    1.20138e-04    7.78747e-10    5.14600e-10    39511          
  ddddd     [300, 100, 60, 30, 10]linear         0.100          5              2.75162e-05    1.89702e+00    2.73803e-04    3.46727e-10    4.76276e-10    40111          
  dddds     [100, 100, 100, 100, 100]linear         0.100          2              1.31975e-04    1.89713e+00    2.65914e-04    1.87448e-10    3.01503e-10    50701          
  dddds     [100, 100, 100, 100, 100]linear         0.100          3              -1.56690e-04   1.89684e+00    7.83730e-04    1.34168e-10    1.68015e-10    50701          
  dddds     [100, 100, 100, 100, 100]linear         0.100          5              -2.21280e-03   1.89478e+00    4.12190e-03    7.93256e-10    6.34146e-10    50701          
  dddds     [200, 200, 50, 40, 10]linear         0.100          2              3.43568e-04    1.89734e+00    1.81161e-04    4.40934e-10    4.30280e-10    53211          
  dddds     [200, 200, 50, 40, 10]linear         0.100          3              6.64977e-05    1.89706e+00    4.37153e-04    3.25847e-10    4.68932e-10    53211          
  dddds     [200, 200, 50, 40, 10]linear         0.100          5              -7.70586e-04   1.89623e+00    1.80200e-03    3.94643e-10    5.28621e-10    53211          
  dddds     [300, 100, 60, 30, 10]linear         0.100          2              4.63544e-04    1.89746e+00    1.53096e-04    1.17990e-09    6.93230e-10    39011          
  dddds     [300, 100, 60, 30, 10]linear         0.100          3              4.02068e-04    1.89740e+00    1.81966e-04    1.06546e-09    9.36786e-10    39011          
  dddds     [300, 100, 60, 30, 10]linear         0.100          5              1.74156e-04    1.89717e+00    2.52901e-04    4.70460e-10    5.43534e-10    39011          
  ddddl     [100, 100, 100, 100, 100]linear         0.100          2              7.53374e-04    1.89775e+00    3.18102e-05    2.13044e-08    7.36578e-09    111001         
  ddddl     [100, 100, 100, 100, 100]linear         0.100          3              7.15088e-04    1.89771e+00    3.15790e-05    2.28897e-08    6.66917e-09    111001         
  ddddl     [100, 100, 100, 100, 100]linear         0.100          5              6.66438e-04    1.89766e+00    3.40196e-05    2.58467e-08    8.45026e-09    111001         
  ddddl     [200, 200, 50, 40, 10]linear         0.100          2              7.78447e-04    1.89777e+00    9.74496e-05    7.84116e-08    8.14739e-08    54741          
  ddddl     [200, 200, 50, 40, 10]linear         0.100          3              -4.82763e-02   1.84872e+00    2.63988e-01    1.23506e-07    1.44331e-07    54741          
  ddddl     [200, 200, 50, 40, 10]linear         0.100          5              6.77755e-04    1.89767e+00    2.25568e-04    1.30576e-07    1.05605e-07    54741          
  ddddl     [300, 100, 60, 30, 10]linear         0.100          2              -4.08100e-02   1.85619e+00    2.23999e-01    8.05152e-08    1.11773e-07    40241          
  ddddl     [300, 100, 60, 30, 10]linear         0.100          3              -2.63846e-02   1.87061e+00    1.45877e-01    7.22950e-08    7.19774e-08    40241          
  ddddl     [300, 100, 60, 30, 10]linear         0.100          5              7.29051e-04    1.89772e+00    1.24872e-04    1.21040e-07    1.29636e-07    40241          
  ddddg     [100, 100, 100, 100, 100]linear         0.100          2              6.94699e-04    1.89769e+00    5.11494e-05    9.41162e-09    3.64560e-09    90901          
  ddddg     [100, 100, 100, 100, 100]linear         0.100          3              6.23726e-04    1.89762e+00    3.68561e-05    6.33698e-09    1.94053e-09    90901          
  ddddg     [100, 100, 100, 100, 100]linear         0.100          5              4.90938e-04    1.89749e+00    5.70746e-05    2.74401e-09    1.00069e-09    90901          
  ddddg     [200, 200, 50, 40, 10]linear         0.100          2              8.46118e-04    1.89784e+00    7.54105e-05    5.82611e-08    5.16471e-08    54231          
  ddddg     [200, 200, 50, 40, 10]linear         0.100          3              7.96015e-04    1.89779e+00    9.56781e-05    5.10982e-08    5.65734e-08    54231          
  ddddg     [200, 200, 50, 40, 10]linear         0.100          5              7.02654e-04    1.89770e+00    1.25017e-04    3.22452e-08    5.25507e-08    54231          
  ddddg     [300, 100, 60, 30, 10]linear         0.100          2              8.35159e-04    1.89783e+00    1.11844e-04    7.14588e-08    8.56282e-08    39831          
  ddddg     [300, 100, 60, 30, 10]linear         0.100          3              8.08949e-04    1.89780e+00    8.02382e-05    4.33760e-08    5.52203e-08    39831          
  ddddg     [300, 100, 60, 30, 10]linear         0.100          5              7.62596e-04    1.89776e+00    8.77006e-05    2.99186e-08    2.26806e-08    39831          