# g = 0.1
# E = 1.8969958
# num trials = 30
# layers    units               activation     frac train     timesteps      E diff         E pred avg     E pred stddev  loss avg       loss stddev    params         
  dd        [990, 10]           elu            0.100          2              9.15212e-04    1.89791e+00    6.71281e-05    4.92399e-08    2.86933e-08    21801          
  dd        [800, 200]          elu            0.100          2              4.26402e-04    1.89742e+00    7.32291e-05    3.13750e-09    1.19985e-09    322001         
  dd        [500, 500]          elu            0.100          2              2.86224e-04    1.89728e+00    4.47351e-05    1.95649e-09    8.91999e-10    502001         
  dd        [200, 800]          elu            0.100          2              3.77193e-04    1.89737e+00    4.87629e-05    4.49533e-09    1.48627e-09    322001         
  dd        [10, 990]           elu            0.100          2              8.41056e-04    1.89784e+00    6.20866e-05    3.38691e-08    2.26421e-08    21801          
  ds        [990, 10]           elu            0.100          2              9.89114e-04    1.89798e+00    3.70325e-05    1.13963e-07    5.48396e-08    12001          
  ds        [800, 200]          elu            0.100          2              7.15974e-04    1.89771e+00    3.10954e-05    1.69920e-08    4.74222e-09    202001         
  ds        [500, 500]          elu            0.100          2              5.21686e-04    1.89752e+00    4.24998e-05    7.08018e-09    1.87246e-09    502001         
  ds        [200, 800]          elu            0.100          2              4.81934e-04    1.89748e+00    5.45153e-05    3.95450e-09    1.05436e-09    802001         
  ds        [10, 990]           elu            0.100          2              -7.86381e-02   1.81836e+00    4.24544e-01    1.21060e-08    1.25003e-08    992001         
  dl        [990, 10]           elu            0.100          2              -2.04118e-01   1.69288e+00    3.39501e-01    6.44968e-09    5.30848e-09    42031          
  dl        [800, 200]          elu            0.100          2              9.20195e-04    1.89792e+00    9.46929e-06    6.22751e-08    8.36466e-09    802601         
  dl        [500, 500]          elu            0.100          2              8.96687e-04    1.89789e+00    7.13444e-06    6.33184e-08    4.72078e-09    2003501        
  dl        [200, 800]          elu            0.100          2              8.67060e-04    1.89786e+00    9.11598e-06    5.09635e-08    3.11758e-09    3204401        
  dl        [10, 990]           elu            0.100          2              8.76664e-04    1.89787e+00    2.83303e-05    3.68603e-08    1.83266e-08    3964971        
  dg        [990, 10]           elu            0.100          2              9.75210e-04    1.89797e+00    3.25018e-05    5.91739e-08    2.94318e-08    32021          
  dg        [800, 200]          elu            0.100          2              8.59494e-04    1.89786e+00    1.02055e-05    2.04645e-08    2.31203e-09    602401         
  dg        [500, 500]          elu            0.100          2              7.71935e-04    1.89777e+00    1.51909e-05    8.27856e-09    1.00225e-09    1503001        
  dg        [200, 800]          elu            0.100          2              7.67043e-04    1.89776e+00    1.39642e-05    8.67854e-09    7.75099e-10    2403601        
  dg        [10, 990]           elu            0.100          2              8.67723e-04    1.89786e+00    3.22209e-05    3.12356e-08    1.66558e-08    2973981        
  ss        [990, 10]           elu            0.100          2              5.98882e-04    1.89759e+00    3.27304e-04    2.36475e-07    1.75810e-07    992101         
  ss        [800, 200]          elu            0.100          2              7.03826e-04    1.89770e+00    4.13308e-05    3.53650e-08    9.19690e-09    842001         
  ss        [500, 500]          elu            0.100          2              5.65468e-04    1.89756e+00    6.74892e-05    7.71802e-09    2.26740e-09    752001         
  ss        [200, 800]          elu            0.100          2              5.77071e-04    1.89757e+00    4.20024e-05    6.96150e-09    2.10395e-09    842001         
  ss        [10, 990]           elu            0.100          2              4.67255e-04    1.89746e+00    1.66143e-04    2.04596e-08    2.84978e-08    992101         
  ll        [990, 10]           elu            0.100          2              -8.12979e-02   1.81570e+00    1.99151e-01    1.10152e-08    1.95363e-08    3968371        
  ll        [800, 200]          elu            0.100          2              8.64636e-04    1.89786e+00    1.11771e-05    3.06652e-08    3.23379e-09    3367401        
  ll        [500, 500]          elu            0.100          2              8.66277e-04    1.89786e+00    5.53172e-06    3.49427e-08    1.41838e-09    3006501        
  ll        [200, 800]          elu            0.100          2              8.85569e-04    1.89788e+00    4.52480e-06    4.13937e-08    2.79551e-09    3365601        
  ll        [10, 990]           elu            0.100          2              9.81576e-04    1.89798e+00    2.52558e-05    1.61948e-07    7.67552e-08    3965431        
  gg        [990, 10]           elu            0.100          2              9.22532e-04    1.89792e+00    9.71390e-05    7.45121e-08    5.08676e-08    2976281        
  gg        [800, 200]          elu            0.100          2              7.78392e-04    1.89777e+00    1.02218e-05    1.28763e-08    1.42180e-09    2525601        
  gg        [500, 500]          elu            0.100          2              7.51256e-04    1.89775e+00    5.65341e-06    1.05215e-08    6.60176e-10    2255001        
  gg        [200, 800]          elu            0.100          2              7.85040e-04    1.89778e+00    7.85544e-06    1.45952e-08    1.03896e-09    2524401        
  gg        [10, 990]           elu            0.100          2              8.98352e-04    1.89789e+00    3.97596e-05    6.17758e-08    3.65513e-08    2974321        