# g = 0.1
# E = 1.8969958
# num trials = 30
# layers    units               activation     frac train     timesteps      E diff         E pred avg     E pred stddev  loss avg       loss stddev    params         
  ddddd     [500, 400, 300, 200, 100]linear         0.100          2              1.61682e-04    1.89716e+00    3.53944e-05    6.11024e-10    3.06992e-10    422101         
  ddddd     [500, 400, 300, 200, 100]linear         0.100          3              2.70275e-05    1.89702e+00    6.44633e-05    5.11156e-11    6.28101e-11    442101         
  ddddd     [500, 400, 300, 200, 100]linear         0.100          5              -1.06956e-04   1.89689e+00    2.37950e-04    7.18803e-10    6.18872e-10    482101         
  ddddd     [1000, 400, 80, 15, 5]linear         0.100          2              -1.20440e-01   1.77656e+00    5.91351e-01    4.09031e-10    1.76668e-10    435856         
  ddddd     [1000, 400, 80, 15, 5]linear         0.100          3              -1.07118e-02   1.88628e+00    2.82170e-02    8.18549e-10    2.91692e-10    435931         
  ddddd     [1000, 400, 80, 15, 5]linear         0.100          5              -1.40547e-02   1.88294e+00    3.03970e-02    1.96637e-09    7.82879e-10    436081         
  dddds     [500, 400, 300, 200, 100]linear         0.100          2              -4.51789e-04   1.89654e+00    2.39129e-03    3.10960e-10    3.03759e-10    412101         
  dddds     [500, 400, 300, 200, 100]linear         0.100          3              -1.53775e+00   3.59242e-01    5.89317e+00    3.85835e-10    5.25044e-10    412101         
  dddds     [500, 400, 300, 200, 100]linear         0.100          5              -1.63482e+00   2.62178e-01    7.28457e+00    1.28444e-09    7.32596e-10    412101         
  dddds     [1000, 400, 80, 15, 5]linear         0.100          2              -1.22306e+00   6.73939e-01    6.51388e+00    3.82439e-10    3.08860e-10    435806         
  dddds     [1000, 400, 80, 15, 5]linear         0.100          3              -1.83348e-02   1.87866e+00    4.91358e-02    6.30343e-10    3.93713e-10    435806         
  dddds     [1000, 400, 80, 15, 5]linear         0.100          5              nan            nan            nan            2.25019e-09    1.53064e-09    435806         
  ddddl     [500, 400, 300, 200, 100]linear         0.100          2              6.81558e-04    1.89768e+00    8.68650e-05    2.60943e-07    8.58744e-08    502401         
  ddddl     [500, 400, 300, 200, 100]linear         0.100          3              7.71970e-04    1.89777e+00    5.20971e-05    2.07573e-07    6.70453e-08    502401         
  ddddl     [500, 400, 300, 200, 100]linear         0.100          5              4.83901e-04    1.89748e+00    2.00677e-04    3.73613e-07    1.49762e-07    502401         
  ddddl     [1000, 400, 80, 15, 5]linear         0.100          2              nan            nan            nan            2.97755e-06    1.39862e-05    436121         
  ddddl     [1000, 400, 80, 15, 5]linear         0.100          3              6.69966e+34    6.69966e+34    3.60788e+35    6.54824e-06    2.51173e-05    436121         
  ddddl     [1000, 400, 80, 15, 5]linear         0.100          5              nan            nan            nan            1.04922e-04    3.13773e-04    436121         
  ddddg     [500, 400, 300, 200, 100]linear         0.100          2              4.36190e-04    1.89743e+00    1.62354e-04    9.79181e-08    2.63755e-08    472301         
  ddddg     [500, 400, 300, 200, 100]linear         0.100          3              3.03347e-04    1.89730e+00    9.69318e-05    5.27394e-08    1.78545e-08    472301         
  ddddg     [500, 400, 300, 200, 100]linear         0.100          5              2.49230e-04    1.89725e+00    1.04346e-04    1.61702e-08    8.20877e-09    472301         
  ddddg     [1000, 400, 80, 15, 5]linear         0.100          2              -1.94006e-02   1.87760e+00    1.93416e-01    1.49828e-05    7.92107e-05    436016         
  ddddg     [1000, 400, 80, 15, 5]linear         0.100          3              nan            nan            nan            1.39230e-06    4.55380e-06    436016         
  ddddg     [1000, 400, 80, 15, 5]linear         0.100          5              nan            nan            nan            1.33247e-07    3.33653e-07    436016         