# g = 0.1
# E = 1.8969958
# num trials = 30
# layers    units               activation     frac train     timesteps      E diff         E pred avg     E pred stddev  loss avg       loss stddev    params         
  ddddd     [100, 100, 100, 100, 100]elu            0.100          2              7.98920e-04    1.89779e+00    3.24741e-05    1.07935e-07    1.76533e-08    50701          
  ddddd     [100, 100, 100, 100, 100]elu            0.100          3              7.28165e-04    1.89772e+00    4.53101e-05    9.98562e-08    2.25764e-08    60701          
  ddddd     [100, 100, 100, 100, 100]elu            0.100          5              5.93951e-04    1.89759e+00    7.76069e-05    7.70356e-08    1.68788e-08    80701          
  ddddd     [200, 200, 50, 40, 10]elu            0.100          2              9.27046e-04    1.89792e+00    4.92407e-05    2.76108e-07    1.51318e-07    53511          
  ddddd     [200, 200, 50, 40, 10]elu            0.100          3              8.88585e-04    1.89788e+00    4.11361e-05    2.54971e-07    1.15651e-07    53911          
  ddddd     [200, 200, 50, 40, 10]elu            0.100          5              8.14067e-04    1.89781e+00    4.90409e-05    2.19227e-07    7.54048e-08    54711          
  ddddd     [300, 100, 60, 30, 10]elu            0.100          2              9.43429e-04    1.89794e+00    3.19708e-05    2.48802e-07    9.55445e-08    39211          
  ddddd     [300, 100, 60, 30, 10]elu            0.100          3              8.97283e-04    1.89789e+00    5.21885e-05    2.33954e-07    1.04253e-07    39511          
  ddddd     [300, 100, 60, 30, 10]elu            0.100          5              8.26060e-04    1.89782e+00    5.06986e-05    2.24148e-07    1.01354e-07    40111          
  dddds     [100, 100, 100, 100, 100]elu            0.100          2              8.23198e-04    1.89782e+00    3.09113e-05    1.43047e-07    2.94824e-08    50701          
  dddds     [100, 100, 100, 100, 100]elu            0.100          3              7.86796e-04    1.89778e+00    3.69477e-05    1.75567e-07    4.95009e-08    50701          
  dddds     [100, 100, 100, 100, 100]elu            0.100          5              7.35985e-04    1.89773e+00    4.80982e-05    2.59736e-07    6.94601e-08    50701          
  dddds     [200, 200, 50, 40, 10]elu            0.100          2              8.87603e-04    1.89788e+00    6.47335e-05    3.17619e-07    1.83989e-07    53211          
  dddds     [200, 200, 50, 40, 10]elu            0.100          3              8.68701e-04    1.89786e+00    1.00968e-04    3.73780e-07    2.24395e-07    53211          
  dddds     [200, 200, 50, 40, 10]elu            0.100          5              -4.89101e-02   1.84809e+00    5.83849e-01    5.09643e-07    4.64890e-07    53211          
  dddds     [300, 100, 60, 30, 10]elu            0.100          2              8.89864e-04    1.89789e+00    1.13122e-04    3.41586e-07    1.36356e-07    39011          
  dddds     [300, 100, 60, 30, 10]elu            0.100          3              7.92268e-04    1.89779e+00    2.07638e-04    3.59804e-07    2.34709e-07    39011          
  dddds     [300, 100, 60, 30, 10]elu            0.100          5              3.86512e-02    1.93565e+00    2.04354e-01    4.15532e-07    4.08228e-07    39011          
  ddddl     [100, 100, 100, 100, 100]elu            0.100          2              9.27272e-04    1.89792e+00    1.27765e-05    2.02565e-07    2.79603e-08    111001         
  ddddl     [100, 100, 100, 100, 100]elu            0.100          3              8.96786e-04    1.89789e+00    1.29810e-05    2.04163e-07    2.68768e-08    111001         
  ddddl     [100, 100, 100, 100, 100]elu            0.100          5              8.41175e-04    1.89784e+00    1.60268e-05    1.99713e-07    2.40995e-08    111001         
  ddddl     [200, 200, 50, 40, 10]elu            0.100          2              9.42992e-04    1.89794e+00    3.76785e-05    2.50090e-07    1.26843e-07    54741          
  ddddl     [200, 200, 50, 40, 10]elu            0.100          3              8.99111e-04    1.89789e+00    5.37930e-05    2.72018e-07    1.22606e-07    54741          
  ddddl     [200, 200, 50, 40, 10]elu            0.100          5              8.14127e-04    1.89781e+00    1.07901e-04    2.90578e-07    1.32589e-07    54741          
  ddddl     [300, 100, 60, 30, 10]elu            0.100          2              9.64458e-04    1.89796e+00    3.38247e-05    2.44286e-07    1.02989e-07    40241          
  ddddl     [300, 100, 60, 30, 10]elu            0.100          3              9.38279e-04    1.89793e+00    3.31862e-05    2.60773e-07    9.75064e-08    40241          
  ddddl     [300, 100, 60, 30, 10]elu            0.100          5              8.38680e-04    1.89783e+00    1.05796e-04    2.32841e-07    1.04665e-07    40241          
  ddddg     [100, 100, 100, 100, 100]elu            0.100          2              8.77582e-04    1.89787e+00    2.43636e-05    1.55327e-07    1.43582e-08    90901          
  ddddg     [100, 100, 100, 100, 100]elu            0.100          3              8.42697e-04    1.89784e+00    1.78703e-05    1.38113e-07    2.03945e-08    90901          
  ddddg     [100, 100, 100, 100, 100]elu            0.100          5              7.82771e-04    1.89778e+00    1.86037e-05    1.19729e-07    1.93869e-08    90901          
  ddddg     [200, 200, 50, 40, 10]elu            0.100          2              9.61076e-04    1.89796e+00    3.63831e-05    3.21835e-07    1.25476e-07    54231          
  ddddg     [200, 200, 50, 40, 10]elu            0.100          3              9.42177e-04    1.89794e+00    3.30992e-05    3.12490e-07    1.14888e-07    54231          
  ddddg     [200, 200, 50, 40, 10]elu            0.100          5              9.01531e-04    1.89790e+00    3.99455e-05    2.68554e-07    9.82288e-08    54231          
  ddddg     [300, 100, 60, 30, 10]elu            0.100          2              9.77237e-04    1.89797e+00    2.26135e-05    3.05378e-07    1.15173e-07    39831          
  ddddg     [300, 100, 60, 30, 10]elu            0.100          3              9.57174e-04    1.89795e+00    3.00620e-05    2.93922e-07    8.33693e-08    39831          
  ddddg     [300, 100, 60, 30, 10]elu            0.100          5              9.21765e-04    1.89792e+00    2.95274e-05    2.59886e-07    1.02835e-07    39831          