# g = 0.1
# E = 1.8969958
# num trials = 30
# layers    units               activation     frac train     timesteps      E diff         E pred avg     E pred stddev  loss avg       loss stddev    params         
  ddd       [800, 80, 20]       elu            0.100          2              8.97796e-04    1.89789e+00    3.98993e-05    8.87691e-08    5.15205e-08    68921          
  ddd       [600, 200, 100]     elu            0.100          2              7.30954e-04    1.89773e+00    2.77240e-05    3.52426e-08    7.79144e-09    161601         
  ddd       [300, 300, 300]     elu            0.100          2              6.02745e-04    1.89760e+00    4.00001e-05    1.70081e-08    2.42129e-09    271501         
  dds       [800, 80, 20]       elu            0.100          2              9.13301e-04    1.89791e+00    6.19448e-05    1.78033e-07    1.05302e-07    67721          
  dds       [600, 200, 100]     elu            0.100          2              8.05730e-04    1.89780e+00    2.42195e-05    7.64134e-08    1.95004e-08    151601         
  dds       [300, 300, 300]     elu            0.100          2              5.83059e-04    1.89758e+00    4.03417e-05    3.11108e-08    5.31544e-09    271501         
  ddl       [800, 80, 20]       elu            0.100          2              9.42404e-04    1.89794e+00    2.64757e-05    1.22090e-07    5.32065e-08    73781          
  ddl       [600, 200, 100]     elu            0.100          2              8.90746e-04    1.89789e+00    1.42579e-05    1.64027e-07    2.90624e-08    241901         
  ddl       [300, 300, 300]     elu            0.100          2              8.60932e-04    1.89786e+00    1.04463e-05    1.47504e-07    1.10728e-08    812401         
  ddg       [800, 80, 20]       elu            0.100          2              9.77129e-04    1.89797e+00    1.79929e-05    1.38241e-07    4.38480e-08    71761          
  ddg       [600, 200, 100]     elu            0.100          2              8.58290e-04    1.89785e+00    1.73326e-05    8.00358e-08    1.35457e-08    211801         
  ddg       [300, 300, 300]     elu            0.100          2              7.61476e-04    1.89776e+00    1.34990e-05    4.30020e-08    4.38988e-09    632101         
  dss       [800, 80, 20]       elu            0.100          2              8.61779e-04    1.89786e+00    7.76283e-05    2.08529e-07    1.06063e-07    74121          
  dss       [600, 200, 100]     elu            0.100          2              7.23162e-04    1.89772e+00    4.89358e-05    9.67835e-08    2.62671e-08    191601         
  dss       [300, 300, 300]     elu            0.100          2              5.67359e-04    1.89756e+00    7.35797e-05    3.37360e-08    5.97799e-09    361501         
  dll       [800, 80, 20]       elu            0.100          2              -2.37693e-02   1.87323e+00    1.32737e-01    4.14388e-08    3.37574e-08    291621         
  dll       [600, 200, 100]     elu            0.100          2              8.79700e-04    1.89788e+00    2.24368e-05    5.75988e-08    1.49672e-08    762501         
  dll       [300, 300, 300]     elu            0.100          2              8.54022e-04    1.89785e+00    1.10071e-05    6.76615e-08    6.37680e-09    1443301        
  dgg       [800, 80, 20]       elu            0.100          2              9.65292e-04    1.89796e+00    1.73507e-05    1.04686e-07    2.70019e-08    219121         
  dgg       [600, 200, 100]     elu            0.100          2              8.42340e-04    1.89784e+00    1.35291e-05    5.87633e-08    7.79858e-09    572201         
  dgg       [300, 300, 300]     elu            0.100          2              7.36506e-04    1.89773e+00    1.11455e-05    4.32207e-08    3.70175e-09    1082701        
  sss       [800, 80, 20]       elu            0.100          2              7.35409e-04    1.89773e+00    1.47621e-04    3.19876e-07    2.09599e-07    714121         
  sss       [600, 200, 100]     elu            0.100          2              7.68708e-04    1.89776e+00    7.55380e-05    1.65631e-07    5.52871e-08    551601         
  sss       [300, 300, 300]     elu            0.100          2              6.62663e-04    1.89766e+00    5.73533e-05    4.78383e-08    1.14033e-08    451501         
  lll       [800, 80, 20]       elu            0.100          2              8.77558e-04    1.89787e+00    8.33224e-05    5.03789e-08    3.41034e-08    2856421        
  lll       [600, 200, 100]     elu            0.100          2              8.89213e-04    1.89789e+00    1.27004e-05    5.58594e-08    8.38734e-09    2206101        
  lll       [300, 300, 300]     elu            0.100          2              8.99671e-04    1.89790e+00    5.86833e-06    8.24739e-08    4.13519e-09    1805101        
  ggg       [800, 80, 20]       elu            0.100          2              9.47343e-04    1.89794e+00    2.42342e-05    1.01894e-07    3.15550e-08    2142321        
  ggg       [600, 200, 100]     elu            0.100          2              8.43313e-04    1.89784e+00    1.09396e-05    5.09350e-08    4.51050e-09    1654601        
  ggg       [300, 300, 300]     elu            0.100          2              7.88298e-04    1.89778e+00    5.65832e-06    4.29691e-08    2.29451e-09    1353901        