# g = 0.1
# E = 1.8969958
# num trials = 30
# layers    units               activation     frac train     timesteps      E diff         E pred avg     E pred stddev  loss avg       loss stddev    params         
  dd        [450, 50]           elu            0.100          2              7.56445e-04    1.89775e+00    5.10180e-05    1.37339e-08    5.02151e-09    46001          
  dd        [400, 100]          elu            0.100          2              6.68600e-04    1.89766e+00    5.29592e-05    9.14150e-09    2.62706e-09    81001          
  dd        [250, 250]          elu            0.100          2              5.85789e-04    1.89758e+00    4.34289e-05    7.90077e-09    3.11371e-09    126001         
  dd        [100, 400]          elu            0.100          2              6.67479e-04    1.89766e+00    4.28223e-05    1.14024e-08    4.43778e-09    81001          
  dd        [50, 450]           elu            0.100          2              7.35321e-04    1.89773e+00    4.89223e-05    1.62954e-08    6.18892e-09    46001          
  ds        [450, 50]           elu            0.100          2              9.07992e-04    1.89790e+00    3.48378e-05    4.19025e-08    1.46293e-08    26001          
  ds        [400, 100]          elu            0.100          2              8.37973e-04    1.89783e+00    3.97786e-05    2.56248e-08    8.21638e-09    51001          
  ds        [250, 250]          elu            0.100          2              7.08034e-04    1.89770e+00    4.44862e-05    1.37967e-08    3.94430e-09    126001         
  ds        [100, 400]          elu            0.100          2              6.62024e-04    1.89766e+00    4.32167e-05    1.20361e-08    4.42803e-09    201001         
  ds        [50, 450]           elu            0.100          2              6.59469e-04    1.89766e+00    4.79996e-05    1.58357e-08    6.77385e-09    226001         
  dl        [450, 50]           elu            0.100          2              8.74915e-04    1.89787e+00    4.16178e-05    1.53097e-08    8.77608e-09    101151         
  dl        [400, 100]          elu            0.100          2              9.08227e-04    1.89790e+00    1.92851e-05    2.49266e-08    6.22576e-09    201301         
  dl        [250, 250]          elu            0.100          2              9.00859e-04    1.89790e+00    1.40703e-05    2.81637e-08    4.86896e-09    501751         
  dl        [100, 400]          elu            0.100          2              8.90973e-04    1.89789e+00    9.88741e-06    2.57567e-08    3.18918e-09    802201         
  dl        [50, 450]           elu            0.100          2              8.88704e-04    1.89788e+00    1.25142e-05    2.38414e-08    4.52070e-09    902351         
  dg        [450, 50]           elu            0.100          2              9.41625e-04    1.89794e+00    2.27267e-05    3.16828e-08    8.89357e-09    76101          
  dg        [400, 100]          elu            0.100          2              9.04269e-04    1.89790e+00    1.52140e-05    2.11758e-08    3.49046e-09    151201         
  dg        [250, 250]          elu            0.100          2              8.44795e-04    1.89784e+00    1.30248e-05    1.13671e-08    1.28056e-09    376501         
  dg        [100, 400]          elu            0.100          2              8.58870e-04    1.89785e+00    1.63274e-05    1.38003e-08    2.60188e-09    601801         
  dg        [50, 450]           elu            0.100          2              8.82680e-04    1.89788e+00    1.22782e-05    1.82220e-08    2.41452e-09    676901         
  ss        [450, 50]           elu            0.100          2              7.43058e-04    1.89774e+00    8.20365e-05    6.36534e-08    3.02251e-08    228501         
  ss        [400, 100]          elu            0.100          2              7.00846e-04    1.89770e+00    6.13344e-05    4.19939e-08    1.36691e-08    211001         
  ss        [250, 250]          elu            0.100          2              6.68179e-04    1.89766e+00    4.67474e-05    2.08687e-08    5.26790e-09    188501         
  ss        [100, 400]          elu            0.100          2              6.54704e-04    1.89765e+00    5.74773e-05    1.98805e-08    6.63549e-09    211001         
  ss        [50, 450]           elu            0.100          2              6.49137e-04    1.89764e+00    6.07013e-05    2.06321e-08    7.69533e-09    228501         
  ll        [450, 50]           elu            0.100          2              7.68752e-04    1.89776e+00    8.96493e-05    8.18826e-09    5.08677e-09    913851         
  ll        [400, 100]          elu            0.100          2              8.47601e-04    1.89784e+00    2.11514e-05    1.42593e-08    3.40488e-09    843701         
  ll        [250, 250]          elu            0.100          2              8.84099e-04    1.89788e+00    6.83751e-06    2.23133e-08    2.05739e-09    753251         
  ll        [100, 400]          elu            0.100          2              9.21498e-04    1.89792e+00    8.22393e-06    3.58624e-08    4.08103e-09    842801         
  ll        [50, 450]           elu            0.100          2              9.52266e-04    1.89795e+00    9.37208e-06    5.23770e-08    8.64385e-09    912651         
  gg        [450, 50]           elu            0.100          2              8.87587e-04    1.89788e+00    1.49135e-05    2.02328e-08    3.64593e-09    685401         
  gg        [400, 100]          elu            0.100          2              8.59247e-04    1.89786e+00    1.23473e-05    1.51051e-08    1.88094e-09    632801         
  gg        [250, 250]          elu            0.100          2              8.36514e-04    1.89783e+00    7.54505e-06    1.27632e-08    1.13359e-09    565001         
  gg        [100, 400]          elu            0.100          2              8.66769e-04    1.89786e+00    1.09530e-05    1.75467e-08    1.99886e-09    632201         
  gg        [50, 450]           elu            0.100          2              8.86542e-04    1.89788e+00    1.36263e-05    2.21527e-08    4.52195e-09    684601         