# g = 0.1
# E = 1.8969958
# num trials = 30
# layers    units               activation     frac train     timesteps      E diff         E pred avg     E pred stddev  loss avg       loss stddev    params         
  ddddd     [500, 400, 300, 200, 100]elu            0.100          2              3.15105e-04    1.89731e+00    4.15923e-04    3.45419e-07    3.07279e-07    422101         
  ddddd     [500, 400, 300, 200, 100]elu            0.100          3              4.45245e-04    1.89744e+00    1.01093e-04    2.14478e-07    4.47509e-08    442101         
  ddddd     [500, 400, 300, 200, 100]elu            0.100          5              4.27165e-04    1.89742e+00    1.17096e-04    2.14241e-07    4.04113e-08    482101         
  ddddd     [1000, 400, 80, 15, 5]elu            0.100          2              -3.09822e-02   1.86601e+00    1.68848e-01    1.47426e-06    4.00240e-06    435856         
  ddddd     [1000, 400, 80, 15, 5]elu            0.100          3              3.23658e-03    1.90023e+00    1.47742e-02    1.46701e-06    5.31303e-06    435931         
  ddddd     [1000, 400, 80, 15, 5]elu            0.100          5              5.33524e-04    1.89753e+00    5.71157e-04    7.28381e-07    1.32379e-06    436081         
  dddds     [500, 400, 300, 200, 100]elu            0.100          2              6.22251e-04    1.89762e+00    1.36473e-04    3.62755e-07    1.71381e-07    412101         
  dddds     [500, 400, 300, 200, 100]elu            0.100          3              5.98839e-04    1.89759e+00    1.33659e-04    4.99433e-07    1.36971e-07    412101         
  dddds     [500, 400, 300, 200, 100]elu            0.100          5              2.40742e-04    1.89724e+00    5.16199e-04    8.22857e-07    6.77011e-07    412101         
  dddds     [1000, 400, 80, 15, 5]elu            0.100          2              2.34386e-02    1.92043e+00    9.84934e-02    7.09600e-06    2.51146e-05    435806         
  dddds     [1000, 400, 80, 15, 5]elu            0.100          3              -1.83319e-01   1.71368e+00    6.87469e-01    3.64923e-06    1.27228e-05    435806         
  dddds     [1000, 400, 80, 15, 5]elu            0.100          5              -2.58473e-02   1.87115e+00    3.40988e-01    1.04677e-06    3.45251e-06    435806         
  ddddl     [500, 400, 300, 200, 100]elu            0.100          2              7.94926e-04    1.89779e+00    3.07376e-05    5.22132e-07    5.60007e-08    502401         
  ddddl     [500, 400, 300, 200, 100]elu            0.100          3              7.24859e-04    1.89772e+00    4.19949e-05    5.62286e-07    6.24689e-08    502401         
  ddddl     [500, 400, 300, 200, 100]elu            0.100          5              7.21644e-04    1.89772e+00    4.86216e-05    4.97196e-07    7.85729e-08    502401         
  ddddl     [1000, 400, 80, 15, 5]elu            0.100          2              5.11637e-04    1.89751e+00    3.62319e-04    8.44001e-07    1.21509e-06    436121         
  ddddl     [1000, 400, 80, 15, 5]elu            0.100          3              4.36281e-04    1.89743e+00    1.16637e-03    6.37232e-07    4.64824e-07    436121         
  ddddl     [1000, 400, 80, 15, 5]elu            0.100          5              1.88985e-04    1.89718e+00    1.58424e-03    2.70490e-06    8.96240e-06    436121         
  ddddg     [500, 400, 300, 200, 100]elu            0.100          2              7.27271e-04    1.89772e+00    3.51389e-05    3.43505e-07    6.28561e-08    472301         
  ddddg     [500, 400, 300, 200, 100]elu            0.100          3              6.48243e-04    1.89764e+00    1.04752e-04    3.28222e-07    6.07096e-08    472301         
  ddddg     [500, 400, 300, 200, 100]elu            0.100          5              4.54937e-04    1.89745e+00    1.35432e-04    3.16844e-07    8.40451e-08    472301         
  ddddg     [1000, 400, 80, 15, 5]elu            0.100          2              4.14279e-04    1.89741e+00    1.54024e-03    7.50205e-06    3.55174e-05    436016         
  ddddg     [1000, 400, 80, 15, 5]elu            0.100          3              7.35731e-04    1.89773e+00    2.51106e-04    5.14796e-07    2.36941e-07    436016         
  ddddg     [1000, 400, 80, 15, 5]elu            0.100          5              7.41576e-04    1.89774e+00    3.35444e-04    5.00719e-07    3.70662e-07    436016         