# dimension of H = 6
# flow parameter s, norm of off-diagonal elements of H, vectorized elements of H (N*N elements)
0	1.22311	1.4998	-0.249975	-0.24965	-0.24965	-0.249127	4.97013e-09	-0.249975	3.4999	-0.249925	-0.249925	1.9932e-08	-0.249077	-0.24965	-0.249925	5.5	2.49247e-08	-0.249875	-0.24955	-0.24965	-0.249925	2.49247e-08	5.5	-0.249875	-0.24955	-0.249127	1.9932e-08	-0.249875	-0.249875	7.5001	-0.249825	4.97013e-09	-0.249077	-0.24955	-0.24955	-0.249825	9.5002	
0.101	0.588401	1.43664	-0.190728	-0.0516147	-0.0516147	-0.00777437	-9.64209e-06	-0.190728	3.47648	-0.159564	-0.159564	0.000861996	-0.00465868	-0.0516147	-0.159564	5.50172	0.0017203	-0.16775	-0.0446984	-0.0516147	-0.159564	0.0017203	5.50172	-0.16775	-0.0446984	-0.00777437	0.000861996	-0.16775	-0.16775	7.53077	-0.141844	-9.64209e-06	-0.00465868	-0.0446984	-0.0446984	-0.141844	9.55268	
0.202	0.377741	1.4249	-0.128258	-0.00977763	-0.00977763	-0.000399257	-4.09737e-06	-0.128258	3.47306	-0.103355	-0.103355	0.000257342	6.71543e-05	-0.00977763	-0.103355	5.50088	0.000877473	-0.111625	-0.00847868	-0.00977763	-0.103355	0.000877473	5.50088	-0.111625	-0.00847868	-0.000399257	0.000257342	-0.111625	-0.111625	7.54127	-0.0909588	-4.09737e-06	6.71543e-05	-0.00847868	-0.00847868	-0.0909588	9.55902	
0.303	0.247855	1.42024	-0.0842907	-0.00183456	-0.00183456	-3.62346e-05	-4.06843e-07	-0.0842907	3.47175	-0.067952	-0.067952	6.45925e-05	2.38674e-05	-0.00183456	-0.067952	5.50036	0.000358924	-0.0733836	-0.00161482	-0.00183456	-0.067952	0.000358924	5.50036	-0.0733836	-0.00161482	-3.62346e-05	6.45925e-05	-0.0733836	-0.0733836	7.54595	-0.0599486	-4.06843e-07	2.38674e-05	-0.00161482	-0.00161482	-0.0599486	9.56133	
0.404	0.162843	1.41826	-0.055133	-0.000345369	-0.000345369	-4.17882e-06	-3.45233e-08	-0.055133	3.47117	-0.0448052	-0.0448052	1.789e-05	3.38405e-06	-0.000345369	-0.0448052	5.50014	0.000139821	-0.0480869	-0.000309579	-0.000345369	-0.0448052	0.000139821	5.50014	-0.0480869	-0.000309579	-4.17882e-06	1.789e-05	-0.0480869	-0.0480869	7.54796	-0.0397376	-3.45233e-08	3.38405e-06	-0.000309579	-0.000309579	-0.0397376	9.56233	
0.5051	0.106935	1.41741	-0.0360065	-6.58333e-05	-6.58333e-05	-5.1652e-07	-2.88356e-09	-0.0360065	3.4709	-0.0295454	-0.0295454	5.829e-06	4.43862e-07	-6.58333e-05	-0.0295454	5.50005	5.30677e-05	-0.0314664	-6.03332e-05	-6.58333e-05	-0.0295454	5.30677e-05	5.50005	-0.0314664	-6.03332e-05	-5.1652e-07	5.829e-06	-0.0314664	-0.0314664	7.54882	-0.0263624	-2.88356e-09	4.43862e-07	-6.03332e-05	-6.03332e-05	-0.0263624	9.56277	
0.6061	0.0702476	1.41704	-0.0235182	-1.29918e-05	-1.29918e-05	-6.72167e-08	-2.4865e-10	-0.0235182	3.47078	-0.0194922	-0.0194922	2.17631e-06	5.981e-08	-1.29918e-05	-0.0194922	5.50002	1.96924e-05	-0.0205922	-1.22596e-05	-1.29918e-05	-0.0194922	1.96924e-05	5.50002	-0.0205922	-1.22596e-05	-6.72167e-08	2.17631e-06	-0.0205922	-0.0205922	7.54918	-0.0175013	-2.4865e-10	5.981e-08	-1.22596e-05	-1.22596e-05	-0.0175013	9.56296	
0.7071	0.0461473	1.41689	-0.0153598	-2.74305e-06	-2.74305e-06	-9.47085e-09	-2.29646e-11	-0.0153598	3.47072	-0.0128596	-0.0128596	8.79246e-07	8.7106e-09	-2.74305e-06	-0.0128596	5.50001	7.09915e-06	-0.0134742	-2.69519e-06	-2.74305e-06	-0.0128596	7.09915e-06	5.50001	-0.0134742	-2.69519e-06	-9.47085e-09	8.79246e-07	-0.0134742	-0.0134742	7.54933	-0.0116196	-2.29646e-11	8.7106e-09	-2.69519e-06	-2.69519e-06	-0.0116196	9.56305	
0.8081	0.0303166	1.41682	-0.0100313	-6.51958e-07	-6.51958e-07	-1.52053e-09	-2.39145e-12	-0.0100313	3.4707	-0.00848389	-0.00848389	3.68947e-07	1.44736e-09	-6.51958e-07	-0.00848389	5.5	2.45753e-06	-0.0088162	-6.74893e-07	-6.51958e-07	-0.00848389	2.45753e-06	5.5	-0.0088162	-6.74893e-07	-1.52053e-09	3.68947e-07	-0.0088162	-0.0088162	7.54939	-0.00771474	-2.39145e-12	1.44736e-09	-6.74893e-07	-6.74893e-07	-0.00771474	9.56309	
0.9091	0.0199177	1.4168	-0.00655119	-1.82539e-07	-1.82539e-07	-2.89184e-10	-2.93383e-13	-0.00655119	3.47068	-0.00559704	-0.00559704	1.57397e-07	2.84396e-10	-1.82539e-07	-0.00559704	5.5	7.98572e-07	-0.00576835	-1.9969e-07	-1.82539e-07	-0.00559704	7.98572e-07	5.5	-0.00576835	-1.9969e-07	-2.89184e-10	1.57397e-07	-0.00576835	-0.00576835	7.54942	-0.00512219	-2.93383e-13	2.84396e-10	-1.9969e-07	-1.9969e-07	-0.00512219	9.5631	
1.0101	0.0130865	1.41678	-0.00427841	-6.03895e-08	-6.03895e-08	-6.45959e-11	-4.24369e-14	-0.00427841	3.47068	-0.00369251	-0.00369251	6.76131e-08	6.52962e-11	-6.03895e-08	-0.00369251	5.5	2.31484e-07	-0.00377414	-6.91222e-08	-6.03895e-08	-0.00369251	2.31484e-07	5.5	-0.00377414	-6.91222e-08	-6.45959e-11	6.76131e-08	-0.00377414	-0.00377414	7.54943	-0.00340088	-4.24369e-14	6.52962e-11	-6.91222e-08	-6.91222e-08	-0.00340088	9.56311	
1.1111	0.0085988	1.41678	-0.00279411	-2.26296e-08	-2.26296e-08	-1.61551e-11	-6.93348e-15	-0.00279411	3.47068	-0.00243604	-0.00243604	2.91271e-08	1.66984e-11	-2.26296e-08	-0.00243604	5.5	5.10472e-08	-0.00246935	-2.67045e-08	-2.26296e-08	-0.00243604	5.10472e-08	5.5	-0.00246935	-2.67045e-08	-1.61551e-11	2.91271e-08	-0.00246935	-0.00246935	7.54943	-0.00225802	-6.93348e-15	1.66984e-11	-2.67045e-08	-2.67045e-08	-0.00225802	9.56311	
1.2121	0.00565042	1.41678	-0.00182475	-9.12076e-09	-9.12076e-09	-4.30466e-12	-1.21604e-15	-0.00182475	3.47067	-0.00160711	-0.00160711	1.25623e-08	4.53511e-12	-9.12076e-09	-0.00160711	5.5	9.39148e-10	-0.00161565	-1.09742e-08	-9.12076e-09	-0.00160711	9.39148e-10	5.5	-0.00161565	-1.09742e-08	-4.30466e-12	1.25623e-08	-0.00161565	-0.00161565	7.54944	-0.00149922	-1.21604e-15	4.53511e-12	-1.09742e-08	-1.09742e-08	-0.00149922	9.56311	
1.3131	0.00371325	1.41677	-0.0011917	-3.81285e-09	-3.81285e-09	-1.18318e-12	-2.2099e-16	-0.0011917	3.47067	-0.00106025	-0.00106025	5.42063e-09	1.26857e-12	-3.81285e-09	-0.00106025	5.5	-8.70038e-09	-0.00105709	-4.64919e-09	-3.81285e-09	-0.00106025	-8.70038e-09	5.5	-0.00105709	-4.64919e-09	-1.18318e-12	5.42063e-09	-0.00105709	-0.00105709	7.54944	-0.000995409	-2.2099e-16	1.26857e-12	-4.64919e-09	-4.64919e-09	-0.000995409	9.56312	
1.4141	0.00244038	1.41677	-0.000778262	-1.62107e-09	-1.62107e-09	-3.29856e-13	-4.08266e-17	-0.000778262	3.47067	-0.000699471	-0.000699471	2.33945e-09	3.59688e-13	-1.62107e-09	-0.000699471	5.5	-7.68621e-09	-0.000691632	-1.99738e-09	-1.62107e-09	-0.000699471	-7.68621e-09	5.5	-0.000691632	-1.99738e-09	-3.29856e-13	2.33945e-09	-0.000691632	-0.000691632	7.54944	-0.000660904	-4.08266e-17	3.59688e-13	-1.99738e-09	-1.99738e-09	-0.000660904	9.56312	
1.5152	0.00160328	1.41677	-0.000508047	-6.93823e-10	-6.93823e-10	-9.24219e-14	-7.58535e-18	-0.000508047	3.47067	-0.000461267	-0.000461267	1.00891e-09	1.02475e-13	-6.93823e-10	-0.000461267	5.5	-5.01212e-09	-0.000452331	-8.62769e-10	-6.93823e-10	-0.000461267	-5.01212e-09	5.5	-0.000452331	-8.62769e-10	-9.24219e-14	1.00891e-09	-0.000452331	-0.000452331	7.54944	-0.000438631	-7.58535e-18	1.02475e-13	-8.62769e-10	-8.62769e-10	-0.000438631	9.56312	
1.6162	0.00105383	1.41677	-0.000331791	-2.98185e-10	-2.98185e-10	-2.59991e-14	-1.41621e-18	-0.000331791	3.47067	-0.000304309	-0.000304309	4.3548e-10	2.93085e-14	-2.98185e-10	-0.000304309	5.5	-2.89545e-09	-0.000295952	-3.74005e-10	-2.98185e-10	-0.000304309	-2.89545e-09	5.5	-0.000295952	-3.74005e-10	-2.59991e-14	4.3548e-10	-0.000295952	-0.000295952	7.54944	-0.00029123	-1.41621e-18	2.93085e-14	-3.74005e-10	-3.74005e-10	-0.00029123	9.56312	
1.7172	0.000692732	1.41677	-0.000216683	-1.28333e-10	-1.28333e-10	-7.32242e-15	-2.64781e-19	-0.000216683	3.47067	-0.000200759	-0.000200759	1.8797e-10	8.3921e-15	-1.28333e-10	-0.000200759	5.5	-1.56585e-09	-0.000193635	-1.62323e-10	-1.28333e-10	-0.000200759	-1.56585e-09	5.5	-0.000193635	-1.62323e-10	-7.32242e-15	1.8797e-10	-0.000193635	-0.000193635	7.54944	-0.000193363	-2.64781e-19	8.3921e-15	-1.62323e-10	-1.62323e-10	-0.000193363	9.56312	
1.8182	0.000455396	1.41677	-0.00014151	-5.52661e-11	-5.52661e-11	-2.06335e-15	-4.95346e-20	-0.00014151	3.47067	-0.000132446	-0.000132446	8.11359e-11	2.40417e-15	-5.52661e-11	-0.000132446	5.5	-8.12357e-10	-0.000126692	-7.04866e-11	-5.52661e-11	-0.000132446	-8.12357e-10	5.5	-0.000126692	-7.04866e-11	-2.06335e-15	8.11359e-11	-0.000126692	-0.000126692	7.54944	-0.000128384	-4.95346e-20	2.40417e-15	-7.04866e-11	-7.04866e-11	-0.000128384	9.56312	
1.9192	0.000299394	1.41677	-9.24159e-05	-2.38064e-11	-2.38064e-11	-5.8155e-16	-9.26925e-21	-9.24159e-05	3.47067	-8.73775e-05	-8.73775e-05	3.50217e-11	6.88899e-16	-2.38064e-11	-8.73775e-05	5.5	-4.09577e-10	-8.2892e-05	-3.06149e-11	-2.38064e-11	-8.73775e-05	-4.09577e-10	5.5	-8.2892e-05	-3.06149e-11	-5.8155e-16	3.50217e-11	-8.2892e-05	-8.2892e-05	7.54944	-8.52405e-05	-9.26925e-21	6.88899e-16	-3.06149e-11	-3.06149e-11	-8.52405e-05	9.56312	
2.0202	0.000196847	1.41677	-6.03542e-05	-1.0256e-11	-1.0256e-11	-1.63924e-16	-1.73472e-21	-6.03542e-05	3.47067	-5.7645e-05	-5.7645e-05	1.51169e-11	1.97418e-16	-1.0256e-11	-5.7645e-05	5.5	-2.02238e-10	-5.42346e-05	-1.32984e-11	-1.0256e-11	-5.7645e-05	-2.02238e-10	5.5	-5.42346e-05	-1.32984e-11	-1.63924e-16	1.51169e-11	-5.42346e-05	-5.42346e-05	7.54944	-5.65956e-05	-1.73472e-21	1.97418e-16	-1.32984e-11	-1.32984e-11	-5.65956e-05	9.56312	
2.1212	0.000129433	1.41677	-3.94156e-05	-4.41861e-12	-4.41861e-12	-4.62078e-17	-3.24666e-22	-3.94156e-05	3.47067	-3.80297e-05	-3.80297e-05	6.52512e-12	5.65764e-17	-4.41861e-12	-3.80297e-05	5.5	-9.8284e-11	-3.54846e-05	-5.77679e-12	-4.41861e-12	-3.80297e-05	-9.8284e-11	5.5	-3.54846e-05	-5.77679e-12	-4.62078e-17	6.52512e-12	-3.54846e-05	-3.54846e-05	7.54944	-3.75768e-05	-3.24666e-22	5.65764e-17	-5.77679e-12	-5.77679e-12	-3.75768e-05	9.56312	
2.2222	8.51122e-05	1.41677	-2.57412e-05	-1.90371e-12	-1.90371e-12	-1.30255e-17	-6.07649e-23	-2.57412e-05	3.47067	-2.50891e-05	-2.50891e-05	2.81653e-12	1.62141e-17	-1.90371e-12	-2.50891e-05	5.5	-4.7169e-11	-2.32169e-05	-2.50946e-12	-1.90371e-12	-2.50891e-05	-4.7169e-11	5.5	-2.32169e-05	-2.50946e-12	-1.30255e-17	2.81653e-12	-2.32169e-05	-2.32169e-05	7.54944	-2.49492e-05	-6.07649e-23	1.62141e-17	-2.50946e-12	-2.50946e-12	-2.49492e-05	9.56312	
2.3232	5.59719e-05	1.41677	-1.68109e-05	-8.20202e-13	-8.20202e-13	-3.67181e-18	-1.1373e-23	-1.68109e-05	3.47067	-1.65519e-05	-1.65519e-05	1.21574e-12	4.64678e-18	-8.20202e-13	-1.65519e-05	5.5	-2.24089e-11	-1.51904e-05	-1.09013e-12	-8.20202e-13	-1.65519e-05	-2.24089e-11	5.5	-1.51904e-05	-1.09013e-12	-3.67181e-18	1.21574e-12	-1.51904e-05	-1.51904e-05	7.54944	-1.65651e-05	-1.1373e-23	4.64678e-18	-1.09013e-12	-1.09013e-12	-1.65651e-05	9.56312	
2.4242	3.68112e-05	1.41677	-1.09787e-05	-3.5338e-13	-3.5338e-13	-1.03506e-18	-2.12861e-24	-1.09787e-05	3.47067	-1.09196e-05	-1.09196e-05	5.24766e-13	1.33172e-18	-3.5338e-13	-1.09196e-05	5.5	-1.05567e-11	-9.93875e-06	-4.73564e-13	-3.5338e-13	-1.09196e-05	-1.05567e-11	5.5	-9.93875e-06	-4.73564e-13	-1.03506e-18	5.24766e-13	-9.93875e-06	-9.93875e-06	7.54944	-1.09984e-05	-2.12861e-24	1.33172e-18	-4.73564e-13	-4.73564e-13	-1.09984e-05	9.56312	
2.5253	2.42014e-05	1.41677	-7.16685e-06	-1.52125e-13	-1.52125e-13	-2.91411e-19	-3.97738e-25	-7.16685e-06	3.47067	-7.20098e-06	-7.20098e-06	2.26324e-13	3.81187e-19	-1.52125e-13	-7.20098e-06	5.5	-4.9339e-12	-6.5e-06	-2.05551e-13	-1.52125e-13	-7.20098e-06	-4.9339e-12	5.5	-6.5e-06	-2.05551e-13	-2.91411e-19	2.26324e-13	-6.5e-06	-6.5e-06	7.54944	-7.29946e-06	-3.97738e-25	3.81187e-19	-2.05551e-13	-2.05551e-13	-7.29946e-06	9.56312	
2.6263	1.59189e-05	1.41677	-4.68046e-06	-6.55427e-14	-6.55427e-14	-8.21472e-20	-7.44424e-26	-4.68046e-06	3.47067	-4.75065e-06	-4.75065e-06	9.76912e-14	1.09245e-19	-6.55427e-14	-4.75065e-06	5.5	-2.29314e-12	-4.25282e-06	-8.92937e-14	-6.55427e-14	-4.75065e-06	-2.29314e-12	5.5	-4.25282e-06	-8.92937e-14	-8.21472e-20	9.76912e-14	-4.25282e-06	-4.25282e-06	7.54944	-4.84649e-06	-7.44424e-26	1.09245e-19	-8.92937e-14	-8.92937e-14	-4.84649e-06	9.56312	
2.7273	1.04717e-05	1.41677	-3.05668e-06	-2.82388e-14	-2.82388e-14	-2.31568e-20	-1.3933e-26	-3.05668e-06	3.47067	-3.13411e-06	-3.13411e-06	4.21678e-14	3.13085e-20	-2.82388e-14	-3.13411e-06	5.5	-1.05946e-12	-2.78254e-06	-3.87901e-14	-2.82388e-14	-3.13411e-06	-1.05946e-12	5.5	-2.78254e-06	-3.87901e-14	-2.31568e-20	4.21678e-14	-2.78254e-06	-2.78254e-06	7.54944	-3.21784e-06	-1.3933e-26	3.13085e-20	-3.87901e-14	-3.87901e-14	-3.21784e-06	9.56312	
2.8283	6.88894e-06	1.41677	-1.99623e-06	-1.21666e-14	-1.21666e-14	-6.52778e-21	-2.60775e-27	-1.99623e-06	3.47067	-2.06765e-06	-2.06765e-06	1.82015e-14	8.97273e-21	-1.21666e-14	-2.06765e-06	5.5	-4.86427e-13	-1.82056e-06	-1.68509e-14	-1.21666e-14	-2.06765e-06	-4.86427e-13	5.5	-1.82056e-06	-1.68509e-14	-6.52778e-21	1.82015e-14	-1.82056e-06	-1.82056e-06	7.54944	-2.13649e-06	-2.60775e-27	8.97273e-21	-1.68509e-14	-1.68509e-14	-2.13649e-06	9.56312	
2.9293	4.53231e-06	1.41677	-1.30368e-06	-5.24194e-15	-5.24194e-15	-1.84015e-21	-4.88078e-28	-1.30368e-06	3.47067	-1.36408e-06	-1.36408e-06	7.85656e-15	2.5715e-21	-5.24194e-15	-1.36408e-06	5.5	-2.21569e-13	-1.19116e-06	-7.32019e-15	-5.24194e-15	-1.36408e-06	-2.21569e-13	5.5	-1.19116e-06	-7.32019e-15	-1.84015e-21	7.85656e-15	-1.19116e-06	-1.19116e-06	7.54944	-1.41853e-06	-4.88078e-28	2.5715e-21	-7.32019e-15	-7.32019e-15	-1.41853e-06	9.56312	
3.0303	2.98208e-06	1.41677	-8.51397e-07	-2.25847e-15	-2.25847e-15	-5.18727e-22	-9.13509e-29	-8.51397e-07	3.47067	-8.99912e-07	-8.99912e-07	3.39124e-15	7.3697e-22	-2.25847e-15	-8.99912e-07	5.5	-9.96789e-14	-7.79351e-07	-3.17997e-15	-2.25847e-15	-8.99912e-07	-9.96789e-14	5.5	-7.79351e-07	-3.17997e-15	-5.18727e-22	3.39124e-15	-7.79351e-07	-7.79351e-07	7.54944	-9.41835e-07	-9.13509e-29	7.3697e-22	-3.17997e-15	-3.17997e-15	-9.41835e-07	9.56312	
3.1313	1.96223e-06	1.41677	-5.56023e-07	-9.73054e-16	-9.73054e-16	-1.46226e-22	-1.70976e-29	-5.56023e-07	3.47067	-5.93693e-07	-5.93693e-07	1.46381e-15	2.11209e-22	-9.73054e-16	-5.93693e-07	5.5	-4.37963e-14	-5.09914e-07	-1.38141e-15	-9.73054e-16	-5.93693e-07	-4.37963e-14	5.5	-5.09914e-07	-1.38141e-15	-1.46226e-22	1.46381e-15	-5.09914e-07	-5.09914e-07	7.54944	-6.25333e-07	-1.70976e-29	2.11209e-22	-1.38141e-15	-1.38141e-15	-6.25333e-07	9.56312	
3.2323	1.29126e-06	1.41677	-3.63123e-07	-4.19237e-16	-4.19237e-16	-4.12203e-23	-3.20007e-30	-3.63123e-07	3.47067	-3.91673e-07	-3.91673e-07	6.31843e-16	6.05305e-23	-4.19237e-16	-3.91673e-07	5.5	-1.8262e-14	-3.33627e-07	-6.00101e-16	-4.19237e-16	-3.91673e-07	-1.8262e-14	5.5	-3.33627e-07	-6.00101e-16	-4.12203e-23	6.31843e-16	-3.33627e-07	-3.33627e-07	7.54944	-4.15191e-07	-3.20007e-30	6.05305e-23	-6.00101e-16	-6.00101e-16	-4.15191e-07	9.56312	
3.3333	8.49781e-07	1.41677	-2.37145e-07	-1.80627e-16	-1.80627e-16	-1.16198e-23	-5.98939e-31	-2.37145e-07	3.47067	-2.58396e-07	-2.58396e-07	2.72731e-16	1.73475e-23	-1.80627e-16	-2.58396e-07	5.5	-6.62963e-15	-2.18285e-07	-2.60691e-16	-1.80627e-16	-2.58396e-07	-6.62963e-15	5.5	-2.18285e-07	-2.60691e-16	-1.16198e-23	2.72731e-16	-2.18285e-07	-2.18285e-07	7.54944	-2.75667e-07	-5.98939e-31	1.73475e-23	-2.60691e-16	-2.60691e-16	-2.75667e-07	9.56312	
3.4343	5.59286e-07	1.41677	-1.54873e-07	-7.78224e-17	-7.78224e-17	-3.27555e-24	-1.121e-31	-1.54873e-07	3.47067	-1.7047e-07	-1.7047e-07	1.17723e-16	4.97164e-24	-7.78224e-17	-1.7047e-07	5.5	-1.34468e-15	-1.4282e-07	-1.13247e-16	-7.78224e-17	-1.7047e-07	-1.34468e-15	5.5	-1.4282e-07	-1.13247e-16	-3.27555e-24	1.17723e-16	-1.4282e-07	-1.4282e-07	7.54944	-1.8303e-07	-1.121e-31	4.97164e-24	-1.13247e-16	-1.13247e-16	-1.8303e-07	9.56312	
3.5354	3.6797e-07	1.41677	-1.011e-07	-3.35015e-17	-3.35015e-17	-9.22202e-25	-2.09463e-32	-1.011e-07	3.47067	-1.12417e-07	-1.12417e-07	5.07721e-17	1.42306e-24	-3.35015e-17	-1.12417e-07	5.5	1.05216e-15	-9.3405e-08	-4.91551e-17	-3.35015e-17	-1.12417e-07	1.05216e-15	5.5	-9.3405e-08	-4.91551e-17	-9.22202e-25	5.07721e-17	-9.3405e-08	-9.3405e-08	7.54944	-1.21474e-07	-2.09463e-32	1.42306e-24	-4.91551e-17	-4.91551e-17	-1.21474e-07	9.56312	
3.6364	2.42216e-07	1.41677	-6.60257e-08	-1.4434e-17	-1.4434e-17	-2.59964e-25	-3.92041e-33	-6.60257e-08	3.47067	-7.41638e-08	-7.41638e-08	2.19155e-17	4.07837e-25	-1.4434e-17	-7.41638e-08	5.5	2.13453e-15	-6.1113e-08	-2.13535e-17	-1.4434e-17	-7.41638e-08	2.13453e-15	5.5	-6.1113e-08	-2.13535e-17	-2.59964e-25	2.19155e-17	-6.1113e-08	-6.1113e-08	7.54944	-8.06528e-08	-3.92041e-33	4.07837e-25	-2.13535e-17	-2.13535e-17	-8.06528e-08	9.56312	
3.7374	1.59451e-07	1.41677	-4.31195e-08	-6.21885e-18	-6.21885e-18	-7.32823e-26	-7.33761e-34	-4.31195e-08	3.47067	-4.89276e-08	-4.89276e-08	9.45968e-18	1.16883e-25	-6.21885e-18	-4.89276e-08	5.5	2.62303e-15	-3.99851e-08	-9.27619e-18	-6.21885e-18	-4.89276e-08	2.62303e-15	5.5	-3.99851e-08	-9.27619e-18	-7.32823e-26	9.45968e-18	-3.99851e-08	-3.99851e-08	7.54944	-5.35496e-08	-7.33761e-34	1.16883e-25	-9.27619e-18	-9.27619e-18	-5.35496e-08	9.56312	
3.8384	1.04974e-07	1.41677	-2.81601e-08	-2.67937e-18	-2.67937e-18	-2.06579e-26	-1.37334e-34	-2.81601e-08	3.47067	-3.22787e-08	-3.22787e-08	4.08322e-18	3.34975e-26	-2.67937e-18	-3.22787e-08	5.5	2.8431e-15	-2.61614e-08	-4.02968e-18	-2.67937e-18	-3.22787e-08	2.8431e-15	5.5	-2.61614e-08	-4.02968e-18	-2.06579e-26	4.08322e-18	-2.61614e-08	-2.61614e-08	7.54944	-3.55543e-08	-1.37334e-34	3.34975e-26	-4.02968e-18	-4.02968e-18	-3.55543e-08	9.56312	
3.9394	6.91145e-08	1.41677	-1.83906e-08	-1.1544e-18	-1.1544e-18	-5.82334e-27	-2.5704e-35	-1.83906e-08	3.47067	-2.1295e-08	-2.1295e-08	1.7625e-18	9.60007e-27	-1.1544e-18	-2.1295e-08	5.5	2.94207e-15	-1.71169e-08	-1.75054e-18	-1.1544e-18	-2.1295e-08	2.94207e-15	5.5	-1.71169e-08	-1.75054e-18	-5.82334e-27	1.7625e-18	-1.71169e-08	-1.71169e-08	7.54944	-2.36064e-08	-2.5704e-35	9.60007e-27	-1.75054e-18	-1.75054e-18	-2.36064e-08	9.56312	
4.0404	4.55081e-08	1.41677	-1.20104e-08	-4.97368e-19	-4.97368e-19	-1.64157e-27	-4.81088e-36	-1.20104e-08	3.47067	-1.40488e-08	-1.40488e-08	7.6077e-19	2.75129e-27	-4.97368e-19	-1.40488e-08	5.5	2.98651e-15	-1.11993e-08	-7.60452e-19	-4.97368e-19	-1.40488e-08	2.98651e-15	5.5	-1.11993e-08	-7.60452e-19	-1.64157e-27	7.6077e-19	-1.11993e-08	-1.11993e-08	7.54944	-1.56735e-08	-4.81088e-36	2.75129e-27	-7.60452e-19	-7.60452e-19	-1.56735e-08	9.56312	
4.1414	2.99668e-08	1.41677	-7.84363e-09	-2.14289e-19	-2.14289e-19	-4.62748e-28	-9.00425e-37	-7.84363e-09	3.47067	-9.26832e-09	-9.26832e-09	3.28382e-19	7.88496e-28	-2.14289e-19	-9.26832e-09	5.5	3.00644e-15	-7.32746e-09	-3.30348e-19	-2.14289e-19	-9.26832e-09	3.00644e-15	5.5	-7.32746e-09	-3.30348e-19	-4.62748e-28	3.28382e-19	-7.32746e-09	-7.32746e-09	7.54944	-1.04065e-08	-9.00425e-37	7.88496e-28	-3.30348e-19	-3.30348e-19	-1.04065e-08	9.56312	
4.2424	1.97344e-08	1.41677	-5.12245e-09	-9.23257e-20	-9.23257e-20	-1.30446e-28	-1.68528e-37	-5.12245e-09	3.47067	-6.11452e-09	-6.11452e-09	1.41744e-19	2.25976e-28	-9.23257e-20	-6.11452e-09	5.5	3.01536e-15	-4.79421e-09	-1.43507e-19	-9.23257e-20	-6.11452e-09	3.01536e-15	5.5	-4.79421e-09	-1.43507e-19	-1.30446e-28	1.41744e-19	-4.79421e-09	-4.79421e-09	7.54944	-6.90939e-09	-1.68528e-37	2.25976e-28	-1.43507e-19	-1.43507e-19	-6.90939e-09	9.56312	
4.3434	1.29969e-08	1.41677	-3.34533e-09	-3.97782e-20	-3.97782e-20	-3.6772e-29	-3.15424e-38	-3.34533e-09	3.47067	-4.03389e-09	-4.03389e-09	6.1183e-20	6.47626e-29	-3.97782e-20	-4.03389e-09	5.5	3.01935e-15	-3.13676e-09	-6.2341e-20	-3.97782e-20	-4.03389e-09	3.01935e-15	5.5	-3.13676e-09	-6.2341e-20	-3.6772e-29	6.1183e-20	-3.13676e-09	-3.13676e-09	7.54944	-4.58751e-09	-3.15424e-38	6.47626e-29	-6.2341e-20	-6.2341e-20	-4.58751e-09	9.56312	
4.4444	8.56026e-09	1.41677	-2.18474e-09	-1.71383e-20	-1.71383e-20	-1.03658e-29	-5.9036e-39	-2.18474e-09	3.47067	-2.66125e-09	-2.66125e-09	2.64093e-20	1.85604e-29	-1.71383e-20	-2.66125e-09	5.5	3.02113e-15	-2.05232e-09	-2.70816e-20	-1.71383e-20	-2.66125e-09	3.02113e-15	5.5	-2.05232e-09	-2.70816e-20	-1.03658e-29	2.64093e-20	-2.05232e-09	-2.05232e-09	7.54944	-3.04588e-09	-5.9036e-39	1.85604e-29	-2.70816e-20	-2.70816e-20	-3.04588e-09	9.56312	
4.5455	5.63622e-09	1.41677	-1.42619e-09	-7.37782e-21	-7.37782e-21	-2.91841e-30	-1.10311e-39	-1.42619e-09	3.47067	-1.75497e-09	-1.75497e-09	1.13899e-20	5.31266e-30	-7.37782e-21	-1.75497e-09	5.5	3.02193e-15	-1.34223e-09	-1.17548e-20	-7.37782e-21	-1.75497e-09	3.02193e-15	5.5	-1.34223e-09	-1.17548e-20	-2.91841e-30	1.13899e-20	-1.34223e-09	-1.34223e-09	7.54944	-2.0215e-09	-1.10311e-39	5.31266e-30	-1.17548e-20	-1.17548e-20	-2.0215e-09	9.56312	
4.6465	3.71278e-09	1.41677	-9.31403e-10	-3.17871e-21	-3.17871e-21	-8.22683e-31	-2.06463e-40	-9.31403e-10	3.47067	-1.15779e-09	-1.15779e-09	4.91639e-21	1.52256e-30	-3.17871e-21	-1.15779e-09	5.5	3.02228e-15	-8.78194e-10	-5.10643e-21	-3.17871e-21	-1.15779e-09	3.02228e-15	5.5	-8.78194e-10	-5.10643e-21	-8.22683e-31	4.91639e-21	-8.78194e-10	-8.78194e-10	7.54944	-1.34218e-09	-2.06463e-40	1.52256e-30	-5.10643e-21	-5.10643e-21	-1.34218e-09	9.56312	
4.7475	2.44593e-09	1.41677	-6.08273e-10	-1.36954e-21	-1.36954e-21	-2.3191e-31	-3.86426e-41	-6.08273e-10	3.47067	-7.63823e-10	-7.63823e-10	2.12213e-21	4.36352e-31	-1.36954e-21	-7.63823e-10	5.5	3.02244e-15	-5.74585e-10	-2.21829e-21	-1.36954e-21	-7.63823e-10	3.02244e-15	5.5	-5.74585e-10	-2.21829e-21	-2.3191e-31	2.12213e-21	-5.74585e-10	-5.74585e-10	7.54944	-8.91143e-10	-3.86426e-41	4.36352e-31	-2.21829e-21	-2.21829e-21	-8.91143e-10	9.56312	
4.8485	1.61146e-09	1.41677	-3.97246e-10	-5.90059e-22	-5.90059e-22	-6.53741e-32	-7.23252e-42	-3.97246e-10	3.47067	-5.03912e-10	-5.03912e-10	9.16005e-22	1.25054e-31	-5.90059e-22	-5.03912e-10	5.5	3.02251e-15	-3.7594e-10	-9.63648e-22	-5.90059e-22	-5.03912e-10	3.02251e-15	5.5	-3.7594e-10	-9.63648e-22	-6.53741e-32	9.16005e-22	-3.7594e-10	-3.7594e-10	7.54944	-5.91677e-10	-7.23252e-42	1.25054e-31	-9.63648e-22	-9.63648e-22	-5.91677e-10	9.56312	
4.9495	1.06176e-09	1.41677	-2.5943e-10	-2.54225e-22	-2.54225e-22	-1.84286e-32	-1.35367e-42	-2.5943e-10	3.47067	-3.32442e-10	-3.32442e-10	3.95388e-22	3.58395e-32	-2.54225e-22	-3.32442e-10	5.5	3.02254e-15	-2.4597e-10	-4.18619e-22	-2.54225e-22	-3.32442e-10	3.02254e-15	5.5	-2.4597e-10	-4.18619e-22	-1.84286e-32	3.95388e-22	-2.4597e-10	-2.4597e-10	7.54944	-3.92845e-10	-1.35367e-42	3.58395e-32	-4.18619e-22	-4.18619e-22	-3.92845e-10	9.56312	
5.0505	6.99627e-10	1.41677	-1.69426e-10	-1.09532e-22	-1.09532e-22	-5.19491e-33	-2.53359e-43	-1.69426e-10	3.47067	-2.1932e-10	-2.1932e-10	1.70667e-22	1.02713e-32	-1.09532e-22	-2.1932e-10	5.5	3.02256e-15	-1.60933e-10	-1.81853e-22	-1.09532e-22	-2.1932e-10	3.02256e-15	5.5	-1.60933e-10	-1.81853e-22	-5.19491e-33	1.70667e-22	-1.60933e-10	-1.60933e-10	7.54944	-2.6083e-10	-2.53359e-43	1.02713e-32	-1.81853e-22	-1.81853e-22	-2.6083e-10	9.56312	
5.1515	4.61039e-10	1.41677	-1.10647e-10	-4.71915e-23	-4.71915e-23	-1.46442e-33	-4.74197e-44	-1.10647e-10	3.47067	-1.4469e-10	-1.4469e-10	7.36673e-23	2.94365e-33	-4.71915e-23	-1.4469e-10	5.5	3.02256e-15	-1.05296e-10	-7.89988e-23	-4.71915e-23	-1.4469e-10	3.02256e-15	5.5	-1.05296e-10	-7.89988e-23	-1.46442e-33	7.36673e-23	-1.05296e-10	-1.05296e-10	7.54944	-1.73179e-10	-4.74197e-44	2.94365e-33	-7.89988e-23	-7.89988e-23	-1.73179e-10	9.56312	
5.2525	3.03837e-10	1.41677	-7.22607e-11	-2.03323e-23	-2.03323e-23	-4.12811e-34	-8.87529e-45	-7.22607e-11	3.47067	-9.54556e-11	-9.54556e-11	3.1798e-23	8.43624e-34	-2.03323e-23	-9.54556e-11	5.5	3.02257e-15	-6.88928e-11	-3.43179e-23	-2.03323e-23	-9.54556e-11	3.02257e-15	5.5	-6.88928e-11	-3.43179e-23	-4.12811e-34	3.1798e-23	-6.88928e-11	-6.88928e-11	7.54944	-1.14982e-10	-8.87529e-45	8.43624e-34	-3.43179e-23	-3.43179e-23	-1.14982e-10	9.56312	
5.3535	2.00252e-10	1.41677	-4.71914e-11	-8.76009e-24	-8.76009e-24	-1.16369e-34	-1.66114e-45	-4.71914e-11	3.47067	-6.29743e-11	-6.29743e-11	1.37254e-23	2.41775e-34	-8.76009e-24	-6.29743e-11	5.5	3.02257e-15	-4.50752e-11	-1.49081e-23	-8.76009e-24	-6.29743e-11	3.02257e-15	5.5	-4.50752e-11	-1.49081e-23	-1.16369e-34	1.37254e-23	-4.50752e-11	-4.50752e-11	7.54944	-7.63428e-11	-1.66114e-45	2.41775e-34	-1.49081e-23	-1.49081e-23	-7.63428e-11	9.56312	
5.4545	1.3199e-10	1.41677	-3.08194e-11	-3.77425e-24	-3.77425e-24	-3.28038e-35	-3.10906e-46	-3.08194e-11	3.47067	-4.15456e-11	-4.15456e-11	5.9245e-24	6.92905e-35	-3.77425e-24	-4.15456e-11	5.5	3.02257e-15	-2.94918e-11	-6.47623e-24	-3.77425e-24	-4.15456e-11	3.02257e-15	5.5	-2.94918e-11	-6.47623e-24	-3.28038e-35	5.9245e-24	-2.94918e-11	-2.94918e-11	7.54944	-5.0688e-11	-3.10906e-46	6.92905e-35	-6.47623e-24	-6.47623e-24	-5.0688e-11	9.56312	
5.5556	8.69682e-11	1.41677	-2.01188e-11	-1.62477e-24	-1.62477e-24	-9.23562e-36	-5.8094e-47	-2.01188e-11	3.47067	-2.73973e-11	-2.73973e-11	2.55515e-24	1.98335e-35	-1.62477e-24	-2.73973e-11	5.5	3.02257e-15	-1.92878e-11	-2.81102e-24	-1.62477e-24	-2.73973e-11	3.02257e-15	5.5	-1.92878e-11	-2.81102e-24	-9.23562e-36	2.55515e-24	-1.92878e-11	-1.92878e-11	7.54944	-3.36408e-11	-5.8094e-47	1.98335e-35	-2.81102e-24	-2.81102e-24	-3.36408e-11	9.56312	
5.6566	5.7331e-11	1.41677	-1.3139e-11	-7.00026e-25	-7.00026e-25	-2.60347e-36	-1.08731e-47	-1.3139e-11	3.47067	-1.80746e-11	-1.80746e-11	1.10291e-24	5.6841e-36	-7.00026e-25	-1.80746e-11	5.5	3.02257e-15	-1.26196e-11	-1.22114e-24	-7.00026e-25	-1.80746e-11	3.02257e-15	5.5	-1.26196e-11	-1.22114e-24	-2.60347e-36	1.10291e-24	-1.26196e-11	-1.26196e-11	7.54944	-2.23359e-11	-1.08731e-47	5.6841e-36	-1.22114e-24	-1.22114e-24	-2.23359e-11	9.56312	
5.7576	3.77963e-11	1.41677	-8.58071e-12	-3.01604e-25	-3.01604e-25	-7.33904e-37	-2.03506e-48	-8.58071e-12	3.47067	-1.19243e-11	-1.19243e-11	4.76066e-25	1.62901e-36	-3.01604e-25	-1.19243e-11	5.5	3.02257e-15	-8.25679e-12	-5.30476e-25	-3.01604e-25	-1.19243e-11	3.02257e-15	5.5	-8.25679e-12	-5.30476e-25	-7.33904e-37	4.76066e-25	-8.25679e-12	-8.25679e-12	7.54944	-1.48299e-11	-2.03506e-48	1.62901e-36	-5.30476e-25	-5.30476e-25	-1.48299e-11	9.56312	
5.8586	2.49196e-11	1.41677	-5.60381e-12	-1.29945e-25	-1.29945e-25	-2.06883e-37	-3.80891e-49	-5.60381e-12	3.47067	-7.86671e-12	-7.86671e-12	2.05491e-25	4.6686e-37	-1.29945e-25	-7.86671e-12	5.5	3.02257e-15	-5.40225e-12	-2.30445e-25	-1.29945e-25	-7.86671e-12	3.02257e-15	5.5	-5.40225e-12	-2.30445e-25	-2.06883e-37	2.05491e-25	-5.40225e-12	-5.40225e-12	7.54944	-9.84637e-12	-3.80891e-49	4.6686e-37	-2.30445e-25	-2.30445e-25	-9.84637e-12	9.56312	
5.9596	1.6431e-11	1.41677	-3.65969e-12	-5.59863e-26	-5.59863e-26	-5.83192e-38	-7.12893e-50	-3.65969e-12	3.47067	-5.18985e-12	-5.18985e-12	8.8699e-26	1.33798e-37	-5.59863e-26	-5.18985e-12	5.5	3.02257e-15	-3.53459e-12	-1.00108e-25	-5.59863e-26	-5.18985e-12	3.02257e-15	5.5	-3.53459e-12	-1.00108e-25	-5.83192e-38	8.8699e-26	-3.53459e-12	-3.53459e-12	7.54944	-6.53752e-12	-7.12893e-50	1.33798e-37	-1.00108e-25	-1.00108e-25	-6.53752e-12	9.56312	
6.0606	1.08347e-11	1.41677	-2.39004e-12	-2.41215e-26	-2.41215e-26	-1.64399e-38	-1.33428e-50	-2.39004e-12	3.47067	-3.42387e-12	-3.42387e-12	3.82864e-26	3.83452e-38	-2.41215e-26	-3.42387e-12	5.5	3.02257e-15	-2.31261e-12	-4.34879e-26	-2.41215e-26	-3.42387e-12	3.02257e-15	5.5	-2.31261e-12	-4.34879e-26	-1.64399e-38	3.82864e-26	-2.31261e-12	-2.31261e-12	7.54944	-4.3406e-12	-1.33428e-50	3.83452e-38	-4.34879e-26	-4.34879e-26	-4.3406e-12	9.56312	
6.1616	7.14497e-12	1.41677	-1.56087e-12	-1.03927e-26	-1.03927e-26	-4.63431e-39	-2.4973e-51	-1.56087e-12	3.47067	-2.2588e-12	-2.2588e-12	1.65261e-26	1.09894e-38	-1.03927e-26	-2.2588e-12	5.5	3.02257e-15	-1.5131e-12	-1.88916e-26	-1.03927e-26	-2.2588e-12	3.02257e-15	5.5	-1.5131e-12	-1.88916e-26	-4.63431e-39	1.65261e-26	-1.5131e-12	-1.5131e-12	7.54944	-2.88195e-12	-2.4973e-51	1.09894e-38	-1.88916e-26	-1.88916e-26	-2.88195e-12	9.56312	
6.2626	4.7121e-12	1.41677	-1.01936e-12	-4.47764e-27	-4.47764e-27	-1.30639e-39	-4.67406e-52	-1.01936e-12	3.47067	-1.49019e-12	-1.49019e-12	7.13339e-27	3.14946e-39	-4.47764e-27	-1.49019e-12	5.5	3.02257e-15	-9.89989e-13	-8.20672e-27	-4.47764e-27	-1.49019e-12	3.02257e-15	5.5	-9.89989e-13	-8.20672e-27	-1.30639e-39	7.13339e-27	-9.89989e-13	-9.89989e-13	7.54944	-1.91348e-12	-4.67406e-52	3.14946e-39	-8.20672e-27	-8.20672e-27	-1.91348e-12	9.56312	
6.3636	3.10785e-12	1.41677	-6.65714e-13	-1.92918e-27	-1.92918e-27	-3.68263e-40	-8.74817e-53	-6.65714e-13	3.47067	-9.8311e-13	-9.8311e-13	3.07908e-27	9.02607e-40	-1.92918e-27	-9.8311e-13	5.5	3.02257e-15	-6.47731e-13	-3.56509e-27	-1.92918e-27	-9.8311e-13	3.02257e-15	5.5	-6.47731e-13	-3.56509e-27	-3.68263e-40	3.07908e-27	-6.47731e-13	-6.47731e-13	7.54944	-1.27046e-12	-8.74817e-53	9.02607e-40	-3.56509e-27	-3.56509e-27	-1.27046e-12	9.56312	
6.4646	2.04992e-12	1.41677	-4.34759e-13	-8.31179e-28	-8.31179e-28	-1.03811e-40	-1.63735e-53	-4.34759e-13	3.47067	-6.48581e-13	-6.48581e-13	1.32907e-27	2.58679e-40	-8.31179e-28	-6.48581e-13	5.5	3.02257e-15	-4.23797e-13	-1.54871e-27	-8.31179e-28	-6.48581e-13	3.02257e-15	5.5	-4.23797e-13	-1.54871e-27	-1.03811e-40	1.32907e-27	-4.23797e-13	-4.23797e-13	7.54944	-8.43523e-13	-1.63735e-53	2.58679e-40	-1.54871e-27	-1.54871e-27	-8.43523e-13	9.56312	
6.5657	1.35165e-12	1.41677	-2.83809e-13	-3.57812e-28	-3.57812e-28	-2.92271e-41	-3.05945e-54	-2.83809e-13	3.47067	-4.27708e-13	-4.27708e-13	5.73207e-28	7.40433e-41	-3.57812e-28	-4.27708e-13	5.5	3.02257e-15	-2.77166e-13	-6.72222e-28	-3.57812e-28	-4.27708e-13	3.02257e-15	5.5	-2.77166e-13	-6.72222e-28	-2.92271e-41	5.73207e-28	-2.77166e-13	-2.77166e-13	7.54944	-5.59832e-13	-3.05945e-54	7.40433e-41	-6.72222e-28	-6.72222e-28	-5.59832e-13	9.56312	
6.6667	8.91666e-13	1.41677	-1.85347e-13	-1.54162e-28	-1.54162e-28	-8.23896e-42	-5.7262e-55	-1.85347e-13	3.47067	-2.82169e-13	-2.82169e-13	2.47421e-28	2.12202e-41	-1.54162e-28	-2.82169e-13	5.5	3.02257e-15	-1.81344e-13	-2.92021e-28	-1.54162e-28	-2.82169e-13	3.02257e-15	5.5	-1.81344e-13	-2.92021e-28	-8.23896e-42	2.47421e-28	-1.81344e-13	-1.81344e-13	7.54944	-3.71701e-13	-5.7262e-55	2.12202e-41	-2.92021e-28	-2.92021e-28	-3.71701e-13	9.56312	
6.7677	5.88267e-13	1.41677	-1.21045e-13	-6.64202e-29	-6.64202e-29	-2.32252e-42	-1.07174e-55	-1.21045e-13	3.47067	-1.86153e-13	-1.86153e-13	1.06798e-28	6.0815e-42	-6.64202e-29	-1.86153e-13	5.5	3.02257e-15	-1.1865e-13	-1.26857e-28	-6.64202e-29	-1.86153e-13	3.02257e-15	5.5	-1.1865e-13	-1.26857e-28	-2.32252e-42	1.06798e-28	-1.1865e-13	-1.1865e-13	7.54944	-2.46792e-13	-1.07174e-55	6.0815e-42	-1.26857e-28	-1.26857e-28	-2.46792e-13	9.56312	
6.8687	3.88137e-13	1.41677	-7.90512e-14	-2.86169e-29	-2.86169e-29	-6.54705e-43	-2.00592e-56	-7.90512e-14	3.47067	-1.2281e-13	-1.2281e-13	4.60987e-29	1.7429e-42	-2.86169e-29	-1.2281e-13	5.5	3.02257e-15	-7.76303e-14	-5.5108e-29	-2.86169e-29	-1.2281e-13	3.02257e-15	5.5	-7.76303e-14	-5.5108e-29	-6.54705e-43	4.60987e-29	-7.76303e-14	-7.76303e-14	7.54944	-1.63858e-13	-2.00592e-56	1.7429e-42	-5.5108e-29	-5.5108e-29	-1.63858e-13	9.56312	
6.9697	2.5612e-13	1.41677	-5.16261e-14	-1.23295e-29	-1.23295e-29	-1.84558e-43	-3.75436e-57	-5.16261e-14	3.47067	-8.10203e-14	-8.10203e-14	1.98982e-29	4.995e-43	-1.23295e-29	-8.10203e-14	5.5	3.02257e-15	-5.0792e-14	-2.39395e-29	-1.23295e-29	-8.10203e-14	3.02257e-15	5.5	-5.0792e-14	-2.39395e-29	-1.84558e-43	1.98982e-29	-5.0792e-14	-5.0792e-14	7.54944	-1.08794e-13	-3.75436e-57	4.995e-43	-2.39395e-29	-2.39395e-29	-1.08794e-13	9.56312	
7.0707	1.69035e-13	1.41677	-3.37155e-14	-5.31212e-30	-5.31212e-30	-5.20257e-44	-7.02683e-58	-3.37155e-14	3.47067	-5.3451e-14	-5.3451e-14	8.58895e-30	1.43152e-43	-5.31212e-30	-5.3451e-14	5.5	3.02257e-15	-3.32322e-14	-1.03996e-29	-5.31212e-30	-5.3451e-14	3.02257e-15	5.5	-3.32322e-14	-1.03996e-29	-5.20257e-44	8.58895e-30	-3.32322e-14	-3.32322e-14	7.54944	-7.22339e-14	-7.02683e-58	1.43152e-43	-1.03996e-29	-1.03996e-29	-7.22339e-14	9.56312	
7.1717	1.11594e-13	1.41677	-2.20186e-14	-2.28871e-30	-2.28871e-30	-1.46658e-44	-1.31517e-58	-2.20186e-14	3.47067	-3.52629e-14	-3.52629e-14	3.70737e-30	4.10262e-44	-2.28871e-30	-3.52629e-14	5.5	3.02257e-15	-2.17432e-14	-4.5177e-30	-2.28871e-30	-3.52629e-14	3.02257e-15	5.5	-2.17432e-14	-4.5177e-30	-1.46658e-44	3.70737e-30	-2.17432e-14	-2.17432e-14	7.54944	-4.79599e-14	-1.31517e-58	4.10262e-44	-4.5177e-30	-4.5177e-30	-4.79599e-14	9.56312	
7.2727	7.37165e-14	1.41677	-1.43797e-14	-9.86081e-31	-9.86081e-31	-4.1342e-45	-2.46153e-59	-1.43797e-14	3.47067	-2.32637e-14	-2.32637e-14	1.60026e-30	1.17577e-44	-9.86081e-31	-2.32637e-14	5.5	3.02257e-15	-1.42261e-14	-1.96254e-30	-9.86081e-31	-2.32637e-14	3.02257e-15	5.5	-1.42261e-14	-1.96254e-30	-4.1342e-45	1.60026e-30	-1.42261e-14	-1.42261e-14	7.54944	-3.18431e-14	-2.46153e-59	1.17577e-44	-1.96254e-30	-1.96254e-30	-3.18431e-14	9.56312	
7.3737	4.87585e-14	1.41677	-9.391e-15	-4.2485e-31	-4.2485e-31	-1.16541e-45	-4.60711e-60	-9.391e-15	3.47067	-1.53476e-14	-1.53476e-14	6.90744e-31	3.36966e-45	-4.2485e-31	-1.53476e-14	5.5	3.02257e-15	-9.30789e-15	-8.52547e-31	-4.2485e-31	-1.53476e-14	3.02257e-15	5.5	-9.30789e-15	-8.52547e-31	-1.16541e-45	6.90744e-31	-9.30789e-15	-9.30789e-15	7.54944	-2.11423e-14	-4.60711e-60	3.36966e-45	-8.52547e-31	-8.52547e-31	-2.11423e-14	9.56312	
7.4747	3.23423e-14	1.41677	-6.133e-15	-1.83045e-31	-1.83045e-31	-3.28522e-46	-8.62288e-61	-6.133e-15	3.47067	-1.01252e-14	-1.01252e-14	2.98155e-31	9.65713e-46	-1.83045e-31	-1.01252e-14	5.5	3.02257e-15	-6.08997e-15	-3.70356e-31	-1.83045e-31	-1.01252e-14	3.02257e-15	5.5	-6.08997e-15	-3.70356e-31	-3.28522e-46	2.98155e-31	-6.08997e-15	-6.08997e-15	7.54944	-1.40375e-14	-8.62288e-61	9.65713e-46	-3.70356e-31	-3.70356e-31	-1.40375e-14	9.56312	
7.5758	2.15802e-14	1.41677	-4.0036e-15	-7.87985e-32	-7.87985e-32	-9.24924e-47	-1.61122e-61	-4.0036e-15	3.47067	-6.67707e-15	-6.67707e-15	1.2859e-31	2.76422e-46	-7.87985e-32	-6.67707e-15	5.5	3.02257e-15	-3.98287e-15	-1.60754e-31	-7.87985e-32	-6.67707e-15	3.02257e-15	5.5	-3.98287e-15	-1.60754e-31	-9.24924e-47	1.2859e-31	-3.98287e-15	-3.98287e-15	7.54944	-9.31642e-15	-1.61122e-61	2.76422e-46	-1.60754e-31	-1.60754e-31	-9.31642e-15	9.56312	
7.6768	1.4603e-14	1.41677	-2.61464e-15	-3.39501e-32	-3.39501e-32	-2.60731e-47	-3.01563e-62	-2.61464e-15	3.47067	-4.40502e-15	-4.40502e-15	5.55051e-32	7.92201e-47	-3.39501e-32	-4.40502e-15	5.5	3.02257e-15	-2.60592e-15	-6.98332e-32	-3.39501e-32	-4.40502e-15	3.02257e-15	5.5	-2.60592e-15	-6.98332e-32	-2.60731e-47	5.55051e-32	-2.60592e-15	-2.60592e-15	7.54944	-6.18566e-15	-3.01563e-62	7.92201e-47	-6.98332e-32	-6.98332e-32	-6.18566e-15	9.56312	
7.7778	1.01611e-14	1.41677	-1.70754e-15	-1.46273e-32	-1.46273e-32	-7.34986e-48	-5.64418e-63	-1.70754e-15	3.47067	-2.90609e-15	-2.90609e-15	2.39584e-32	2.27038e-47	-1.46273e-32	-2.90609e-15	5.5	3.02257e-15	-1.705e-15	-3.03363e-32	-1.46273e-32	-2.90609e-15	3.02257e-15	5.5	-1.705e-15	-3.03363e-32	-7.34986e-48	2.39584e-32	-1.705e-15	-1.705e-15	7.54944	-4.10698e-15	-5.64418e-63	2.27038e-47	-3.03363e-32	-3.03363e-32	-4.10698e-15	9.56312	
7.8788	7.43713e-15	1.41677	-1.11515e-15	-6.30211e-33	-6.30211e-33	-2.07188e-48	-1.05639e-63	-1.11515e-15	3.47067	-1.91722e-15	-1.91722e-15	1.03415e-32	6.5067e-48	-6.30211e-33	-1.91722e-15	5.5	3.02257e-15	-1.11555e-15	-1.31784e-32	-6.30211e-33	-1.91722e-15	3.02257e-15	5.5	-1.11555e-15	-1.31784e-32	-2.07188e-48	1.03415e-32	-1.11555e-15	-1.11555e-15	7.54944	-2.72684e-15	-1.05639e-63	6.5067e-48	-1.31784e-32	-1.31784e-32	-2.72684e-15	9.56312	
7.9798	5.86672e-15	1.41677	-7.28272e-16	-2.71524e-33	-2.71524e-33	-5.84052e-49	-1.97719e-64	-7.28272e-16	3.47067	-1.26483e-15	-1.26483e-15	4.46385e-33	1.86476e-48	-2.71524e-33	-1.26483e-15	5.5	3.02257e-15	-7.29881e-16	-5.72485e-33	-2.71524e-33	-1.26483e-15	3.02257e-15	5.5	-7.29881e-16	-5.72485e-33	-5.84052e-49	4.46385e-33	-7.29881e-16	-7.29881e-16	7.54944	-1.81049e-15	-1.97719e-64	1.86476e-48	-5.72485e-33	-5.72485e-33	-1.81049e-15	9.56312	
8.0808	5.03106e-15	1.41677	-4.75614e-16	-1.16985e-33	-1.16985e-33	-1.64641e-49	-3.70059e-65	-4.75614e-16	3.47067	-8.34439e-16	-8.34439e-16	1.9268e-33	5.34423e-49	-1.16985e-33	-8.34439e-16	5.5	3.02257e-15	-4.77547e-16	-2.48694e-33	-1.16985e-33	-8.34439e-16	3.02257e-15	5.5	-4.77547e-16	-2.48694e-33	-1.64641e-49	1.9268e-33	-4.77547e-16	-4.77547e-16	7.54944	-1.20208e-15	-3.70059e-65	5.34423e-49	-2.48694e-33	-2.48694e-33	-1.20208e-15	9.56312	
8.1818	4.61968e-15	1.41677	-3.1061e-16	-5.04027e-34	-5.04027e-34	-4.64114e-50	-6.92618e-66	-3.1061e-16	3.47067	-5.50499e-16	-5.50499e-16	8.3169e-34	1.53161e-49	-5.04027e-34	-5.50499e-16	5.5	3.02257e-15	-3.12449e-16	-1.08035e-33	-5.04027e-34	-5.50499e-16	3.02257e-15	5.5	-3.12449e-16	-1.08035e-33	-4.64114e-50	8.3169e-34	-3.12449e-16	-3.12449e-16	7.54944	-7.98123e-16	-6.92618e-66	1.53161e-49	-1.08035e-33	-1.08035e-33	-7.98123e-16	9.56312	
8.2828	4.42837e-15	1.41677	-2.0285e-16	-2.17158e-34	-2.17158e-34	-1.30831e-50	-1.29634e-66	-2.0285e-16	3.47067	-3.63177e-16	-3.63177e-16	3.58994e-34	4.38945e-50	-2.17158e-34	-3.63177e-16	5.5	3.02257e-15	-2.0443e-16	-4.69317e-34	-2.17158e-34	-3.63177e-16	3.02257e-15	5.5	-2.0443e-16	-4.69317e-34	-1.30831e-50	3.58994e-34	-2.0443e-16	-2.0443e-16	7.54944	-5.29915e-16	-1.29634e-66	4.38945e-50	-4.69317e-34	-4.69317e-34	-5.29915e-16	9.56312	
8.3838	4.34231e-15	1.41677	-1.32476e-16	-9.35618e-35	-9.35618e-35	-3.68806e-51	-2.42628e-67	-1.32476e-16	3.47067	-2.39596e-16	-2.39596e-16	1.54958e-34	1.25798e-50	-9.35618e-35	-2.39596e-16	5.5	3.02257e-15	-1.33754e-16	-2.03876e-34	-9.35618e-35	-2.39596e-16	3.02257e-15	5.5	-1.33754e-16	-2.03876e-34	-3.68806e-51	1.54958e-34	-1.33754e-16	-1.33754e-16	7.54944	-3.51838e-16	-2.42628e-67	1.25798e-50	-2.03876e-34	-2.03876e-34	-3.51838e-16	9.56312	
8.4848	4.30424e-15	1.41677	-8.65162e-17	-4.03108e-35	-4.03108e-35	-1.03964e-51	-4.54113e-68	-8.65162e-17	3.47067	-1.58067e-16	-1.58067e-16	6.68865e-35	3.60525e-51	-4.03108e-35	-1.58067e-16	5.5	3.02257e-15	-8.75128e-17	-8.85661e-35	-4.03108e-35	-1.58067e-16	3.02257e-15	5.5	-8.75128e-17	-8.85661e-35	-1.03964e-51	6.68865e-35	-8.75128e-17	-8.75128e-17	7.54944	-2.33604e-16	-4.54113e-68	3.60525e-51	-8.85661e-35	-8.85661e-35	-2.33604e-16	9.56312	
8.5859	4.28752e-15	1.41677	-5.64774e-17	-1.73533e-35	-1.73533e-35	-2.92702e-52	-8.48528e-69	-5.64774e-17	3.47067	-1.04238e-16	-1.04238e-16	2.88471e-35	1.03195e-51	-1.73533e-35	-1.04238e-16	5.5	3.02257e-15	-5.72339e-17	-3.84423e-35	-1.73533e-35	-1.04238e-16	3.02257e-15	5.5	-5.72339e-17	-3.84423e-35	-2.92702e-52	2.88471e-35	-5.72339e-17	-5.72339e-17	7.54944	-1.55039e-16	-8.48528e-69	1.03195e-51	-3.84423e-35	-3.84423e-35	-1.55039e-16	9.56312	
8.6869	4.28022e-15	1.41677	-3.68838e-17	-7.4766e-36	-7.4766e-36	-8.25111e-53	-1.58814e-69	-3.68838e-17	3.47067	-6.8768e-17	-6.8768e-17	1.24517e-35	2.95749e-52	-7.4766e-36	-6.8768e-17	5.5	3.02257e-15	-3.7447e-17	-1.66998e-35	-7.4766e-36	-6.8768e-17	3.02257e-15	5.5	-3.7447e-17	-1.66998e-35	-8.25111e-53	1.24517e-35	-3.7447e-17	-3.7447e-17	7.54944	-1.02938e-16	-1.58814e-69	2.95749e-52	-1.66998e-35	-1.66998e-35	-1.02938e-16	9.56312	
8.7879	4.27703e-15	1.41677	-2.40878e-17	-3.22127e-36	-3.22127e-36	-2.32594e-53	-2.97244e-70	-2.40878e-17	3.47067	-4.53679e-17	-4.53679e-17	5.3747e-36	8.47589e-53	-3.22127e-36	-4.53679e-17	5.5	3.02257e-15	-2.45008e-17	-7.25456e-36	-3.22127e-36	-4.53679e-17	3.02257e-15	5.5	-2.45008e-17	-7.25456e-36	-2.32594e-53	5.3747e-36	-2.45008e-17	-2.45008e-17	7.54944	-6.83462e-17	-2.97244e-70	8.47589e-53	-7.25456e-36	-7.25456e-36	-6.83462e-17	9.56312	
8.8889	4.27563e-15	1.41677	-1.5731e-17	-1.38787e-36	-1.38787e-36	-6.5567e-54	-5.56335e-71	-1.5731e-17	3.47067	-2.99302e-17	-2.99302e-17	2.31996e-36	2.42911e-53	-1.38787e-36	-2.99302e-17	5.5	3.02257e-15	-1.60304e-17	-3.15146e-36	-1.38787e-36	-2.99302e-17	3.02257e-15	5.5	-1.60304e-17	-3.15146e-36	-6.5567e-54	2.31996e-36	-1.60304e-17	-1.60304e-17	7.54944	-4.53786e-17	-5.56335e-71	2.42911e-53	-3.15146e-36	-3.15146e-36	-4.53786e-17	9.56312	
8.9899	4.27503e-15	1.41677	-1.02735e-17	-5.97959e-37	-5.97959e-37	-1.8483e-54	-1.04126e-71	-1.02735e-17	3.47067	-1.97457e-17	-1.97457e-17	1.00139e-36	6.96162e-54	-5.97959e-37	-1.97457e-17	5.5	3.02257e-15	-1.04884e-17	-1.36903e-36	-5.97959e-37	-1.97457e-17	3.02257e-15	5.5	-1.04884e-17	-1.36903e-36	-1.8483e-54	1.00139e-36	-1.04884e-17	-1.04884e-17	7.54944	-3.01292e-17	-1.04126e-71	6.96162e-54	-1.36903e-36	-1.36903e-36	-3.01292e-17	9.56312	
9.0909	4.27476e-15	1.41677	-6.70932e-18	-2.57629e-37	-2.57629e-37	-5.21025e-55	-1.94887e-72	-6.70932e-18	3.47067	-1.30267e-17	-1.30267e-17	4.32246e-37	1.99514e-54	-2.57629e-37	-1.30267e-17	5.5	3.02257e-15	-6.86234e-18	-5.9472e-37	-2.57629e-37	-1.30267e-17	3.02257e-15	5.5	-6.86234e-18	-5.9472e-37	-5.21025e-55	4.32246e-37	-6.86234e-18	-6.86234e-18	7.54944	-2.00044e-17	-1.94887e-72	1.99514e-54	-5.9472e-37	-5.9472e-37	-2.00044e-17	9.56312	
9.1919	4.27465e-15	1.41677	-4.38167e-18	-1.10998e-37	-1.10998e-37	-1.46874e-55	-3.64759e-73	-4.38167e-18	3.47067	-8.594e-18	-8.594e-18	1.86576e-37	5.71788e-55	-1.10998e-37	-8.594e-18	5.5	3.02257e-15	-4.4899e-18	-2.58353e-37	-1.10998e-37	-8.594e-18	3.02257e-15	5.5	-4.4899e-18	-2.58353e-37	-1.46874e-55	1.86576e-37	-4.4899e-18	-4.4899e-18	7.54944	-1.32819e-17	-3.64759e-73	5.71788e-55	-2.58353e-37	-2.58353e-37	-1.32819e-17	9.56312	
9.2929	4.2746e-15	1.41677	-2.86154e-18	-4.78233e-38	-4.78233e-38	-4.14029e-56	-6.82698e-74	-2.86154e-18	3.47067	-5.66966e-18	-5.66966e-18	8.05346e-38	1.63869e-55	-4.78233e-38	-5.66966e-18	5.5	3.02257e-15	-2.93765e-18	-1.12231e-37	-4.78233e-38	-5.66966e-18	3.02257e-15	5.5	-2.93765e-18	-1.12231e-37	-4.14029e-56	8.05346e-38	-2.93765e-18	-2.93765e-18	7.54944	-8.81857e-18	-6.82698e-74	1.63869e-55	-1.12231e-37	-1.12231e-37	-8.81857e-18	9.56312	
9.3939	4.27457e-15	1.41677	-1.86879e-18	-2.06045e-38	-2.06045e-38	-1.16713e-56	-1.27777e-74	-1.86879e-18	3.47067	-3.74041e-18	-3.74041e-18	3.47623e-38	4.69634e-56	-2.06045e-38	-3.74041e-18	5.5	3.02257e-15	-1.92205e-18	-4.87545e-38	-2.06045e-38	-3.74041e-18	3.02257e-15	5.5	-1.92205e-18	-4.87545e-38	-1.16713e-56	3.47623e-38	-1.92205e-18	-1.92205e-18	7.54944	-5.85511e-18	-1.27777e-74	4.69634e-56	-4.87545e-38	-4.87545e-38	-5.85511e-18	9.56312	
9.4949	4.27456e-15	1.41677	-1.22045e-18	-8.87737e-39	-8.87737e-39	-3.29006e-57	-2.39153e-75	-1.22045e-18	3.47067	-2.46763e-18	-2.46763e-18	1.50049e-38	1.34593e-56	-8.87737e-39	-2.46763e-18	5.5	3.02257e-15	-1.25756e-18	-2.11795e-38	-8.87737e-39	-2.46763e-18	3.02257e-15	5.5	-1.25756e-18	-2.11795e-38	-3.29006e-57	1.50049e-38	-1.25756e-18	-1.25756e-18	7.54944	-3.88751e-18	-2.39153e-75	1.34593e-56	-2.11795e-38	-2.11795e-38	-3.88751e-18	9.56312	
9.596	4.27456e-15	1.41677	-7.96708e-19	-3.8216e-39	-3.8216e-39	-9.26288e-58	-4.46867e-76	-7.96708e-19	3.47067	-1.62728e-18	-1.62728e-18	6.4714e-39	3.85254e-57	-3.8216e-39	-1.62728e-18	5.5	3.02257e-15	-8.2245e-19	-9.19301e-39	-3.8216e-39	-1.62728e-18	3.02257e-15	5.5	-8.2245e-19	-9.19301e-39	-9.26288e-58	6.4714e-39	-8.2245e-19	-8.2245e-19	7.54944	-2.58008e-18	-4.46867e-76	3.85254e-57	-9.19301e-39	-9.19301e-39	-2.58008e-18	9.56312	
9.697	4.27456e-15	1.41677	-5.20307e-19	-1.64652e-39	-1.64652e-39	-2.61115e-58	-8.36375e-77	-5.20307e-19	3.47067	-1.07356e-18	-1.07356e-18	2.79334e-39	1.1041e-57	-1.64652e-39	-1.07356e-18	5.5	3.02257e-15	-5.38113e-19	-3.99354e-39	-1.64652e-39	-1.07356e-18	3.02257e-15	5.5	-5.38113e-19	-3.99354e-39	-2.61115e-58	2.79334e-39	-5.38113e-19	-5.38113e-19	7.54944	-1.71305e-18	-8.36375e-77	1.1041e-57	-3.99354e-39	-3.99354e-39	-1.71305e-18	9.56312	
9.798	4.27456e-15	1.41677	-3.39798e-19	-7.09398e-40	-7.09398e-40	-7.36069e-59	-1.5654e-77	-3.39798e-19	3.47067	-7.08251e-19	-7.08251e-19	1.20573e-39	3.16426e-58	-7.09398e-40	-7.08251e-19	5.5	3.02257e-15	-3.52077e-19	-1.73484e-39	-7.09398e-40	-7.08251e-19	3.02257e-15	5.5	-3.52077e-19	-1.73484e-39	-7.36069e-59	1.20573e-39	-3.52077e-19	-3.52077e-19	7.54944	-1.13738e-18	-1.5654e-77	3.16426e-58	-1.73484e-39	-1.73484e-39	-1.13738e-18	9.56312	
9.899	4.27456e-15	1.41677	-2.21912e-19	-3.05642e-40	-3.05642e-40	-2.07494e-59	-2.92986e-78	-2.21912e-19	3.47067	-4.6725e-19	-4.6725e-19	5.20445e-40	9.06849e-59	-3.05642e-40	-4.6725e-19	5.5	3.02257e-15	-2.30357e-19	-7.53633e-40	-3.05642e-40	-4.6725e-19	3.02257e-15	5.5	-2.30357e-19	-7.53633e-40	-2.07494e-59	5.20445e-40	-2.30357e-19	-2.30357e-19	7.54944	-7.55166e-19	-2.92986e-78	9.06849e-59	-7.53633e-40	-7.53633e-40	-7.55166e-19	9.56312	
10	4.27456e-15	1.41677	-1.44925e-19	-1.31685e-40	-1.31685e-40	-5.84914e-60	-5.48366e-79	-1.44925e-19	3.47067	-3.08255e-19	-3.08255e-19	2.24647e-40	2.59895e-59	-1.31685e-40	-3.08255e-19	5.5	3.02257e-15	-1.50718e-19	-3.27386e-40	-1.31685e-40	-3.08255e-19	3.02257e-15	5.5	-1.50718e-19	-3.27386e-40	-5.84914e-60	2.24647e-40	-1.50718e-19	-1.50718e-19	7.54944	-5.01394e-19	-5.48366e-79	2.59895e-59	-3.27386e-40	-3.27386e-40	-5.01394e-19	9.56312	
