# alpha, beta, E, E_err
1         0.1       25.288    0.068165  
1         0.1       22.654    0.05729   
1         0.1       20.855    0.050581  
1         0.1       20.413    0.0513    
1         0.1       19.368    0.050074  
1         0.1       18.896    0.055265  
1         0.1       18.832    0.046022  
1         0.1       18.52     0.045365  
1         0.1       18.141    0.04927   
1         0.1       17.582    0.051144  
1         0.1       17.42     0.049233  
1         0.1       18.019    0.049779  
1         0.1       17.922    0.044878  
1         0.1       17.972    0.043972  
1         0.1       17.309    0.050646  
1         0.1       17.815    0.04944   
1         0.1       17.571    0.050189  
1         0.1       17.531    0.051019  
1         0.1       18.064    0.048753  
1         0.1       17.872    0.04895   
1.4737    0.12632   24.826    0.07814   
1.4737    0.12632   24.229    0.074259  
1.4737    0.12632   23.231    0.069678  
1.4737    0.12632   21.887    0.069569  
1.4737    0.12632   22.723    0.067024  
1.4737    0.12632   22.314    0.069045  
1.4737    0.12632   21.447    0.068546  
1.4737    0.12632   22.054    0.070917  
1.4737    0.12632   21.537    0.071503  
1.4737    0.12632   20.603    0.07711   
1.4737    0.12632   20.957    0.078204  
1.4737    0.12632   21.799    0.075345  
1.4737    0.12632   21.445    0.076366  
1.4737    0.12632   22.318    0.065923  
1.4737    0.12632   21.037    0.085531  
1.4737    0.12632   21.348    0.076862  
1.4737    0.12632   22.408    0.081589  
1.4737    0.12632   20.911    0.087599  
1.4737    0.12632   22.322    0.080442  
1.4737    0.12632   22.652    0.088129  
1.9474    0.15263   29.093    0.086864  
1.9474    0.15263   26.905    0.085922  
1.9474    0.15263   27.215    0.090648  
1.9474    0.15263   26.603    0.090528  
1.9474    0.15263   24.464    0.087637  
1.9474    0.15263   25.716    0.089179  
1.9474    0.15263   27.042    0.090911  
1.9474    0.15263   26.421    0.090823  
1.9474    0.15263   26.415    0.098878  
1.9474    0.15263   26.969    0.102     
1.9474    0.15263   25.959    0.096723  
1.9474    0.15263   28.494    0.093971  
1.9474    0.15263   26.913    0.10032   
1.9474    0.15263   27.322    0.096853  
1.9474    0.15263   26.316    0.11112   
1.9474    0.15263   27.67     0.10472   
1.9474    0.15263   26.679    0.10709   
1.9474    0.15263   27.408    0.10947   
1.9474    0.15263   24.982    0.12737   
1.9474    0.15263   28.676    0.1097    
2.4211    0.17895   32.455    0.11317   
2.4211    0.17895   31.309    0.11227   
2.4211    0.17895   32.467    0.094751  
2.4211    0.17895   32.13     0.11242   
2.4211    0.17895   26.727    0.13248   
2.4211    0.17895   29.892    0.12068   
2.4211    0.17895   30.461    0.11397   
2.4211    0.17895   28.091    0.12127   
2.4211    0.17895   30.54     0.12481   
2.4211    0.17895   29.869    0.13173   
2.4211    0.17895   28.892    0.13029   
2.4211    0.17895   30.221    0.12215   
2.4211    0.17895   31.14     0.12939   
2.4211    0.17895   33.52     0.13146   
2.4211    0.17895   33.494    0.13187   
2.4211    0.17895   32.782    0.14894   
2.4211    0.17895   27.346    0.15846   
2.4211    0.17895   34.21     0.15796   
2.4211    0.17895   30.854    0.14171   
2.4211    0.17895   36.588    0.11464   
2.8947    0.20526   33.468    0.13015   
2.8947    0.20526   32.003    0.12824   
2.8947    0.20526   33.798    0.12305   
2.8947    0.20526   33.352    0.13882   
2.8947    0.20526   35.492    0.14755   
2.8947    0.20526   36.281    0.11967   
2.8947    0.20526   33.808    0.15861   
2.8947    0.20526   28.748    0.19227   
2.8947    0.20526   37.63     0.1372    
2.8947    0.20526   37.429    0.12041   
2.8947    0.20526   40.528    0.12513   
2.8947    0.20526   34.869    0.16005   
2.8947    0.20526   37.997    0.12204   
2.8947    0.20526   40.694    0.1317    
2.8947    0.20526   38.432    0.16397   
2.8947    0.20526   48.889    0.1252    
2.8947    0.20526   39.052    0.16006   
2.8947    0.20526   38.444    0.12985   
2.8947    0.20526   39.081    0.17402   
2.8947    0.20526   40.004    0.16933   
3.3684    0.23158   39.205    0.18467   
3.3684    0.23158   38.111    0.17388   
3.3684    0.23158   37.794    0.11498   
3.3684    0.23158   37.266    0.13287   
3.3684    0.23158   37.696    0.16282   
3.3684    0.23158   45.304    0.14246   
3.3684    0.23158   39.611    0.19501   
3.3684    0.23158   38.427    0.1858    
3.3684    0.23158   39.662    0.18153   
3.3684    0.23158   46.211    0.10546   
3.3684    0.23158   46.624    0.19802   
3.3684    0.23158   41.756    0.19882   
3.3684    0.23158   50.771    0.16181   
3.3684    0.23158   44.736    0.16322   
3.3684    0.23158   48.012    0.15979   
3.3684    0.23158   40.521    0.19861   
3.3684    0.23158   52.507    0.19218   
3.3684    0.23158   36.951    0.21293   
3.3684    0.23158   46.163    0.17531   
3.3684    0.23158   44.888    0.16088   
3.8421    0.25789   44.949    0.17171   
3.8421    0.25789   35.731    0.17504   
3.8421    0.25789   50.524    0.11558   
3.8421    0.25789   44.589    0.2337    
3.8421    0.25789   47.555    0.16127   
3.8421    0.25789   46.2      0.18895   
3.8421    0.25789   37.953    0.20614   
3.8421    0.25789   44.092    0.17392   
3.8421    0.25789   51.601    0.12079   
3.8421    0.25789   56.255    0.15935   
3.8421    0.25789   40.349    0.21997   
3.8421    0.25789   46.551    0.22099   
3.8421    0.25789   49.571    0.22003   
3.8421    0.25789   38.932    0.2026    
3.8421    0.25789   42.498    0.21149   
3.8421    0.25789   41.715    0.23298   
3.8421    0.25789   51.595    0.16303   
3.8421    0.25789   38.254    0.16961   
3.8421    0.25789   49.945    0.24031   
3.8421    0.25789   45.125    0.23102   
4.3158    0.28421   44.613    0.17284   
4.3158    0.28421   51.708    0.18546   
4.3158    0.28421   51.494    0.21592   
4.3158    0.28421   48.85     0.12513   
4.3158    0.28421   38.586    0.28001   
4.3158    0.28421   39.383    0.22713   
4.3158    0.28421   47.768    0.19721   
4.3158    0.28421   49.476    0.15684   
4.3158    0.28421   40.44     0.32328   
4.3158    0.28421   56.345    0.25547   
4.3158    0.28421   52.52     0.20582   
4.3158    0.28421   49.911    0.23658   
4.3158    0.28421   65.171    0.16782   
4.3158    0.28421   48.964    0.19043   
4.3158    0.28421   51.219    0.21929   
4.3158    0.28421   49.142    0.17829   
4.3158    0.28421   62.374    0.22913   
4.3158    0.28421   44.618    0.22036   
4.3158    0.28421   49.609    0.28168   
4.3158    0.28421   54.998    0.25972   
4.7895    0.31053   43.992    0.18016   
4.7895    0.31053   42.274    0.23887   
4.7895    0.31053   49.392    0.22529   
4.7895    0.31053   47.335    0.25016   
4.7895    0.31053   49.527    0.19495   
4.7895    0.31053   48.419    0.24243   
4.7895    0.31053   59.271    0.14163   
4.7895    0.31053   56.348    0.24513   
4.7895    0.31053   41.326    0.27057   
4.7895    0.31053   68.249    0.1537    
4.7895    0.31053   67.493    0.23922   
4.7895    0.31053   54.545    0.28447   
4.7895    0.31053   53.45     0.25258   
4.7895    0.31053   50.308    0.2739    
4.7895    0.31053   40.46     0.28987   
4.7895    0.31053   60.144    0.19122   
4.7895    0.31053   51.447    0.33965   
4.7895    0.31053   68.645    0.37149   
4.7895    0.31053   42.262    0.32649   
4.7895    0.31053   50.579    0.25209   
5.2632    0.33684   50.55     0.24503   
5.2632    0.33684   57.232    0.18332   
5.2632    0.33684   43.849    0.21094   
5.2632    0.33684   42.655    0.29875   
5.2632    0.33684   50.605    0.20528   
5.2632    0.33684   41.709    0.2665    
5.2632    0.33684   64.283    0.29947   
5.2632    0.33684   52.477    0.31251   
5.2632    0.33684   67.399    0.16458   
5.2632    0.33684   58.146    0.28606   
5.2632    0.33684   95.156    0.25219   
5.2632    0.33684   62.552    0.1976    
5.2632    0.33684   60.452    0.38596   
5.2632    0.33684   60.735    0.13182   
5.2632    0.33684   63.072    0.38499   
5.2632    0.33684   37.345    0.30509   
5.2632    0.33684   51.001    0.36702   
5.2632    0.33684   39.523    0.24538   
5.2632    0.33684   23.954    0.4353    
5.2632    0.33684   62.477    0.35162   
5.7368    0.36316   62.093    0.25994   
5.7368    0.36316   76.359    0.10674   
5.7368    0.36316   52.574    0.20027   
5.7368    0.36316   56.458    0.27625   
5.7368    0.36316   42.489    0.42995   
5.7368    0.36316   74.957    0.23151   
5.7368    0.36316   39.819    0.25048   
5.7368    0.36316   54.773    0.18351   
5.7368    0.36316   72.687    0.35168   
5.7368    0.36316   80.223    0.30339   
5.7368    0.36316   71.087    0.20459   
5.7368    0.36316   46.703    0.25079   
5.7368    0.36316   50.237    0.44154   
5.7368    0.36316   51.346    0.24997   
5.7368    0.36316   44.614    0.27376   
5.7368    0.36316   49.943    0.19656   
5.7368    0.36316   68.204    0.42588   
5.7368    0.36316   37.944    0.34146   
5.7368    0.36316   47.578    0.45259   
5.7368    0.36316   47.045    0.30567   
6.2105    0.38947   55.688    0.21074   
6.2105    0.38947   66.589    0.44185   
6.2105    0.38947   56.794    0.28083   
6.2105    0.38947   65.535    0.16379   
6.2105    0.38947   84.993    0.11636   
6.2105    0.38947   24.511    0.38941   
6.2105    0.38947   73.023    0.27783   
6.2105    0.38947   42.394    0.24403   
6.2105    0.38947   52.366    0.25258   
6.2105    0.38947   69.904    0.28577   
6.2105    0.38947   81.515    0.40708   
6.2105    0.38947   97.286    0.24424   
6.2105    0.38947   41.397    0.53566   
6.2105    0.38947   62.978    0.44437   
6.2105    0.38947   46.638    0.3003    
6.2105    0.38947   46.726    0.29506   
6.2105    0.38947   40.791    0.40939   
6.2105    0.38947   34.135    0.63728   
6.2105    0.38947   42.416    0.40637   
6.2105    0.38947   83.831    0.39711   
6.6842    0.41579   78.839    0.3013    
6.6842    0.41579   81.348    0.24182   
6.6842    0.41579   61.789    0.2823    
6.6842    0.41579   37.799    0.34604   
6.6842    0.41579   49.262    0.31624   
6.6842    0.41579   69.47     0.20832   
6.6842    0.41579   59.145    0.24849   
6.6842    0.41579   72.097    0.47097   
6.6842    0.41579   82.755    0.23543   
6.6842    0.41579   20.818    0.43779   
6.6842    0.41579   83.484    0.30732   
6.6842    0.41579   65.119    0.33779   
6.6842    0.41579   53.483    0.14178   
6.6842    0.41579   56.957    0.30186   
6.6842    0.41579   40.093    0.50858   
6.6842    0.41579   79.117    0.32975   
6.6842    0.41579   68.164    0.41033   
6.6842    0.41579   23.288    0.55878   
6.6842    0.41579   6.1634    0.39503   
6.6842    0.41579   65.19     0.47055   
7.1579    0.44211   47.162    0.49502   
7.1579    0.44211   93.994    0.22098   
7.1579    0.44211   76.589    0.35159   
7.1579    0.44211   60.323    0.43621   
7.1579    0.44211   30.795    0.49522   
7.1579    0.44211   34.817    0.44181   
7.1579    0.44211   56.779    0.15477   
7.1579    0.44211   34.599    0.32659   
7.1579    0.44211   63.093    0.26293   
7.1579    0.44211   76.456    0.51942   
7.1579    0.44211   24.244    0.49524   
7.1579    0.44211   21.781    0.58071   
7.1579    0.44211   50.985    0.44292   
7.1579    0.44211   66.599    0.21674   
7.1579    0.44211   54.958    0.61805   
7.1579    0.44211   51.041    0.31657   
7.1579    0.44211   55.461    0.46238   
7.1579    0.44211   60.175    0.30813   
7.1579    0.44211   54.7      0.28213   
7.1579    0.44211   46.54     0.3513    
7.6316    0.46842   97.708    0.51492   
7.6316    0.46842   70.952    0.47623   
7.6316    0.46842   75.192    0.2761    
7.6316    0.46842   47.912    0.25558   
7.6316    0.46842   45.907    0.17932   
7.6316    0.46842   92.487    0.50659   
7.6316    0.46842   53.736    0.45568   
7.6316    0.46842   79.945    0.52203   
7.6316    0.46842   73.997    0.37785   
7.6316    0.46842   4.5893    0.71561   
7.6316    0.46842   25.119    0.31061   
7.6316    0.46842   53.116    0.44629   
7.6316    0.46842   22.771    0.53196   
7.6316    0.46842   114.99    0.61297   
7.6316    0.46842   85.994    0.48424   
7.6316    0.46842   93.895    0.438     
7.6316    0.46842   36.733    0.57824   
7.6316    0.46842   -25.073   0.61183   
7.6316    0.46842   17.976    0.3061    
7.6316    0.46842   48.385    0.49347   
8.1053    0.49474   78.43     0.4419    
8.1053    0.49474   56.955    0.41895   
8.1053    0.49474   -1.0859   0.60687   
8.1053    0.49474   53.45     0.32597   
8.1053    0.49474   80.38     0.31506   
8.1053    0.49474   27.443    0.46025   
8.1053    0.49474   -0.11851  0.62584   
8.1053    0.49474   11.842    0.50221   
8.1053    0.49474   37.435    0.57835   
8.1053    0.49474   54.998    0.53585   
8.1053    0.49474   51.898    0.4601    
8.1053    0.49474   36.311    0.25627   
8.1053    0.49474   77.424    0.34752   
8.1053    0.49474   89.392    0.7321    
8.1053    0.49474   57.231    0.40235   
8.1053    0.49474   -6.5832   0.23331   
8.1053    0.49474   76.703    0.36312   
8.1053    0.49474   48.089    0.44101   
8.1053    0.49474   104.21    0.43044   
8.1053    0.49474   -19.97    0.36699   
8.5789    0.52105   70.548    0.67783   
8.5789    0.52105   41.873    0.31384   
8.5789    0.52105   78.004    0.30835   
8.5789    0.52105   21.702    0.591     
8.5789    0.52105   95.869    0.39432   
8.5789    0.52105   55.738    0.76161   
8.5789    0.52105   56.943    0.73068   
8.5789    0.52105   76.554    0.56226   
8.5789    0.52105   41.063    0.47347   
8.5789    0.52105   53.381    0.66369   
8.5789    0.52105   37        0.51877   
8.5789    0.52105   71.457    0.64052   
8.5789    0.52105   59.85     0.17274   
8.5789    0.52105   13.095    0.43874   
8.5789    0.52105   39.155    0.52553   
8.5789    0.52105   34.667    0.34371   
8.5789    0.52105   18.52     0.8035    
8.5789    0.52105   53.129    0.10599   
8.5789    0.52105   40.962    0.44544   
8.5789    0.52105   32.115    0.89725   
9.0526    0.54737   43.028    0.26534   
9.0526    0.54737   67.431    0.47299   
9.0526    0.54737   53.533    0.62067   
9.0526    0.54737   89.951    0.49153   
9.0526    0.54737   71.767    0.32575   
9.0526    0.54737   35.674    0.7941    
9.0526    0.54737   -11.955   0.6104    
9.0526    0.54737   48.068    0.92073   
9.0526    0.54737   -8.7817   0.47425   
9.0526    0.54737   19.023    0.51093   
9.0526    0.54737   41.497    0.51601   
9.0526    0.54737   4.409     0.66715   
9.0526    0.54737   97.57     0.79688   
9.0526    0.54737   11.545    0.25949   
9.0526    0.54737   56.91     1.059     
9.0526    0.54737   -35.947   0.95251   
9.0526    0.54737   17.516    0.47818   
9.0526    0.54737   48.553    0.44404   
9.0526    0.54737   -49.517   0.33881   
9.0526    0.54737   178.46    0.17      
9.5263    0.57368   25.337    0.57154   
9.5263    0.57368   73.82     0.56257   
9.5263    0.57368   -8.8589   0.70919   
9.5263    0.57368   28.946    0.21818   
9.5263    0.57368   67.011    0.3017    
9.5263    0.57368   42.465    0.65233   
9.5263    0.57368   -9.6063   0.45077   
9.5263    0.57368   53.693    0.34328   
9.5263    0.57368   -4.3442   0.49659   
9.5263    0.57368   89.431    0.56937   
9.5263    0.57368   42.298    0.41987   
9.5263    0.57368   104.43    0.61042   
9.5263    0.57368   42.706    0.70936   
9.5263    0.57368   30.643    0.68202   
9.5263    0.57368   -31.278   0.84239   
9.5263    0.57368   -16.968   0.75384   
9.5263    0.57368   136.14    0.57075   
9.5263    0.57368   47.337    0.39619   
9.5263    0.57368   20.168    0.68917   
9.5263    0.57368   46.177    1.1907    
10        0.6       35.815    0.70793   
10        0.6       82.266    0.63124   
10        0.6       -21.222   0.73879   
10        0.6       48.37     0.46939   
10        0.6       91.819    0.50373   
10        0.6       14.34     0.062726  
10        0.6       10.35     0.44264   
10        0.6       82.278    0.62665   
10        0.6       28.331    1.0369    
10        0.6       31.487    0.50386   
10        0.6       26.311    0.46955   
10        0.6       -55.541   0.91963   
10        0.6       -0.61616  0.5214    
10        0.6       -37.359   0.62693   
10        0.6       -10.588   0.81036   
10        0.6       127.54    0.77282   
10        0.6       96.662    0.83093   
10        0.6       35.363    0.95487   
10        0.6       92.454    0.50382   
10        0.6       -64.678   0.95131   
