# alpha, beta, E, E_err
1         0.1       0.098166  0.016864  
1         0.1       0.76822   0.032322  
1         0.1       1.2342    0.041666  
1         0.1       1.5159    0.030405  
1         0.1       1.8039    0.02898   
1         0.1       2.6263    0.058549  
1         0.1       2.5163    0.050341  
1         0.1       3.1215    0.16956   
1         0.1       2.9686    0.058068  
1         0.1       4.7555    0.3016    
1         0.1       3.9941    0.091396  
1         0.1       3.6204    0.064599  
1         0.1       4.5751    0.14016   
1         0.1       4.4732    0.10949   
1         0.1       4.3486    0.10566   
1         0.1       3.9247    0.062302  
1         0.1       5.043     0.20927   
1         0.1       4.9793    0.14462   
1         0.1       4.4134    0.071155  
1         0.1       5.3441    0.1184    
1.4737    0.12632   0.84214   0.064989  
1.4737    0.12632   0.98333   0.030003  
1.4737    0.12632   1.4992    0.036832  
1.4737    0.12632   2.0152    0.048927  
1.4737    0.12632   2.1155    0.043801  
1.4737    0.12632   2.8115    0.093406  
1.4737    0.12632   2.6711    0.059742  
1.4737    0.12632   2.7896    0.070743  
1.4737    0.12632   3.1663    0.054653  
1.4737    0.12632   2.9674    0.071151  
1.4737    0.12632   3.9757    0.088214  
1.4737    0.12632   3.1111    0.056731  
1.4737    0.12632   5.7857    0.65862   
1.4737    0.12632   3.394     0.070949  
1.4737    0.12632   3.7375    0.11295   
1.4737    0.12632   4.1252    0.07898   
1.4737    0.12632   3.766     0.077882  
1.4737    0.12632   4.1516    0.17863   
1.4737    0.12632   3.8341    0.097117  
1.4737    0.12632   4.1838    0.074189  
1.9474    0.15263   1.4658    0.043584  
1.9474    0.15263   1.6573    0.041916  
1.9474    0.15263   1.7612    0.04781   
1.9474    0.15263   2.165     0.048202  
1.9474    0.15263   2.4822    0.080128  
1.9474    0.15263   2.79      0.088644  
1.9474    0.15263   2.4938    0.047785  
1.9474    0.15263   2.5209    0.048539  
1.9474    0.15263   3.1407    0.1579    
1.9474    0.15263   2.9984    0.059423  
1.9474    0.15263   2.8598    0.04721   
1.9474    0.15263   2.9303    0.062688  
1.9474    0.15263   3.4271    0.067147  
1.9474    0.15263   3.2438    0.067301  
1.9474    0.15263   3.2812    0.067419  
1.9474    0.15263   3.4542    0.08158   
1.9474    0.15263   4.402     0.31635   
1.9474    0.15263   3.9024    0.086226  
1.9474    0.15263   3.7024    0.067747  
1.9474    0.15263   3.835     0.08896   
2.4211    0.17895   1.6653    0.038621  
2.4211    0.17895   2.1345    0.055229  
2.4211    0.17895   2.0382    0.049185  
2.4211    0.17895   2.3614    0.075372  
2.4211    0.17895   2.5472    0.098843  
2.4211    0.17895   2.671     0.0818    
2.4211    0.17895   2.5815    0.064549  
2.4211    0.17895   2.6332    0.068445  
2.4211    0.17895   2.633     0.052331  
2.4211    0.17895   2.8947    0.072348  
2.4211    0.17895   3.5849    0.11055   
2.4211    0.17895   3.0934    0.063843  
2.4211    0.17895   3.5771    0.11766   
2.4211    0.17895   3.1659    0.081285  
2.4211    0.17895   3.2562    0.07102   
2.4211    0.17895   3.0584    0.059367  
2.4211    0.17895   3.4014    0.083433  
2.4211    0.17895   3.2481    0.068971  
2.4211    0.17895   3.4516    0.084267  
2.4211    0.17895   3.4401    0.072051  
2.8947    0.20526   2.3164    0.052026  
2.8947    0.20526   2.1207    0.046387  
2.8947    0.20526   2.2963    0.083944  
2.8947    0.20526   2.4729    0.068619  
2.8947    0.20526   2.8284    0.095822  
2.8947    0.20526   3.2638    0.14948   
2.8947    0.20526   2.6628    0.074641  
2.8947    0.20526   2.495     0.063084  
2.8947    0.20526   2.8874    0.062173  
2.8947    0.20526   2.983     0.069608  
2.8947    0.20526   2.8326    0.060718  
2.8947    0.20526   3.2062    0.061557  
2.8947    0.20526   2.8689    0.078346  
2.8947    0.20526   5.5613    0.72151   
2.8947    0.20526   2.8363    0.07195   
2.8947    0.20526   3.0212    0.068366  
2.8947    0.20526   3.0535    0.071837  
2.8947    0.20526   3.7659    0.10599   
2.8947    0.20526   2.8579    0.053058  
2.8947    0.20526   3.0064    0.10478   
3.3684    0.23158   2.1109    0.046854  
3.3684    0.23158   2.9235    0.12298   
3.3684    0.23158   2.8185    0.068333  
3.3684    0.23158   2.8141    0.1152    
3.3684    0.23158   2.8905    0.081091  
3.3684    0.23158   2.4423    0.064761  
3.3684    0.23158   2.648     0.26325   
3.3684    0.23158   3.302     0.10081   
3.3684    0.23158   2.5451    0.061036  
3.3684    0.23158   3.0298    0.087478  
3.3684    0.23158   2.6278    0.051489  
3.3684    0.23158   2.6421    0.051329  
3.3684    0.23158   2.589     0.07285   
3.3684    0.23158   2.8956    0.081042  
3.3684    0.23158   3.1446    0.13701   
3.3684    0.23158   2.7277    0.063392  
3.3684    0.23158   3.6835    0.17791   
3.3684    0.23158   3.0634    0.079889  
3.3684    0.23158   3.1183    0.079292  
3.3684    0.23158   3.2809    0.10242   
3.8421    0.25789   2.8494    0.093655  
3.8421    0.25789   3.5723    0.41526   
3.8421    0.25789   2.3829    0.051538  
3.8421    0.25789   2.6371    0.062871  
3.8421    0.25789   3.0324    0.07383   
3.8421    0.25789   2.3731    0.062304  
3.8421    0.25789   2.927     0.073813  
3.8421    0.25789   2.7728    0.066403  
3.8421    0.25789   3.1425    0.10973   
3.8421    0.25789   2.8886    0.13931   
3.8421    0.25789   2.3896    0.054599  
3.8421    0.25789   2.4804    0.060196  
3.8421    0.25789   2.4799    0.065225  
3.8421    0.25789   3.624     0.38196   
3.8421    0.25789   3.0978    0.088466  
3.8421    0.25789   3.1178    0.11256   
3.8421    0.25789   2.7406    0.065899  
3.8421    0.25789   2.8977    0.068194  
3.8421    0.25789   2.9794    0.082556  
3.8421    0.25789   3.6897    0.23574   
4.3158    0.28421   3.314     0.22319   
4.3158    0.28421   2.5631    0.082519  
4.3158    0.28421   2.9596    0.13321   
4.3158    0.28421   2.9051    0.11128   
4.3158    0.28421   2.6844    0.071969  
4.3158    0.28421   2.6733    0.063602  
4.3158    0.28421   2.787     0.064163  
4.3158    0.28421   3.2277    0.41454   
4.3158    0.28421   3.0869    0.074733  
4.3158    0.28421   2.6349    0.076755  
4.3158    0.28421   2.6648    0.073868  
4.3158    0.28421   2.7267    0.072961  
4.3158    0.28421   3.6799    0.19197   
4.3158    0.28421   3.0694    0.10688   
4.3158    0.28421   2.8102    0.067144  
4.3158    0.28421   3.2188    0.1085    
4.3158    0.28421   2.908     0.11578   
4.3158    0.28421   2.4405    0.066296  
4.3158    0.28421   2.8116    0.11224   
4.3158    0.28421   3.215     0.17022   
4.7895    0.31053   2.8132    0.078685  
4.7895    0.31053   2.6904    0.11778   
4.7895    0.31053   2.6239    0.07028   
4.7895    0.31053   2.5348    0.068358  
4.7895    0.31053   2.3314    0.062376  
4.7895    0.31053   2.4055    0.06372   
4.7895    0.31053   2.4539    0.075777  
4.7895    0.31053   2.6417    0.077154  
4.7895    0.31053   2.4699    0.085421  
4.7895    0.31053   3.0963    0.11543   
4.7895    0.31053   3.1441    0.11107   
4.7895    0.31053   2.3034    0.059992  
4.7895    0.31053   5.0965    0.70919   
4.7895    0.31053   3.392     0.14608   
4.7895    0.31053   2.5783    0.11632   
4.7895    0.31053   2.8591    0.086786  
4.7895    0.31053   2.9813    0.094431  
4.7895    0.31053   2.8338    0.077     
4.7895    0.31053   2.3803    0.069966  
4.7895    0.31053   3.2081    0.084973  
5.2632    0.33684   2.7164    0.065761  
5.2632    0.33684   2.7424    0.093084  
5.2632    0.33684   2.9036    0.089284  
5.2632    0.33684   2.7437    0.077958  
5.2632    0.33684   2.8592    0.089123  
5.2632    0.33684   2.9189    0.092815  
5.2632    0.33684   2.5685    0.063479  
5.2632    0.33684   2.4932    0.12353   
5.2632    0.33684   2.4813    0.073578  
5.2632    0.33684   2.6175    0.080606  
5.2632    0.33684   2.9372    0.079831  
5.2632    0.33684   2.5164    0.064656  
5.2632    0.33684   2.506     0.083146  
5.2632    0.33684   2.564     0.071414  
5.2632    0.33684   2.5204    0.081702  
5.2632    0.33684   2.5075    0.072683  
5.2632    0.33684   2.5236    0.10908   
5.2632    0.33684   2.5319    0.12787   
5.2632    0.33684   2.4706    0.071574  
5.2632    0.33684   3.2846    0.18301   
5.7368    0.36316   2.7953    0.072232  
5.7368    0.36316   2.6429    0.074617  
5.7368    0.36316   3.1232    0.13003   
5.7368    0.36316   2.5682    0.076049  
5.7368    0.36316   2.6519    0.089233  
5.7368    0.36316   3.2573    0.34239   
5.7368    0.36316   2.7105    0.12722   
5.7368    0.36316   3.0553    0.12896   
5.7368    0.36316   3.2726    0.20972   
5.7368    0.36316   2.3943    0.080374  
5.7368    0.36316   2.8189    0.083191  
5.7368    0.36316   3.0068    0.095443  
5.7368    0.36316   2.4446    0.092598  
5.7368    0.36316   2.5698    0.091013  
5.7368    0.36316   3.4776    0.25489   
5.7368    0.36316   2.6024    0.074711  
5.7368    0.36316   2.1689    0.070099  
5.7368    0.36316   2.1996    0.075615  
5.7368    0.36316   2.278     0.082941  
5.7368    0.36316   2.4665    0.11116   
6.2105    0.38947   2.6139    0.097029  
6.2105    0.38947   2.6604    0.082085  
6.2105    0.38947   2.8753    0.10303   
6.2105    0.38947   2.5673    0.11925   
6.2105    0.38947   2.3035    0.073428  
6.2105    0.38947   2.1811    0.080906  
6.2105    0.38947   2.397     0.087949  
6.2105    0.38947   2.3953    0.069069  
6.2105    0.38947   2.3204    0.077408  
6.2105    0.38947   2.3028    0.10588   
6.2105    0.38947   2.3907    0.12218   
6.2105    0.38947   2.2413    0.074843  
6.2105    0.38947   2.7301    0.089975  
6.2105    0.38947   2.914     0.55089   
6.2105    0.38947   2.4194    0.083845  
6.2105    0.38947   2.2473    0.082808  
6.2105    0.38947   2.861     0.24154   
6.2105    0.38947   2.6857    0.088541  
6.2105    0.38947   2.1888    0.084682  
6.2105    0.38947   2.0217    0.066768  
6.6842    0.41579   2.5343    0.079809  
6.6842    0.41579   3.5808    0.38465   
6.6842    0.41579   2.3433    0.10112   
6.6842    0.41579   3.0261    0.25271   
6.6842    0.41579   2.6365    0.10699   
6.6842    0.41579   2.0223    0.089307  
6.6842    0.41579   2.5467    0.10558   
6.6842    0.41579   2.015     0.1051    
6.6842    0.41579   2.4528    0.080884  
6.6842    0.41579   2.6131    0.23488   
6.6842    0.41579   2.6682    0.23381   
6.6842    0.41579   1.9191    0.090457  
6.6842    0.41579   2.4053    0.10492   
6.6842    0.41579   2.1961    0.078065  
6.6842    0.41579   2.4571    0.082819  
6.6842    0.41579   2.4347    0.12855   
6.6842    0.41579   2.1255    0.12499   
6.6842    0.41579   1.99      0.095833  
6.6842    0.41579   2.1507    0.20334   
6.6842    0.41579   2.0328    0.088503  
7.1579    0.44211   2.9634    0.1372    
7.1579    0.44211   2.0784    0.09687   
7.1579    0.44211   2.4955    0.16061   
7.1579    0.44211   2.7695    0.10093   
7.1579    0.44211   1.9653    0.069823  
7.1579    0.44211   2.1395    0.085197  
7.1579    0.44211   2.396     0.090438  
7.1579    0.44211   2.3727    0.10586   
7.1579    0.44211   2.144     0.10156   
7.1579    0.44211   2.5325    0.10449   
7.1579    0.44211   2.3402    0.10346   
7.1579    0.44211   2.1953    0.1077    
7.1579    0.44211   2.3979    0.10305   
7.1579    0.44211   2.1021    0.31208   
7.1579    0.44211   1.6058    0.070372  
7.1579    0.44211   2.9117    0.1295    
7.1579    0.44211   2.1129    0.081318  
7.1579    0.44211   2.1987    0.082098  
7.1579    0.44211   2.3156    0.090069  
7.1579    0.44211   2.2345    0.085503  
7.6316    0.46842   1.9957    0.074646  
7.6316    0.46842   2.7454    0.11353   
7.6316    0.46842   2.0188    0.078335  
7.6316    0.46842   1.9831    0.10756   
7.6316    0.46842   1.9546    0.079852  
7.6316    0.46842   2.4796    0.10097   
7.6316    0.46842   2.5465    0.11305   
7.6316    0.46842   2.1129    0.088067  
7.6316    0.46842   2.7444    0.18342   
7.6316    0.46842   1.9262    0.077709  
7.6316    0.46842   2.2118    0.089819  
7.6316    0.46842   2.3026    0.090272  
7.6316    0.46842   2.4001    0.12306   
7.6316    0.46842   1.8232    0.075894  
7.6316    0.46842   2.2006    0.096477  
7.6316    0.46842   1.7029    0.075535  
7.6316    0.46842   2.0812    0.096323  
7.6316    0.46842   1.906     0.092844  
7.6316    0.46842   1.5338    0.088059  
7.6316    0.46842   1.691     0.085084  
8.1053    0.49474   1.6579    0.073403  
8.1053    0.49474   1.9598    0.087113  
8.1053    0.49474   2.2       0.092063  
8.1053    0.49474   2.0824    0.16923   
8.1053    0.49474   2.5485    0.1271    
8.1053    0.49474   2.2095    0.086184  
8.1053    0.49474   2.3775    0.14544   
8.1053    0.49474   1.6812    0.091072  
8.1053    0.49474   1.7666    0.081817  
8.1053    0.49474   1.7882    0.089289  
8.1053    0.49474   2.1019    0.11477   
8.1053    0.49474   1.7562    0.088414  
8.1053    0.49474   1.8918    0.0839    
8.1053    0.49474   1.8316    0.09362   
8.1053    0.49474   2.2935    0.11321   
8.1053    0.49474   2.3334    0.1124    
8.1053    0.49474   1.3129    0.069988  
8.1053    0.49474   1.5585    0.080846  
8.1053    0.49474   1.7032    0.085919  
8.1053    0.49474   1.7087    0.10823   
8.5789    0.52105   4.1946    0.62698   
8.5789    0.52105   2.9029    0.71636   
8.5789    0.52105   1.8767    0.12444   
8.5789    0.52105   2.0143    0.12869   
8.5789    0.52105   2.1302    0.11903   
8.5789    0.52105   2.4883    0.21033   
8.5789    0.52105   1.7577    0.10086   
8.5789    0.52105   2.4206    0.22668   
8.5789    0.52105   1.5785    0.13099   
8.5789    0.52105   2.075     0.24196   
8.5789    0.52105   1.6236    0.086557  
8.5789    0.52105   1.2496    0.087975  
8.5789    0.52105   1.4086    0.091412  
8.5789    0.52105   2.0917    0.30167   
8.5789    0.52105   2.3148    0.11816   
8.5789    0.52105   1.486     0.088558  
8.5789    0.52105   2.0084    0.10997   
8.5789    0.52105   1.8924    0.10782   
8.5789    0.52105   1.7787    0.093515  
8.5789    0.52105   1.8549    0.090937  
9.0526    0.54737   1.7474    0.099161  
9.0526    0.54737   1.5375    0.094475  
9.0526    0.54737   1.9584    0.10392   
9.0526    0.54737   1.7994    0.098793  
9.0526    0.54737   1.9698    0.10015   
9.0526    0.54737   1.3759    0.097937  
9.0526    0.54737   1.3426    0.095069  
9.0526    0.54737   1.8425    0.18904   
9.0526    0.54737   1.637     0.10862   
9.0526    0.54737   1.5046    0.10352   
9.0526    0.54737   0.90834   0.098861  
9.0526    0.54737   1.4294    0.084807  
9.0526    0.54737   1.5738    0.087186  
9.0526    0.54737   1.1936    0.10602   
9.0526    0.54737   1.2886    0.14576   
9.0526    0.54737   1.9208    0.28121   
9.0526    0.54737   1.2456    0.096169  
9.0526    0.54737   1.8819    0.14523   
9.0526    0.54737   1.3982    0.10711   
9.0526    0.54737   1.9269    0.12612   
9.5263    0.57368   1.7445    0.097434  
9.5263    0.57368   2.1054    0.22484   
9.5263    0.57368   1.5772    0.12843   
9.5263    0.57368   1.8165    0.09609   
9.5263    0.57368   1.0246    0.095062  
9.5263    0.57368   1.5522    0.11043   
9.5263    0.57368   1.3266    0.10366   
9.5263    0.57368   1.8666    0.11755   
9.5263    0.57368   1.5457    0.10157   
9.5263    0.57368   1.5852    0.11095   
9.5263    0.57368   1.3793    0.1029    
9.5263    0.57368   1.4814    0.1136    
9.5263    0.57368   1.4158    0.12455   
9.5263    0.57368   1.1895    0.10157   
9.5263    0.57368   0.99446   0.1091    
9.5263    0.57368   1.7137    0.13757   
9.5263    0.57368   1.7175    0.1119    
9.5263    0.57368   1.2318    0.10654   
9.5263    0.57368   1.8896    0.13742   
9.5263    0.57368   1.6651    0.12977   
10        0.6       1.0437    0.096427  
10        0.6       1.7212    0.11101   
10        0.6       1.2964    0.091415  
10        0.6       1.094     0.094599  
10        0.6       1.4238    0.1642    
10        0.6       1.3284    0.091539  
10        0.6       1.5861    0.14188   
10        0.6       1.4354    0.12878   
10        0.6       0.70743   0.079069  
10        0.6       0.60626   0.080498  
10        0.6       1.4549    0.10886   
10        0.6       0.8791    0.09046   
10        0.6       1.3027    0.11033   
10        0.6       0.72697   0.088422  
10        0.6       1.6485    0.12231   
10        0.6       0.80815   0.091366  
10        0.6       1.3229    0.11033   
10        0.6       1.3489    0.16499   
10        0.6       1.4706    0.10636   
10        0.6       1.0659    0.12628   
