# alpha, beta, E, E_err
1         0.1       0.09085   0.0057312 
1         0.1       0.69163   0.0097088 
1         0.1       1.1836    0.014379  
1         0.1       1.5937    0.014944  
1         0.1       2.1395    0.025446  
1         0.1       2.3117    0.037929  
1         0.1       2.6777    0.020099  
1         0.1       2.8599    0.018344  
1         0.1       3.324     0.053346  
1         0.1       3.3867    0.035477  
1         0.1       3.6238    0.037182  
1         0.1       3.7929    0.032348  
1         0.1       3.9361    0.029047  
1         0.1       4.1026    0.033861  
1         0.1       4.3212    0.033956  
1         0.1       4.6006    0.044629  
1         0.1       4.6381    0.038677  
1         0.1       4.5549    0.03217   
1         0.1       4.937     0.041708  
1         0.1       4.8072    0.036149  
1.4737    0.12632   0.65577   0.0091145 
1.4737    0.12632   1.3745    0.024664  
1.4737    0.12632   1.7537    0.038953  
1.4737    0.12632   2.0629    0.029199  
1.4737    0.12632   2.3345    0.030289  
1.4737    0.12632   2.5228    0.024164  
1.4737    0.12632   2.7242    0.026182  
1.4737    0.12632   2.8821    0.02595   
1.4737    0.12632   2.9711    0.027913  
1.4737    0.12632   3.0601    0.028174  
1.4737    0.12632   3.2347    0.032857  
1.4737    0.12632   3.681     0.12901   
1.4737    0.12632   3.5914    0.038006  
1.4737    0.12632   3.8077    0.047383  
1.4737    0.12632   3.6459    0.029045  
1.4737    0.12632   3.7159    0.030637  
1.4737    0.12632   3.8213    0.032935  
1.4737    0.12632   3.964     0.068     
1.4737    0.12632   3.9792    0.029599  
1.4737    0.12632   4.2014    0.033564  
1.9474    0.15263   1.3587    0.018474  
1.9474    0.15263   1.7583    0.022922  
1.9474    0.15263   2.0828    0.021691  
1.9474    0.15263   2.3363    0.025643  
1.9474    0.15263   2.431     0.025943  
1.9474    0.15263   2.528     0.027999  
1.9474    0.15263   2.7253    0.026601  
1.9474    0.15263   2.9448    0.058431  
1.9474    0.15263   3.0628    0.040245  
1.9474    0.15263   3.0978    0.037297  
1.9474    0.15263   3.074     0.023238  
1.9474    0.15263   3.3181    0.028839  
1.9474    0.15263   3.3753    0.044889  
1.9474    0.15263   3.3786    0.031662  
1.9474    0.15263   3.6773    0.047054  
1.9474    0.15263   3.8607    0.15224   
1.9474    0.15263   3.8427    0.0973    
1.9474    0.15263   3.8228    0.058418  
1.9474    0.15263   3.468     0.02947   
1.9474    0.15263   3.9241    0.056833  
2.4211    0.17895   1.7914    0.015391  
2.4211    0.17895   2.1249    0.024834  
2.4211    0.17895   2.2152    0.018531  
2.4211    0.17895   2.3635    0.019846  
2.4211    0.17895   2.628     0.029192  
2.4211    0.17895   2.5689    0.025162  
2.4211    0.17895   2.7312    0.028768  
2.4211    0.17895   2.7846    0.048619  
2.4211    0.17895   2.7431    0.023517  
2.4211    0.17895   2.8655    0.019872  
2.4211    0.17895   3.111     0.040083  
2.4211    0.17895   2.9675    0.024502  
2.4211    0.17895   3.0222    0.028949  
2.4211    0.17895   3.3349    0.09354   
2.4211    0.17895   3.196     0.022746  
2.4211    0.17895   3.2845    0.047431  
2.4211    0.17895   3.3726    0.030599  
2.4211    0.17895   3.3514    0.027915  
2.4211    0.17895   3.4695    0.047223  
2.4211    0.17895   3.5754    0.042015  
2.8947    0.20526   2.2748    0.026038  
2.8947    0.20526   2.4132    0.024871  
2.8947    0.20526   2.6334    0.067497  
2.8947    0.20526   2.6368    0.026496  
2.8947    0.20526   2.6108    0.021852  
2.8947    0.20526   2.6807    0.024428  
2.8947    0.20526   2.6333    0.021151  
2.8947    0.20526   3.3088    0.16128   
2.8947    0.20526   2.9128    0.024748  
2.8947    0.20526   2.8599    0.024695  
2.8947    0.20526   2.9535    0.030177  
2.8947    0.20526   3.3627    0.08335   
2.8947    0.20526   3.0159    0.024436  
2.8947    0.20526   3.1493    0.030981  
2.8947    0.20526   3.1538    0.031159  
2.8947    0.20526   3.0573    0.033047  
2.8947    0.20526   3.1786    0.03365   
2.8947    0.20526   3.2678    0.037361  
2.8947    0.20526   3.1988    0.030524  
2.8947    0.20526   3.1958    0.027987  
3.3684    0.23158   2.5128    0.020051  
3.3684    0.23158   2.5911    0.025643  
3.3684    0.23158   2.6392    0.039557  
3.3684    0.23158   2.6304    0.025861  
3.3684    0.23158   2.6978    0.025575  
3.3684    0.23158   2.6269    0.027014  
3.3684    0.23158   2.7383    0.026423  
3.3684    0.23158   2.813     0.028782  
3.3684    0.23158   2.8386    0.037858  
3.3684    0.23158   2.8786    0.023348  
3.3684    0.23158   3.0608    0.035235  
3.3684    0.23158   2.9119    0.023132  
3.3684    0.23158   2.8823    0.028554  
3.3684    0.23158   3.0223    0.024517  
3.3684    0.23158   2.9482    0.031164  
3.3684    0.23158   3.0453    0.035788  
3.3684    0.23158   2.9397    0.024164  
3.3684    0.23158   3.0515    0.02321   
3.3684    0.23158   3.1268    0.030733  
3.3684    0.23158   3.0378    0.035253  
3.8421    0.25789   2.7015    0.02761   
3.8421    0.25789   2.8871    0.047982  
3.8421    0.25789   2.6532    0.028879  
3.8421    0.25789   2.6654    0.025779  
3.8421    0.25789   2.5522    0.024688  
3.8421    0.25789   2.7613    0.025465  
3.8421    0.25789   2.8294    0.027816  
3.8421    0.25789   2.9174    0.031384  
3.8421    0.25789   2.7341    0.042167  
3.8421    0.25789   2.7357    0.026074  
3.8421    0.25789   2.7603    0.025809  
3.8421    0.25789   2.7646    0.024163  
3.8421    0.25789   2.7997    0.025677  
3.8421    0.25789   2.9652    0.034668  
3.8421    0.25789   2.8926    0.022861  
3.8421    0.25789   3.1108    0.035308  
3.8421    0.25789   2.9647    0.033866  
3.8421    0.25789   2.8581    0.024586  
3.8421    0.25789   2.9793    0.029518  
3.8421    0.25789   3.0738    0.026064  
4.3158    0.28421   2.8988    0.040513  
4.3158    0.28421   2.7353    0.028319  
4.3158    0.28421   2.7777    0.046723  
4.3158    0.28421   2.685     0.030151  
4.3158    0.28421   2.7509    0.027581  
4.3158    0.28421   2.6767    0.025816  
4.3158    0.28421   2.794     0.029637  
4.3158    0.28421   2.7996    0.026773  
4.3158    0.28421   2.7147    0.029022  
4.3158    0.28421   2.7186    0.028665  
4.3158    0.28421   2.8832    0.050017  
4.3158    0.28421   2.8578    0.041092  
4.3158    0.28421   3.0694    0.058648  
4.3158    0.28421   2.8684    0.044004  
4.3158    0.28421   2.8986    0.033168  
4.3158    0.28421   2.9859    0.028554  
4.3158    0.28421   2.8487    0.030519  
4.3158    0.28421   2.9999    0.036375  
4.3158    0.28421   2.953     0.033376  
4.3158    0.28421   2.9503    0.026421  
4.7895    0.31053   2.8145    0.039802  
4.7895    0.31053   2.719     0.026246  
4.7895    0.31053   2.7116    0.029234  
4.7895    0.31053   2.825     0.031035  
4.7895    0.31053   2.5361    0.028011  
4.7895    0.31053   2.6037    0.026167  
4.7895    0.31053   2.8703    0.037072  
4.7895    0.31053   2.6604    0.027824  
4.7895    0.31053   2.712     0.030926  
4.7895    0.31053   2.8017    0.032857  
4.7895    0.31053   2.8035    0.058458  
4.7895    0.31053   2.7037    0.027902  
4.7895    0.31053   2.6587    0.030143  
4.7895    0.31053   2.9113    0.042725  
4.7895    0.31053   2.8232    0.030471  
4.7895    0.31053   2.724     0.029006  
4.7895    0.31053   2.8848    0.039587  
4.7895    0.31053   2.8295    0.033957  
4.7895    0.31053   2.7939    0.035415  
4.7895    0.31053   2.949     0.036671  
5.2632    0.33684   2.669     0.028216  
5.2632    0.33684   2.7241    0.036588  
5.2632    0.33684   2.7956    0.048902  
5.2632    0.33684   2.7704    0.033532  
5.2632    0.33684   2.5529    0.030437  
5.2632    0.33684   2.5328    0.02393   
5.2632    0.33684   2.7408    0.032338  
5.2632    0.33684   2.5298    0.024544  
5.2632    0.33684   2.8325    0.037078  
5.2632    0.33684   2.5673    0.030562  
5.2632    0.33684   2.5555    0.023455  
5.2632    0.33684   2.9673    0.074517  
5.2632    0.33684   2.6768    0.031376  
5.2632    0.33684   2.7245    0.041017  
5.2632    0.33684   2.7062    0.032167  
5.2632    0.33684   2.6876    0.039262  
5.2632    0.33684   2.6234    0.032906  
5.2632    0.33684   3.372     0.20825   
5.2632    0.33684   2.6533    0.028123  
5.2632    0.33684   2.6482    0.030815  
5.7368    0.36316   2.6112    0.030184  
5.7368    0.36316   2.6446    0.028026  
5.7368    0.36316   2.6463    0.029346  
5.7368    0.36316   2.4768    0.027144  
5.7368    0.36316   2.5901    0.031109  
5.7368    0.36316   2.7894    0.039798  
5.7368    0.36316   2.5656    0.044233  
5.7368    0.36316   2.4984    0.027131  
5.7368    0.36316   2.6965    0.11454   
5.7368    0.36316   2.6267    0.038124  
5.7368    0.36316   2.6502    0.03158   
5.7368    0.36316   2.5432    0.030006  
5.7368    0.36316   2.562     0.033423  
5.7368    0.36316   2.5063    0.035867  
5.7368    0.36316   2.7065    0.032686  
5.7368    0.36316   2.496     0.026267  
5.7368    0.36316   2.6498    0.036561  
5.7368    0.36316   2.4511    0.035205  
5.7368    0.36316   2.5178    0.030416  
5.7368    0.36316   2.7555    0.050955  
6.2105    0.38947   2.711     0.034577  
6.2105    0.38947   2.5277    0.02649   
6.2105    0.38947   2.4392    0.03147   
6.2105    0.38947   2.5697    0.031201  
6.2105    0.38947   2.4395    0.030424  
6.2105    0.38947   2.3751    0.026953  
6.2105    0.38947   2.6043    0.054141  
6.2105    0.38947   2.4526    0.030867  
6.2105    0.38947   2.4476    0.048505  
6.2105    0.38947   2.4678    0.033055  
6.2105    0.38947   2.5162    0.031917  
6.2105    0.38947   2.3841    0.034506  
6.2105    0.38947   2.3174    0.027741  
6.2105    0.38947   2.4604    0.032292  
6.2105    0.38947   2.4088    0.036464  
6.2105    0.38947   2.4401    0.032879  
6.2105    0.38947   2.3601    0.030277  
6.2105    0.38947   2.4789    0.037166  
6.2105    0.38947   2.4963    0.034814  
6.2105    0.38947   2.479     0.032183  
6.6842    0.41579   2.5025    0.029526  
6.6842    0.41579   2.524     0.031527  
6.6842    0.41579   2.5721    0.073107  
6.6842    0.41579   2.3194    0.037412  
6.6842    0.41579   2.3921    0.032237  
6.6842    0.41579   2.5984    0.059593  
6.6842    0.41579   2.2908    0.032478  
6.6842    0.41579   2.3601    0.033012  
6.6842    0.41579   2.4192    0.034731  
6.6842    0.41579   2.3422    0.028929  
6.6842    0.41579   2.5237    0.033038  
6.6842    0.41579   2.4497    0.040217  
6.6842    0.41579   2.1984    0.054061  
6.6842    0.41579   2.3518    0.033206  
6.6842    0.41579   2.2455    0.030673  
6.6842    0.41579   2.2453    0.031935  
6.6842    0.41579   2.1104    0.02891   
6.6842    0.41579   2.3058    0.03053   
6.6842    0.41579   2.1811    0.030911  
6.6842    0.41579   2.8277    0.14421   
7.1579    0.44211   2.4969    0.043634  
7.1579    0.44211   2.3099    0.030134  
7.1579    0.44211   2.365     0.036163  
7.1579    0.44211   2.2924    0.036368  
7.1579    0.44211   2.096     0.029428  
7.1579    0.44211   2.2161    0.029277  
7.1579    0.44211   2.384     0.033223  
7.1579    0.44211   2.3705    0.035505  
7.1579    0.44211   2.0888    0.03277   
7.1579    0.44211   2.0822    0.029575  
7.1579    0.44211   2.2128    0.05243   
7.1579    0.44211   2.4513    0.044876  
7.1579    0.44211   2.2528    0.046005  
7.1579    0.44211   2.1727    0.029654  
7.1579    0.44211   2.0788    0.029239  
7.1579    0.44211   2.0481    0.031424  
7.1579    0.44211   2.1572    0.031721  
7.1579    0.44211   2.126     0.035314  
7.1579    0.44211   2.295     0.036881  
7.1579    0.44211   2.0673    0.027979  
7.6316    0.46842   2.4148    0.042304  
7.6316    0.46842   2.0262    0.025588  
7.6316    0.46842   2.3007    0.043382  
7.6316    0.46842   2.1399    0.032397  
7.6316    0.46842   2.1798    0.039402  
7.6316    0.46842   2.215     0.034909  
7.6316    0.46842   2.0676    0.034052  
7.6316    0.46842   2.0893    0.036954  
7.6316    0.46842   1.9567    0.030377  
7.6316    0.46842   1.9516    0.033226  
7.6316    0.46842   2.0664    0.033461  
7.6316    0.46842   2.1175    0.049619  
7.6316    0.46842   2.1091    0.038338  
7.6316    0.46842   2.1319    0.033098  
7.6316    0.46842   2.0579    0.038491  
7.6316    0.46842   1.9621    0.033284  
7.6316    0.46842   2.1744    0.033427  
7.6316    0.46842   1.8506    0.030473  
7.6316    0.46842   2.0192    0.03211   
7.6316    0.46842   2.1421    0.043272  
8.1053    0.49474   2.2031    0.048205  
8.1053    0.49474   1.9898    0.033709  
8.1053    0.49474   2.105     0.046969  
8.1053    0.49474   2.1386    0.037938  
8.1053    0.49474   2.1831    0.047739  
8.1053    0.49474   2.1012    0.054626  
8.1053    0.49474   1.8874    0.037875  
8.1053    0.49474   1.8103    0.034663  
8.1053    0.49474   2.0077    0.044061  
8.1053    0.49474   1.9176    0.035772  
8.1053    0.49474   2.1096    0.081223  
8.1053    0.49474   2.0842    0.06818   
8.1053    0.49474   1.7668    0.03111   
8.1053    0.49474   1.6757    0.029239  
8.1053    0.49474   2.0492    0.040808  
8.1053    0.49474   1.8729    0.058961  
8.1053    0.49474   1.9838    0.040414  
8.1053    0.49474   1.782     0.037347  
8.1053    0.49474   1.8094    0.036614  
8.1053    0.49474   1.8123    0.034479  
8.5789    0.52105   2.1519    0.061436  
8.5789    0.52105   2.0688    0.04927   
8.5789    0.52105   1.8155    0.032651  
8.5789    0.52105   1.7842    0.031405  
8.5789    0.52105   1.8574    0.039293  
8.5789    0.52105   1.6083    0.03155   
8.5789    0.52105   1.9512    0.040765  
8.5789    0.52105   1.9047    0.036985  
8.5789    0.52105   1.9399    0.065273  
8.5789    0.52105   1.7982    0.039632  
8.5789    0.52105   2.02      0.045426  
8.5789    0.52105   1.806     0.034651  
8.5789    0.52105   1.6899    0.035674  
8.5789    0.52105   1.7407    0.048184  
8.5789    0.52105   1.8671    0.035839  
8.5789    0.52105   2.0514    0.22856   
8.5789    0.52105   1.7679    0.04293   
8.5789    0.52105   1.8632    0.038747  
8.5789    0.52105   1.7621    0.036728  
8.5789    0.52105   1.8739    0.03608   
9.0526    0.54737   1.6375    0.034436  
9.0526    0.54737   1.6158    0.032194  
9.0526    0.54737   1.8801    0.042489  
9.0526    0.54737   1.657     0.037566  
9.0526    0.54737   2.0719    0.058869  
9.0526    0.54737   1.6054    0.035323  
9.0526    0.54737   1.7698    0.04027   
9.0526    0.54737   1.5829    0.034216  
9.0526    0.54737   1.635     0.040081  
9.0526    0.54737   1.4941    0.031716  
9.0526    0.54737   1.7691    0.069365  
9.0526    0.54737   1.6779    0.033678  
9.0526    0.54737   1.6225    0.044438  
9.0526    0.54737   1.5303    0.036983  
9.0526    0.54737   1.6857    0.041105  
9.0526    0.54737   1.4159    0.033923  
9.0526    0.54737   1.6295    0.038557  
9.0526    0.54737   1.6207    0.042477  
9.0526    0.54737   1.5543    0.035225  
9.0526    0.54737   2.1697    0.17149   
9.5263    0.57368   1.5919    0.04323   
9.5263    0.57368   1.7424    0.040495  
9.5263    0.57368   1.5866    0.038327  
9.5263    0.57368   1.9816    0.42693   
9.5263    0.57368   1.7339    0.037714  
9.5263    0.57368   1.4011    0.033903  
9.5263    0.57368   1.4056    0.037512  
9.5263    0.57368   1.6011    0.044478  
9.5263    0.57368   1.6049    0.037094  
9.5263    0.57368   1.4329    0.032168  
9.5263    0.57368   1.3974    0.034904  
9.5263    0.57368   1.5777    0.045118  
9.5263    0.57368   1.6022    0.038863  
9.5263    0.57368   1.579     0.041207  
9.5263    0.57368   1.3606    0.03186   
9.5263    0.57368   1.4104    0.047453  
9.5263    0.57368   1.3154    0.040702  
9.5263    0.57368   1.3042    0.033922  
9.5263    0.57368   1.3205    0.035674  
9.5263    0.57368   1.3097    0.041715  
10        0.6       1.6267    0.052013  
10        0.6       1.7482    0.097802  
10        0.6       1.4523    0.039916  
10        0.6       1.6081    0.050348  
10        0.6       1.6079    0.057448  
10        0.6       1.3437    0.038502  
10        0.6       1.3354    0.040068  
10        0.6       1.2322    0.035687  
10        0.6       1.3788    0.048283  
10        0.6       1.3692    0.077839  
10        0.6       1.4702    0.044721  
10        0.6       1.096     0.040281  
10        0.6       1.0149    0.036621  
10        0.6       1.2328    0.041212  
10        0.6       1.1335    0.034059  
10        0.6       1.678     0.14576   
10        0.6       1.1239    0.035345  
10        0.6       1.1531    0.05562   
10        0.6       1.2829    0.077207  
10        0.6       1.1563    0.040175  
