# delta = 1.000, g = 0.500, generator = white          
# ====================================================================================
#    s              E            dE/ds        ||eta2B||      ||fod||       ||Gammaod||    
# ====================================================================================

0.00000000     1.50000000     -0.14583333    0.44876373     0.00000000     1.41421356     
0.00500000     1.50000000     -0.14583333    0.44876373     0.00000000     1.40817370     
0.01000000     1.49927083     -0.14459372    0.44686860     0.00000000     1.40216118     
0.01500000     1.49854786     -0.14336490    0.44498161     0.00000000     1.39617587     
0.02000000     1.49783104     -0.14214676    0.44310273     0.00000000     1.39021763     
0.02500000     1.49712031     -0.14093920    0.44123191     0.00000000     1.38428630     
0.03000000     1.49641561     -0.13974214    0.43936913     0.00000000     1.37838175     
0.03500000     1.49571690     -0.13855548    0.43751435     0.00000000     1.37250385     
0.04000000     1.49502412     -0.13737913    0.43566753     0.00000000     1.36665245     
0.04500000     1.49433723     -0.13621298    0.43382864     0.00000000     1.36082741     
0.05000000     1.49365616     -0.13505695    0.43199764     0.00000000     1.35502861     
0.05500000     1.49298088     -0.13391095    0.43017450     0.00000000     1.34925590     
0.06000000     1.49231132     -0.13277489    0.42835917     0.00000000     1.34350915     
0.06500000     1.49164745     -0.13164867    0.42655164     0.00000000     1.33778823     
0.07000000     1.49098920     -0.13053221    0.42475185     0.00000000     1.33209300     
0.07500000     1.49033654     -0.12942542    0.42295978     0.00000000     1.32642333     
0.08000000     1.48968942     -0.12832822    0.42117539     0.00000000     1.32077910     
0.08500000     1.48904778     -0.12724051    0.41939865     0.00000000     1.31516016     
0.09000000     1.48841157     -0.12616221    0.41762953     0.00000000     1.30956639     
0.09500000     1.48778076     -0.12509324    0.41586798     0.00000000     1.30399767     
0.10000000     1.48715530     -0.12403352    0.41411398     0.00000000     1.29845386     
0.10500000     1.48653513     -0.12298295    0.41236749     0.00000000     1.29293485     
0.11000000     1.48592021     -0.12194146    0.41062848     0.00000000     1.28744049     
0.11500000     1.48531051     -0.12090897    0.40889692     0.00000000     1.28197067     
0.12000000     1.48470596     -0.11988540    0.40717277     0.00000000     1.27652526     
0.12500000     1.48410653     -0.11887066    0.40545600     0.00000000     1.27110415     
0.13000000     1.48351218     -0.11786467    0.40374658     0.00000000     1.26570720     
0.13500000     1.48292286     -0.11686737    0.40204447     0.00000000     1.26033429     
0.14000000     1.48233852     -0.11587867    0.40034965     0.00000000     1.25498531     
0.14500000     1.48175913     -0.11489849    0.39866207     0.00000000     1.24966013     
0.15000000     1.48118463     -0.11392676    0.39698172     0.00000000     1.24435864     
0.15500000     1.48061500     -0.11296341    0.39530855     0.00000000     1.23908071     
0.16000000     1.48005018     -0.11200835    0.39364253     0.00000000     1.23382623     
0.16500000     1.47949014     -0.11106152    0.39198363     0.00000000     1.22859507     
0.17000000     1.47893483     -0.11012284    0.39033183     0.00000000     1.22338713     
0.17500000     1.47838422     -0.10919223    0.38868709     0.00000000     1.21820229     
0.18000000     1.47783826     -0.10826964    0.38704937     0.00000000     1.21304043     
0.18500000     1.47729691     -0.10735498    0.38541865     0.00000000     1.20790144     
0.19000000     1.47676014     -0.10644818    0.38379490     0.00000000     1.20278520     
0.19500000     1.47622789     -0.10554918    0.38217809     0.00000000     1.19769160     
0.20000000     1.47570015     -0.10465790    0.38056818     0.00000000     1.19262053     
0.20500000     1.47517686     -0.10377429    0.37896514     0.00000000     1.18757188     
0.21000000     1.47465799     -0.10289826    0.37736895     0.00000000     1.18254553     
0.21500000     1.47414350     -0.10202975    0.37577957     0.00000000     1.17754138     
0.22000000     1.47363335     -0.10116870    0.37419698     0.00000000     1.17255932     
0.22500000     1.47312750     -0.10031504    0.37262114     0.00000000     1.16759923     
0.23000000     1.47262593     -0.09946870    0.37105203     0.00000000     1.16266102     
0.23500000     1.47212859     -0.09862962    0.36948961     0.00000000     1.15774457     
0.24000000     1.47163544     -0.09779774    0.36793386     0.00000000     1.15284977     
0.24500000     1.47114645     -0.09697299    0.36638474     0.00000000     1.14797652     
0.25000000     1.47066158     -0.09615531    0.36484223     0.00000000     1.14312472     
0.25500000     1.47018081     -0.09534463    0.36330630     0.00000000     1.13829426     
0.26000000     1.46970408     -0.09454090    0.36177692     0.00000000     1.13348503     
0.26500000     1.46923138     -0.09374404    0.36025406     0.00000000     1.12869693     
0.27000000     1.46876266     -0.09295402    0.35873769     0.00000000     1.12392986     
0.27500000     1.46829789     -0.09217075    0.35722779     0.00000000     1.11918372     
0.28000000     1.46783704     -0.09139419    0.35572432     0.00000000     1.11445840     
0.28500000     1.46738006     -0.09062427    0.35422726     0.00000000     1.10975380     
0.29000000     1.46692694     -0.08986093    0.35273658     0.00000000     1.10506983     
0.29500000     1.46647764     -0.08910413    0.35125224     0.00000000     1.10040638     
0.30000000     1.46603212     -0.08835379    0.34977423     0.00000000     1.09576335     
0.30500000     1.46559035     -0.08760986    0.34830252     0.00000000     1.09114065     
0.31000000     1.46515230     -0.08687230    0.34683707     0.00000000     1.08653818     
0.31500000     1.46471794     -0.08614103    0.34537787     0.00000000     1.08195583     
0.32000000     1.46428723     -0.08541601    0.34392488     0.00000000     1.07739352     
0.32500000     1.46386015     -0.08469718    0.34247807     0.00000000     1.07285114     
0.33000000     1.46343667     -0.08398448    0.34103742     0.00000000     1.06832861     
0.33500000     1.46301675     -0.08327787    0.33960291     0.00000000     1.06382581     
0.34000000     1.46260036     -0.08257729    0.33817450     0.00000000     1.05934267     
0.34500000     1.46218747     -0.08188268    0.33675217     0.00000000     1.05487909     
0.35000000     1.46177806     -0.08119400    0.33533589     0.00000000     1.05043496     
0.35500000     1.46137209     -0.08051119    0.33392564     0.00000000     1.04601021     
0.36000000     1.46096953     -0.07983420    0.33252138     0.00000000     1.04160473     
0.36500000     1.46057036     -0.07916298    0.33112310     0.00000000     1.03721844     
0.37000000     1.46017454     -0.07849748    0.32973077     0.00000000     1.03285124     
0.37500000     1.45978206     -0.07783765    0.32834436     0.00000000     1.02850305     
0.38000000     1.45939287     -0.07718344    0.32696384     0.00000000     1.02417377     
0.38500000     1.45900695     -0.07653480    0.32558920     0.00000000     1.01986331     
0.39000000     1.45862428     -0.07589169    0.32422040     0.00000000     1.01557158     
0.39500000     1.45824482     -0.07525405    0.32285741     0.00000000     1.01129850     
0.40000000     1.45786855     -0.07462183    0.32150022     0.00000000     1.00704397     
0.40500000     1.45749544     -0.07399500    0.32014880     0.00000000     1.00280792     
0.41000000     1.45712546     -0.07337349    0.31880312     0.00000000     0.99859024     
0.41500000     1.45675860     -0.07275728    0.31746316     0.00000000     0.99439086     
0.42000000     1.45639481     -0.07214630    0.31612890     0.00000000     0.99020969     
0.42500000     1.45603408     -0.07154052    0.31480030     0.00000000     0.98604664     
0.43000000     1.45567638     -0.07093988    0.31347734     0.00000000     0.98190162     
0.43500000     1.45532168     -0.07034435    0.31216001     0.00000000     0.97777456     
0.44000000     1.45496996     -0.06975388    0.31084827     0.00000000     0.97366537     
0.44500000     1.45462119     -0.06916843    0.30954210     0.00000000     0.96957396     
0.45000000     1.45427534     -0.06858795    0.30824148     0.00000000     0.96550025     
0.45500000     1.45393240     -0.06801240    0.30694638     0.00000000     0.96144416     
0.46000000     1.45359234     -0.06744173    0.30565677     0.00000000     0.95740560     
0.46500000     1.45325513     -0.06687591    0.30437265     0.00000000     0.95338450     
0.47000000     1.45292075     -0.06631490    0.30309397     0.00000000     0.94938077     
0.47500000     1.45258918     -0.06575864    0.30182072     0.00000000     0.94539433     
0.48000000     1.45226039     -0.06520710    0.30055287     0.00000000     0.94142510     
0.48500000     1.45193435     -0.06466024    0.29929041     0.00000000     0.93747300     
0.49000000     1.45161105     -0.06411802    0.29803330     0.00000000     0.93353795     
0.49500000     1.45129046     -0.06358039    0.29678152     0.00000000     0.92961987     
0.50000000     1.45097256     -0.06304732    0.29553506     0.00000000     0.92571868     
0.50500000     1.45065732     -0.06251877    0.29429388     0.00000000     0.92183431     
0.51000000     1.45034473     -0.06199470    0.29305797     0.00000000     0.91796667     
0.51500000     1.45003475     -0.06147508    0.29182730     0.00000000     0.91411569     
0.52000000     1.44972738     -0.06095985    0.29060184     0.00000000     0.91028129     
0.52500000     1.44942258     -0.06044899    0.28938159     0.00000000     0.90646340     
0.53000000     1.44912033     -0.05994245    0.28816651     0.00000000     0.90266193     
0.53500000     1.44882062     -0.05944020    0.28695658     0.00000000     0.89887682     
0.54000000     1.44852342     -0.05894221    0.28575178     0.00000000     0.89510798     
0.54500000     1.44822871     -0.05844843    0.28455208     0.00000000     0.89135534     
0.55000000     1.44793647     -0.05795883    0.28335747     0.00000000     0.88761883     
0.55500000     1.44764667     -0.05747337    0.28216793     0.00000000     0.88389837     
0.56000000     1.44735931     -0.05699202    0.28098343     0.00000000     0.88019389     
0.56500000     1.44707435     -0.05651474    0.27980394     0.00000000     0.87650532     
0.57000000     1.44679177     -0.05604150    0.27862945     0.00000000     0.87283257     
0.57500000     1.44651157     -0.05557226    0.27745994     0.00000000     0.86917559     
0.58000000     1.44623370     -0.05510699    0.27629539     0.00000000     0.86553430     
0.58500000     1.44595817     -0.05464565    0.27513576     0.00000000     0.86190862     
0.59000000     1.44568494     -0.05418821    0.27398105     0.00000000     0.85829848     
0.59500000     1.44541400     -0.05373463    0.27283123     0.00000000     0.85470382     
0.60000000     1.44514533     -0.05328489    0.27168628     0.00000000     0.85112456     
0.60500000     1.44487890     -0.05283895    0.27054618     0.00000000     0.84756063     
0.61000000     1.44461471     -0.05239677    0.26941091     0.00000000     0.84401196     
0.61500000     1.44435272     -0.05195833    0.26828044     0.00000000     0.84047849     
0.62000000     1.44409293     -0.05152360    0.26715476     0.00000000     0.83696014     
0.62500000     1.44383531     -0.05109253    0.26603384     0.00000000     0.83345684     
0.63000000     1.44357985     -0.05066510    0.26491767     0.00000000     0.82996853     
0.63500000     1.44332653     -0.05024128    0.26380623     0.00000000     0.82649513     
0.64000000     1.44307532     -0.04982104    0.26269949     0.00000000     0.82303659     
0.64500000     1.44282621     -0.04940434    0.26159743     0.00000000     0.81959282     
0.65000000     1.44257919     -0.04899116    0.26050003     0.00000000     0.81616378     
0.65500000     1.44233424     -0.04858147    0.25940728     0.00000000     0.81274938     
0.66000000     1.44209133     -0.04817523    0.25831916     0.00000000     0.80934956     
0.66500000     1.44185045     -0.04777241    0.25723563     0.00000000     0.80596426     
0.67000000     1.44161159     -0.04737300    0.25615669     0.00000000     0.80259341     
0.67500000     1.44137473     -0.04697695    0.25508232     0.00000000     0.79923694     
0.68000000     1.44113984     -0.04658424    0.25401249     0.00000000     0.79589480     
0.68500000     1.44090692     -0.04619484    0.25294718     0.00000000     0.79256691     
0.69000000     1.44067595     -0.04580872    0.25188638     0.00000000     0.78925321     
0.69500000     1.44044690     -0.04542586    0.25083007     0.00000000     0.78595364     
0.70000000     1.44021977     -0.04504622    0.24977822     0.00000000     0.78266813     
0.70500000     1.43999454     -0.04466978    0.24873082     0.00000000     0.77939662     
0.71000000     1.43977119     -0.04429651    0.24768785     0.00000000     0.77613905     
0.71500000     1.43954971     -0.04392639    0.24664928     0.00000000     0.77289536     
0.72000000     1.43933008     -0.04355938    0.24561511     0.00000000     0.76966547     
0.72500000     1.43911228     -0.04319547    0.24458531     0.00000000     0.76644934     
0.73000000     1.43889630     -0.04283461    0.24355987     0.00000000     0.76324689     
0.73500000     1.43868213     -0.04247680    0.24253875     0.00000000     0.76005807     
0.74000000     1.43846975     -0.04212199    0.24152196     0.00000000     0.75688282     
0.74500000     1.43825914     -0.04177018    0.24050946     0.00000000     0.75372107     
0.75000000     1.43805029     -0.04142132    0.23950123     0.00000000     0.75057277     
0.75500000     1.43784318     -0.04107540    0.23849727     0.00000000     0.74743785     
0.76000000     1.43763780     -0.04073239    0.23749755     0.00000000     0.74431626     
0.76500000     1.43743414     -0.04039227    0.23650205     0.00000000     0.74120793     
0.77000000     1.43723218     -0.04005500    0.23551076     0.00000000     0.73811280     
0.77500000     1.43703190     -0.03972057    0.23452366     0.00000000     0.73503083     
0.78000000     1.43683330     -0.03938896    0.23354073     0.00000000     0.73196194     
0.78500000     1.43663636     -0.03906013    0.23256194     0.00000000     0.72890608     
0.79000000     1.43644106     -0.03873407    0.23158730     0.00000000     0.72586319     
0.79500000     1.43624739     -0.03841075    0.23061676     0.00000000     0.72283322     
0.80000000     1.43605533     -0.03809015    0.22965033     0.00000000     0.71981611     
0.80500000     1.43586488     -0.03777224    0.22868798     0.00000000     0.71681179     
0.81000000     1.43567602     -0.03745700    0.22772969     0.00000000     0.71382022     
0.81500000     1.43548873     -0.03714441    0.22677544     0.00000000     0.71084133     
0.82000000     1.43530301     -0.03683445    0.22582523     0.00000000     0.70787507     
0.82500000     1.43511884     -0.03652709    0.22487902     0.00000000     0.70492138     
0.83000000     1.43493621     -0.03622232    0.22393681     0.00000000     0.70198022     
0.83500000     1.43475509     -0.03592010    0.22299858     0.00000000     0.69905151     
0.84000000     1.43457549     -0.03562042    0.22206431     0.00000000     0.69613521     
0.84500000     1.43439739     -0.03532326    0.22113398     0.00000000     0.69323127     
0.85000000     1.43422077     -0.03502860    0.22020757     0.00000000     0.69033962     
0.85500000     1.43404563     -0.03473640    0.21928508     0.00000000     0.68746021     
0.86000000     1.43387195     -0.03444666    0.21836647     0.00000000     0.68459300     
0.86500000     1.43369972     -0.03415936    0.21745175     0.00000000     0.68173792     
0.87000000     1.43352892     -0.03387446    0.21654088     0.00000000     0.67889492     
0.87500000     1.43335955     -0.03359196    0.21563386     0.00000000     0.67606394     
0.88000000     1.43319159     -0.03331182    0.21473066     0.00000000     0.67324495     
0.88500000     1.43302503     -0.03303404    0.21383127     0.00000000     0.67043787     
0.89000000     1.43285986     -0.03275858    0.21293568     0.00000000     0.66764267     
0.89500000     1.43269607     -0.03248544    0.21204386     0.00000000     0.66485928     
0.90000000     1.43253364     -0.03221459    0.21115581     0.00000000     0.66208766     
0.90500000     1.43237257     -0.03194601    0.21027150     0.00000000     0.65932775     
0.91000000     1.43221284     -0.03167968    0.20939092     0.00000000     0.65657950     
0.91500000     1.43205444     -0.03141559    0.20851405     0.00000000     0.65384286     
0.92000000     1.43189736     -0.03115371    0.20764088     0.00000000     0.65111779     
0.92500000     1.43174159     -0.03089403    0.20677139     0.00000000     0.64840422     
0.93000000     1.43158712     -0.03063652    0.20590557     0.00000000     0.64570211     
0.93500000     1.43143394     -0.03038117    0.20504340     0.00000000     0.64301141     
0.94000000     1.43128203     -0.03012796    0.20418486     0.00000000     0.64033207     
0.94500000     1.43113139     -0.02987688    0.20332994     0.00000000     0.63766403     
0.95000000     1.43098201     -0.02962790    0.20247862     0.00000000     0.63500726     
0.95500000     1.43083387     -0.02938100    0.20163090     0.00000000     0.63236169     
0.96000000     1.43068696     -0.02913617    0.20078674     0.00000000     0.62972729     
0.96500000     1.43054128     -0.02889340    0.19994615     0.00000000     0.62710399     
0.97000000     1.43039682     -0.02865266    0.19910909     0.00000000     0.62449176     
0.97500000     1.43025355     -0.02841393    0.19827557     0.00000000     0.62189054     
0.98000000     1.43011148     -0.02817721    0.19744555     0.00000000     0.61930029     
0.98500000     1.42997060     -0.02794247    0.19661903     0.00000000     0.61672096     
0.99000000     1.42983088     -0.02770969    0.19579600     0.00000000     0.61415250     
0.99500000     1.42969234     -0.02747886    0.19497643     0.00000000     0.61159486     
1.00000000     1.42955494     -0.02724997    0.19416032     0.00000000     0.60904800     
1.00500000     1.42941869     -0.02702299    0.19334764     0.00000000     0.60651187     
1.01000000     1.42928358     -0.02679791    0.19253839     0.00000000     0.60398642     
1.01500000     1.42914959     -0.02657472    0.19173254     0.00000000     0.60147160     
1.02000000     1.42901671     -0.02635339    0.19093009     0.00000000     0.59896738     
1.02500000     1.42888495     -0.02613392    0.19013102     0.00000000     0.59647370     
1.03000000     1.42875428     -0.02591628    0.18933531     0.00000000     0.59399051     
1.03500000     1.42862470     -0.02570047    0.18854296     0.00000000     0.59151778     
1.04000000     1.42849619     -0.02548646    0.18775394     0.00000000     0.58905546     
1.04500000     1.42836876     -0.02527424    0.18696824     0.00000000     0.58660349     
1.05000000     1.42824239     -0.02506380    0.18618586     0.00000000     0.58416184     
1.05500000     1.42811707     -0.02485512    0.18540676     0.00000000     0.58173047     
1.06000000     1.42799279     -0.02464818    0.18463095     0.00000000     0.57930932     
1.06500000     1.42786955     -0.02444298    0.18385840     0.00000000     0.57689835     
1.07000000     1.42774734     -0.02423949    0.18308911     0.00000000     0.57449752     
1.07500000     1.42762614     -0.02403770    0.18232305     0.00000000     0.57210679     
1.08000000     1.42750595     -0.02383760    0.18156022     0.00000000     0.56972610     
1.08500000     1.42738676     -0.02363917    0.18080060     0.00000000     0.56735542     
1.09000000     1.42726857     -0.02344241    0.18004417     0.00000000     0.56499471     
1.09500000     1.42715136     -0.02324728    0.17929093     0.00000000     0.56264391     
1.10000000     1.42703512     -0.02305379    0.17854086     0.00000000     0.56030300     
1.10500000     1.42691985     -0.02286192    0.17779395     0.00000000     0.55797192     
1.11000000     1.42680554     -0.02267165    0.17705018     0.00000000     0.55565063     
1.11500000     1.42669218     -0.02248297    0.17630953     0.00000000     0.55333909     
1.12000000     1.42657977     -0.02229587    0.17557201     0.00000000     0.55103726     
1.12500000     1.42646829     -0.02211033    0.17483759     0.00000000     0.54874509     
1.13000000     1.42635774     -0.02192635    0.17410625     0.00000000     0.54646255     
1.13500000     1.42624811     -0.02174390    0.17337800     0.00000000     0.54418959     
1.14000000     1.42613939     -0.02156297    0.17265281     0.00000000     0.54192617     
1.14500000     1.42603157     -0.02138356    0.17193067     0.00000000     0.53967225     
1.15000000     1.42592465     -0.02120564    0.17121156     0.00000000     0.53742779     
1.15500000     1.42581863     -0.02102921    0.17049548     0.00000000     0.53519275     
1.16000000     1.42571348     -0.02085426    0.16978242     0.00000000     0.53296709     
1.16500000     1.42560921     -0.02068076    0.16907235     0.00000000     0.53075076     
1.17000000     1.42550580     -0.02050872    0.16836527     0.00000000     0.52854373     
1.17500000     1.42540326     -0.02033811    0.16766116     0.00000000     0.52634596     
1.18000000     1.42530157     -0.02016893    0.16696001     0.00000000     0.52415740     
1.18500000     1.42520073     -0.02000116    0.16626181     0.00000000     0.52197802     
1.19000000     1.42510072     -0.01983479    0.16556655     0.00000000     0.51980778     
1.19500000     1.42500155     -0.01966981    0.16487421     0.00000000     0.51764664     
1.20000000     1.42490320     -0.01950621    0.16418478     0.00000000     0.51549456     
1.20500000     1.42480567     -0.01934398    0.16349825     0.00000000     0.51335150     
1.21000000     1.42470895     -0.01918309    0.16281461     0.00000000     0.51121742     
1.21500000     1.42461303     -0.01902356    0.16213384     0.00000000     0.50909228     
1.22000000     1.42451791     -0.01886535    0.16145593     0.00000000     0.50697605     
1.22500000     1.42442359     -0.01870846    0.16078087     0.00000000     0.50486868     
1.23000000     1.42433004     -0.01855289    0.16010865     0.00000000     0.50277015     
1.23500000     1.42423728     -0.01839861    0.15943925     0.00000000     0.50068040     
1.24000000     1.42414529     -0.01824562    0.15877267     0.00000000     0.49859941     
1.24500000     1.42405406     -0.01809390    0.15810889     0.00000000     0.49652713     
1.25000000     1.42396359     -0.01794345    0.15744790     0.00000000     0.49446353     
1.25500000     1.42387387     -0.01779426    0.15678969     0.00000000     0.49240857     
1.26000000     1.42378490     -0.01764631    0.15613424     0.00000000     0.49036222     
1.26500000     1.42369667     -0.01749960    0.15548155     0.00000000     0.48832443     
1.27000000     1.42360917     -0.01735411    0.15483160     0.00000000     0.48629517     
1.27500000     1.42352240     -0.01720983    0.15418438     0.00000000     0.48427441     
1.28000000     1.42343635     -0.01706676    0.15353988     0.00000000     0.48226210     
1.28500000     1.42335102     -0.01692488    0.15289808     0.00000000     0.48025822     
1.29000000     1.42326639     -0.01678419    0.15225899     0.00000000     0.47826272     
1.29500000     1.42318247     -0.01664467    0.15162258     0.00000000     0.47627557     
1.30000000     1.42309925     -0.01650631    0.15098884     0.00000000     0.47429673     
1.30500000     1.42301672     -0.01636910    0.15035776     0.00000000     0.47232618     
1.31000000     1.42293487     -0.01623304    0.14972934     0.00000000     0.47036386     
1.31500000     1.42285371     -0.01609812    0.14910355     0.00000000     0.46840975     
1.32000000     1.42277322     -0.01596432    0.14848040     0.00000000     0.46646382     
1.32500000     1.42269339     -0.01583163    0.14785986     0.00000000     0.46452602     
1.33000000     1.42261424     -0.01570005    0.14724192     0.00000000     0.46259633     
1.33500000     1.42253574     -0.01556957    0.14662659     0.00000000     0.46067470     
1.34000000     1.42245789     -0.01544018    0.14601383     0.00000000     0.45876111     
1.34500000     1.42238069     -0.01531186    0.14540365     0.00000000     0.45685552     
1.35000000     1.42230413     -0.01518462    0.14479603     0.00000000     0.45495789     
1.35500000     1.42222820     -0.01505843    0.14419096     0.00000000     0.45306820     
1.36000000     1.42215291     -0.01493330    0.14358844     0.00000000     0.45118640     
1.36500000     1.42207825     -0.01480921    0.14298844     0.00000000     0.44931247     
1.37000000     1.42200420     -0.01468615    0.14239096     0.00000000     0.44744636     
1.37500000     1.42193077     -0.01456412    0.14179599     0.00000000     0.44558806     
1.38000000     1.42185795     -0.01444311    0.14120352     0.00000000     0.44373752     
1.38500000     1.42178573     -0.01432310    0.14061354     0.00000000     0.44189471     
1.39000000     1.42171412     -0.01420410    0.14002603     0.00000000     0.44005960     
1.39500000     1.42164310     -0.01408608    0.13944099     0.00000000     0.43823215     
1.40000000     1.42157267     -0.01396905    0.13885840     0.00000000     0.43641234     
1.40500000     1.42150282     -0.01385300    0.13827826     0.00000000     0.43460013     
1.41000000     1.42143356     -0.01373791    0.13770056     0.00000000     0.43279548     
1.41500000     1.42136487     -0.01362378    0.13712528     0.00000000     0.43099838     
1.42000000     1.42129675     -0.01351060    0.13655241     0.00000000     0.42920877     
1.42500000     1.42122919     -0.01339837    0.13598195     0.00000000     0.42742664     
1.43000000     1.42116220     -0.01328706    0.13541388     0.00000000     0.42565195     
1.43500000     1.42109577     -0.01317669    0.13484820     0.00000000     0.42388466     
1.44000000     1.42102988     -0.01306724    0.13428489     0.00000000     0.42212476     
1.44500000     1.42096455     -0.01295869    0.13372394     0.00000000     0.42037220     
1.45000000     1.42089975     -0.01285105    0.13316535     0.00000000     0.41862695     
1.45500000     1.42083550     -0.01274431    0.13260910     0.00000000     0.41688899     
1.46000000     1.42077178     -0.01263846    0.13205518     0.00000000     0.41515828     
1.46500000     1.42070859     -0.01253348    0.13150359     0.00000000     0.41343479     
1.47000000     1.42064592     -0.01242939    0.13095431     0.00000000     0.41171850     
1.47500000     1.42058377     -0.01232616    0.13040734     0.00000000     0.41000936     
1.48000000     1.42052214     -0.01222378    0.12986266     0.00000000     0.40830736     
1.48500000     1.42046102     -0.01212226    0.12932027     0.00000000     0.40661245     
1.49000000     1.42040041     -0.01202159    0.12878015     0.00000000     0.40492462     
1.49500000     1.42034030     -0.01192175    0.12824230     0.00000000     0.40324383     
1.50000000     1.42028069     -0.01182275    0.12770670     0.00000000     0.40157005     
1.50500000     1.42022158     -0.01172457    0.12717335     0.00000000     0.39990324     
1.51000000     1.42016296     -0.01162720    0.12664224     0.00000000     0.39824339     
1.51500000     1.42010482     -0.01153065    0.12611335     0.00000000     0.39659046     
1.52000000     1.42004717     -0.01143490    0.12558668     0.00000000     0.39494443     
1.52500000     1.41998999     -0.01133995    0.12506223     0.00000000     0.39330525     
1.53000000     1.41993329     -0.01124579    0.12453997     0.00000000     0.39167292     
1.53500000     1.41987706     -0.01115241    0.12401990     0.00000000     0.39004738     
1.54000000     1.41982130     -0.01105981    0.12350201     0.00000000     0.38842863     
1.54500000     1.41976600     -0.01096798    0.12298629     0.00000000     0.38681662     
1.55000000     1.41971116     -0.01087691    0.12247274     0.00000000     0.38521133     
1.55500000     1.41965678     -0.01078660    0.12196134     0.00000000     0.38361273     
1.56000000     1.41960285     -0.01069705    0.12145208     0.00000000     0.38202079     
1.56500000     1.41954936     -0.01060823    0.12094496     0.00000000     0.38043549     
1.57000000     1.41949632     -0.01052016    0.12043996     0.00000000     0.37885680     
1.57500000     1.41944372     -0.01043282    0.11993708     0.00000000     0.37728468     
1.58000000     1.41939155     -0.01034621    0.11943631     0.00000000     0.37571912     
1.58500000     1.41933982     -0.01026032    0.11893764     0.00000000     0.37416008     
1.59000000     1.41928852     -0.01017514    0.11844106     0.00000000     0.37260753     
1.59500000     1.41923765     -0.01009067    0.11794656     0.00000000     0.37106145     
1.60000000     1.41918719     -0.01000690    0.11745414     0.00000000     0.36952181     
1.60500000     1.41913716     -0.00992383    0.11696378     0.00000000     0.36798859     
1.61000000     1.41908754     -0.00984145    0.11647547     0.00000000     0.36646176     
1.61500000     1.41903833     -0.00975976    0.11598921     0.00000000     0.36494128     
1.62000000     1.41898953     -0.00967875    0.11550499     0.00000000     0.36342713     
1.62500000     1.41894114     -0.00959841    0.11502280     0.00000000     0.36191930     
1.63000000     1.41889315     -0.00951873    0.11454262     0.00000000     0.36041774     
1.63500000     1.41884555     -0.00943972    0.11406446     0.00000000     0.35892244     
1.64000000     1.41879835     -0.00936137    0.11358831     0.00000000     0.35743336     
1.64500000     1.41875155     -0.00928367    0.11311415     0.00000000     0.35595048     
1.65000000     1.41870513     -0.00920662    0.11264198     0.00000000     0.35447378     
1.65500000     1.41865910     -0.00913020    0.11217178     0.00000000     0.35300322     
1.66000000     1.41861345     -0.00905442    0.11170356     0.00000000     0.35153879     
1.66500000     1.41856817     -0.00897928    0.11123729     0.00000000     0.35008046     
1.67000000     1.41852328     -0.00890475    0.11077298     0.00000000     0.34862819     
1.67500000     1.41847875     -0.00883085    0.11031062     0.00000000     0.34718197     
1.68000000     1.41843460     -0.00875756    0.10985019     0.00000000     0.34574178     
1.68500000     1.41839081     -0.00868488    0.10939170     0.00000000     0.34430757     
1.69000000     1.41834739     -0.00861281    0.10893512     0.00000000     0.34287934     
1.69500000     1.41830432     -0.00854133    0.10848046     0.00000000     0.34145705     
1.70000000     1.41826162     -0.00847045    0.10802770     0.00000000     0.34004068     
1.70500000     1.41821926     -0.00840016    0.10757683     0.00000000     0.33863020     
1.71000000     1.41817726     -0.00833045    0.10712786     0.00000000     0.33722560     
1.71500000     1.41813561     -0.00826132    0.10668077     0.00000000     0.33582683     
1.72000000     1.41809430     -0.00819277    0.10623555     0.00000000     0.33443389     
1.72500000     1.41805334     -0.00812478    0.10579219     0.00000000     0.33304675     
1.73000000     1.41801272     -0.00805736    0.10535069     0.00000000     0.33166538     
1.73500000     1.41797243     -0.00799050    0.10491104     0.00000000     0.33028975     
1.74000000     1.41793248     -0.00792420    0.10447323     0.00000000     0.32891985     
1.74500000     1.41789286     -0.00785845    0.10403726     0.00000000     0.32755564     
1.75000000     1.41785356     -0.00779324    0.10360311     0.00000000     0.32619711     
1.75500000     1.41781460     -0.00772858    0.10317078     0.00000000     0.32484424     
1.76000000     1.41777595     -0.00766446    0.10274026     0.00000000     0.32349699     
1.76500000     1.41773763     -0.00760086    0.10231154     0.00000000     0.32215534     
1.77000000     1.41769963     -0.00753780    0.10188462     0.00000000     0.32081927     
1.77500000     1.41766194     -0.00747526    0.10145949     0.00000000     0.31948876     
1.78000000     1.41762456     -0.00741324    0.10103613     0.00000000     0.31816379     
1.78500000     1.41758750     -0.00735173    0.10061455     0.00000000     0.31684432     
1.79000000     1.41755074     -0.00729074    0.10019474     0.00000000     0.31553035     
1.79500000     1.41751428     -0.00723025    0.09977668     0.00000000     0.31422183     
1.80000000     1.41747813     -0.00717027    0.09936037     0.00000000     0.31291876     
1.80500000     1.41744228     -0.00711078    0.09894580     0.00000000     0.31162111     
1.81000000     1.41740673     -0.00705179    0.09853297     0.00000000     0.31032885     
1.81500000     1.41737147     -0.00699329    0.09812187     0.00000000     0.30904196     
1.82000000     1.41733650     -0.00693527    0.09771249     0.00000000     0.30776043     
1.82500000     1.41730183     -0.00687774    0.09730483     0.00000000     0.30648422     
1.83000000     1.41726744     -0.00682068    0.09689887     0.00000000     0.30521332     
1.83500000     1.41723333     -0.00676410    0.09649461     0.00000000     0.30394771     
1.84000000     1.41719951     -0.00670799    0.09609204     0.00000000     0.30268735     
1.84500000     1.41716597     -0.00665234    0.09569115     0.00000000     0.30143223     
1.85000000     1.41713271     -0.00659716    0.09529195     0.00000000     0.30018233     
1.85500000     1.41709973     -0.00654244    0.09489441     0.00000000     0.29893763     
1.86000000     1.41706701     -0.00648817    0.09449854     0.00000000     0.29769810     
1.86500000     1.41703457     -0.00643435    0.09410433     0.00000000     0.29646372     
1.87000000     1.41700240     -0.00638098    0.09371177     0.00000000     0.29523447     
1.87500000     1.41697050     -0.00632805    0.09332085     0.00000000     0.29401034     
1.88000000     1.41693886     -0.00627556    0.09293156     0.00000000     0.29279128     
1.88500000     1.41690748     -0.00622351    0.09254391     0.00000000     0.29157730     
1.89000000     1.41687636     -0.00617188    0.09215787     0.00000000     0.29036836     
1.89500000     1.41684550     -0.00612069    0.09177346     0.00000000     0.28916444     
1.90000000     1.41681490     -0.00606993    0.09139065     0.00000000     0.28796553     
1.90500000     1.41678455     -0.00601958    0.09100944     0.00000000     0.28677160     
1.91000000     1.41675445     -0.00596965    0.09062983     0.00000000     0.28558263     
1.91500000     1.41672460     -0.00592014    0.09025180     0.00000000     0.28439860     
1.92000000     1.41669500     -0.00587104    0.08987536     0.00000000     0.28321949     
1.92500000     1.41666565     -0.00582235    0.08950050     0.00000000     0.28204527     
1.93000000     1.41663653     -0.00577406    0.08912720     0.00000000     0.28087594     
1.93500000     1.41660766     -0.00572617    0.08875546     0.00000000     0.27971147     
1.94000000     1.41657903     -0.00567868    0.08838528     0.00000000     0.27855183     
1.94500000     1.41655064     -0.00563158    0.08801665     0.00000000     0.27739701     
1.95000000     1.41652248     -0.00558488    0.08764956     0.00000000     0.27624698     
1.95500000     1.41649456     -0.00553856    0.08728400     0.00000000     0.27510174     
1.96000000     1.41646686     -0.00549263    0.08691998     0.00000000     0.27396125     
1.96500000     1.41643940     -0.00544708    0.08655748     0.00000000     0.27282550     
1.97000000     1.41641217     -0.00540191    0.08619649     0.00000000     0.27169447     
1.97500000     1.41638516     -0.00535711    0.08583701     0.00000000     0.27056813     
1.98000000     1.41635837     -0.00531268    0.08547904     0.00000000     0.26944647     
1.98500000     1.41633181     -0.00526863    0.08512257     0.00000000     0.26832947     
1.99000000     1.41630546     -0.00522493    0.08476758     0.00000000     0.26721711     
1.99500000     1.41627934     -0.00518161    0.08441409     0.00000000     0.26610937     
2.00000000     1.41625343     -0.00513864    0.08406207     0.00000000     0.26500623     
2.00500000     1.41622774     -0.00509603    0.08371152     0.00000000     0.26390768     
2.01000000     1.41620226     -0.00505377    0.08336244     0.00000000     0.26281368     
2.01500000     1.41617699     -0.00501186    0.08301482     0.00000000     0.26172423     
2.02000000     1.41615193     -0.00497030    0.08266865     0.00000000     0.26063930     
2.02500000     1.41612708     -0.00492909    0.08232393     0.00000000     0.25955887     
2.03000000     1.41610243     -0.00488822    0.08198065     0.00000000     0.25848294     
2.03500000     1.41607799     -0.00484768    0.08163881     0.00000000     0.25741146     
2.04000000     1.41605375     -0.00480749    0.08129839     0.00000000     0.25634444     
2.04500000     1.41602972     -0.00476762    0.08095941     0.00000000     0.25528185     
2.05000000     1.41600588     -0.00472809    0.08062183     0.00000000     0.25422367     
2.05500000     1.41598224     -0.00468889    0.08028567     0.00000000     0.25316989     
2.06000000     1.41595879     -0.00465001    0.07995092     0.00000000     0.25212048     
2.06500000     1.41593554     -0.00461145    0.07961756     0.00000000     0.25107542     
2.07000000     1.41591249     -0.00457322    0.07928560     0.00000000     0.25003471     
2.07500000     1.41588962     -0.00453530    0.07895503     0.00000000     0.24899831     
2.08000000     1.41586694     -0.00449770    0.07862584     0.00000000     0.24796622     
2.08500000     1.41584446     -0.00446041    0.07829803     0.00000000     0.24693841     
2.09000000     1.41582215     -0.00442342    0.07797158     0.00000000     0.24591487     
2.09500000     1.41580004     -0.00438675    0.07764650     0.00000000     0.24489558     
2.10000000     1.41577810     -0.00435038    0.07732278     0.00000000     0.24388052     
2.10500000     1.41575635     -0.00431431    0.07700042     0.00000000     0.24286967     
2.11000000     1.41573478     -0.00427854    0.07667940     0.00000000     0.24186301     
2.11500000     1.41571339     -0.00424307    0.07635972     0.00000000     0.24086054     
2.12000000     1.41569217     -0.00420789    0.07604138     0.00000000     0.23986223     
2.12500000     1.41567113     -0.00417300    0.07572437     0.00000000     0.23886806     
2.13000000     1.41565027     -0.00413841    0.07540869     0.00000000     0.23787801     
2.13500000     1.41562957     -0.00410410    0.07509432     0.00000000     0.23689208     
2.14000000     1.41560905     -0.00407007    0.07478127     0.00000000     0.23591024     
2.14500000     1.41558870     -0.00403633    0.07446953     0.00000000     0.23493247     
2.15000000     1.41556852     -0.00400287    0.07415909     0.00000000     0.23395876     
2.15500000     1.41554851     -0.00396968    0.07384995     0.00000000     0.23298909     
2.16000000     1.41552866     -0.00393677    0.07354210     0.00000000     0.23202344     
2.16500000     1.41550898     -0.00390414    0.07323554     0.00000000     0.23106181     
2.17000000     1.41548945     -0.00387177    0.07293026     0.00000000     0.23010416     
2.17500000     1.41547010     -0.00383968    0.07262625     0.00000000     0.22915048     
2.18000000     1.41545090     -0.00380785    0.07232352     0.00000000     0.22820077     
2.18500000     1.41543186     -0.00377628    0.07202205     0.00000000     0.22725499     
2.19000000     1.41541298     -0.00374497    0.07172184     0.00000000     0.22631314     
2.19500000     1.41539425     -0.00371393    0.07142289     0.00000000     0.22537520     
2.20000000     1.41537568     -0.00368314    0.07112518     0.00000000     0.22444115     
2.20500000     1.41535727     -0.00365261    0.07082872     0.00000000     0.22351097     
2.21000000     1.41533900     -0.00362233    0.07053350     0.00000000     0.22258466     
2.21500000     1.41532089     -0.00359230    0.07023951     0.00000000     0.22166218     
2.22000000     1.41530293     -0.00356253    0.06994675     0.00000000     0.22074354     
2.22500000     1.41528512     -0.00353300    0.06965522     0.00000000     0.21982870     
2.23000000     1.41526745     -0.00350371    0.06936490     0.00000000     0.21891767     
2.23500000     1.41524993     -0.00347467    0.06907579     0.00000000     0.21801041     
2.24000000     1.41523256     -0.00344586    0.06878790     0.00000000     0.21710691     
2.24500000     1.41521533     -0.00341730    0.06850120     0.00000000     0.21620716     
2.25000000     1.41519824     -0.00338898    0.06821571     0.00000000     0.21531115     
2.25500000     1.41518130     -0.00336088    0.06793140     0.00000000     0.21441885     
2.26000000     1.41516450     -0.00333303    0.06764829     0.00000000     0.21353026     
2.26500000     1.41514783     -0.00330540    0.06736635     0.00000000     0.21264535     
2.27000000     1.41513130     -0.00327800    0.06708560     0.00000000     0.21176411     
2.27500000     1.41511491     -0.00325083    0.06680602     0.00000000     0.21088653     
2.28000000     1.41509866     -0.00322389    0.06652760     0.00000000     0.21001258     
2.28500000     1.41508254     -0.00319716    0.06625035     0.00000000     0.20914227     
2.29000000     1.41506655     -0.00317066    0.06597426     0.00000000     0.20827556     
2.29500000     1.41505070     -0.00314438    0.06569932     0.00000000     0.20741245     
2.30000000     1.41503498     -0.00311832    0.06542553     0.00000000     0.20655291     
2.30500000     1.41501939     -0.00309248    0.06515289     0.00000000     0.20569695     
2.31000000     1.41500392     -0.00306684    0.06488138     0.00000000     0.20484453     
2.31500000     1.41498859     -0.00304142    0.06461101     0.00000000     0.20399565     
2.32000000     1.41497338     -0.00301622    0.06434176     0.00000000     0.20315029     
2.32500000     1.41495830     -0.00299122    0.06407365     0.00000000     0.20230843     
2.33000000     1.41494335     -0.00296643    0.06380665     0.00000000     0.20147007     
2.33500000     1.41492851     -0.00294184    0.06354076     0.00000000     0.20063519     
2.34000000     1.41491380     -0.00291746    0.06327599     0.00000000     0.19980376     
2.34500000     1.41489922     -0.00289328    0.06301232     0.00000000     0.19897579     
2.35000000     1.41488475     -0.00286930    0.06274976     0.00000000     0.19815125     
2.35500000     1.41487040     -0.00284552    0.06248829     0.00000000     0.19733013     
2.36000000     1.41485618     -0.00282193    0.06222791     0.00000000     0.19651241     
2.36500000     1.41484207     -0.00279855    0.06196862     0.00000000     0.19569809     
2.37000000     1.41482807     -0.00277535    0.06171041     0.00000000     0.19488714     
2.37500000     1.41481420     -0.00275235    0.06145329     0.00000000     0.19407955     
2.38000000     1.41480044     -0.00272954    0.06119723     0.00000000     0.19327532     
2.38500000     1.41478679     -0.00270692    0.06094225     0.00000000     0.19247441     
2.39000000     1.41477325     -0.00268449    0.06068833     0.00000000     0.19167684     
2.39500000     1.41475983     -0.00266224    0.06043547     0.00000000     0.19088256     
2.40000000     1.41474652     -0.00264017    0.06018366     0.00000000     0.19009158     
2.40500000     1.41473332     -0.00261829    0.05993291     0.00000000     0.18930388     
2.41000000     1.41472023     -0.00259660    0.05968321     0.00000000     0.18851945     
2.41500000     1.41470724     -0.00257508    0.05943455     0.00000000     0.18773827     
2.42000000     1.41469437     -0.00255374    0.05918692     0.00000000     0.18696033     
2.42500000     1.41468160     -0.00253257    0.05894033     0.00000000     0.18618562     
2.43000000     1.41466894     -0.00251158    0.05869477     0.00000000     0.18541411     
2.43500000     1.41465638     -0.00249077    0.05845024     0.00000000     0.18464581     
2.44000000     1.41464393     -0.00247013    0.05820672     0.00000000     0.18388069     
2.44500000     1.41463158     -0.00244966    0.05796423     0.00000000     0.18311875     
2.45000000     1.41461933     -0.00242936    0.05772274     0.00000000     0.18235996     
2.45500000     1.41460718     -0.00240923    0.05748227     0.00000000     0.18160432     
2.46000000     1.41459513     -0.00238926    0.05724279     0.00000000     0.18085181     
2.46500000     1.41458319     -0.00236946    0.05700432     0.00000000     0.18010242     
2.47000000     1.41457134     -0.00234983    0.05676685     0.00000000     0.17935614     
2.47500000     1.41455959     -0.00233035    0.05653036     0.00000000     0.17861295     
2.48000000     1.41454794     -0.00231104    0.05629486     0.00000000     0.17787285     
2.48500000     1.41453638     -0.00229189    0.05606035     0.00000000     0.17713581     
2.49000000     1.41452493     -0.00227290    0.05582681     0.00000000     0.17640183     
2.49500000     1.41451356     -0.00225407    0.05559425     0.00000000     0.17567089     
2.50000000     1.41450229     -0.00223539    0.05536267     0.00000000     0.17494298     
2.51500000     1.41446904     -0.00218028    0.05467368     0.00000000     0.17277731     
2.53000000     1.41443660     -0.00212652    0.05399329     0.00000000     0.17063847     
2.54500000     1.41440497     -0.00207410    0.05332139     0.00000000     0.16852611     
2.56000000     1.41437411     -0.00202296    0.05265786     0.00000000     0.16643992     
2.57500000     1.41434402     -0.00197309    0.05200261     0.00000000     0.16437955     
2.59000000     1.41431467     -0.00192445    0.05135553     0.00000000     0.16234471     
2.60500000     1.41428604     -0.00187701    0.05071651     0.00000000     0.16033506     
2.62000000     1.41425812     -0.00183074    0.05008547     0.00000000     0.15835030     
2.63500000     1.41423088     -0.00178561    0.04946229     0.00000000     0.15639012     
2.65000000     1.41420432     -0.00174159    0.04884688     0.00000000     0.15445421     
2.66500000     1.41417841     -0.00169866    0.04823914     0.00000000     0.15254227     
2.68000000     1.41415314     -0.00165679    0.04763898     0.00000000     0.15065400     
2.69500000     1.41412850     -0.00161595    0.04704630     0.00000000     0.14878912     
2.71000000     1.41410446     -0.00157611    0.04646101     0.00000000     0.14694732     
2.72500000     1.41408101     -0.00153726    0.04588301     0.00000000     0.14512833     
2.74000000     1.41405814     -0.00149937    0.04531222     0.00000000     0.14333186     
2.75500000     1.41403584     -0.00146241    0.04474854     0.00000000     0.14155763     
2.77000000     1.41401408     -0.00142636    0.04419188     0.00000000     0.13980537     
2.78500000     1.41399287     -0.00139121    0.04364217     0.00000000     0.13807480     
2.80000000     1.41397217     -0.00135691    0.04309930     0.00000000     0.13636565     
2.81500000     1.41395198     -0.00132347    0.04256320     0.00000000     0.13467767     
2.83000000     1.41393230     -0.00129085    0.04203378     0.00000000     0.13301058     
2.84500000     1.41391309     -0.00125903    0.04151096     0.00000000     0.13136413     
2.86000000     1.41389436     -0.00122800    0.04099465     0.00000000     0.12973807     
2.87500000     1.41387610     -0.00119773    0.04048477     0.00000000     0.12813213     
2.89000000     1.41385828     -0.00116821    0.03998125     0.00000000     0.12654607     
2.90500000     1.41384090     -0.00113942    0.03948400     0.00000000     0.12497965     
2.92000000     1.41382395     -0.00111134    0.03899294     0.00000000     0.12343261     
2.93500000     1.41380742     -0.00108395    0.03850801     0.00000000     0.12190473     
2.95000000     1.41379129     -0.00105723    0.03802911     0.00000000     0.12039576     
2.96500000     1.41377556     -0.00103118    0.03755618     0.00000000     0.11890547     
2.98000000     1.41376023     -0.00100576    0.03708914     0.00000000     0.11743362     
2.99500000     1.41374526     -0.00098097    0.03662792     0.00000000     0.11598000     
3.01000000     1.41373067     -0.00095680    0.03617244     0.00000000     0.11454436     
3.02500000     1.41371644     -0.00093322    0.03572264     0.00000000     0.11312650     
3.04000000     1.41370255     -0.00091022    0.03527844     0.00000000     0.11172619     
3.05500000     1.41368901     -0.00088779    0.03483977     0.00000000     0.11034321     
3.07000000     1.41367581     -0.00086591    0.03440656     0.00000000     0.10897735     
3.08500000     1.41366293     -0.00084457    0.03397875     0.00000000     0.10762839     
3.10000000     1.41365036     -0.00082375    0.03355627     0.00000000     0.10629613     
3.11500000     1.41363811     -0.00080345    0.03313905     0.00000000     0.10498036     
3.13000000     1.41362616     -0.00078365    0.03272702     0.00000000     0.10368088     
3.14500000     1.41361450     -0.00076434    0.03232012     0.00000000     0.10239748     
3.16000000     1.41360313     -0.00074550    0.03191829     0.00000000     0.10112996     
3.17500000     1.41359204     -0.00072713    0.03152147     0.00000000     0.09987813     
3.19000000     1.41358122     -0.00070921    0.03112958     0.00000000     0.09864180     
3.20500000     1.41357067     -0.00069174    0.03074258     0.00000000     0.09742077     
3.22000000     1.41356038     -0.00067469    0.03036039     0.00000000     0.09621485     
3.23500000     1.41355034     -0.00065806    0.02998296     0.00000000     0.09502385     
3.25000000     1.41354055     -0.00064185    0.02961023     0.00000000     0.09384760     
3.26500000     1.41353101     -0.00062603    0.02924214     0.00000000     0.09268590     
3.28000000     1.41352169     -0.00061060    0.02887864     0.00000000     0.09153859     
3.29500000     1.41351261     -0.00059556    0.02851965     0.00000000     0.09040547     
3.31000000     1.41350375     -0.00058088    0.02816514     0.00000000     0.08928637     
3.32500000     1.41349511     -0.00056657    0.02781504     0.00000000     0.08818113     
3.34000000     1.41348668     -0.00055261    0.02746930     0.00000000     0.08708956     
3.35500000     1.41347846     -0.00053899    0.02712786     0.00000000     0.08601151     
3.37000000     1.41347044     -0.00052571    0.02679067     0.00000000     0.08494680     
3.38500000     1.41346262     -0.00051275    0.02645767     0.00000000     0.08389526     
3.40000000     1.41345499     -0.00050012    0.02612883     0.00000000     0.08285674     
3.41500000     1.41344755     -0.00048779    0.02580407     0.00000000     0.08183107     
3.43000000     1.41344030     -0.00047577    0.02548336     0.00000000     0.08081810     
3.44500000     1.41343322     -0.00046405    0.02516663     0.00000000     0.07981766     
3.46000000     1.41342632     -0.00045262    0.02485385     0.00000000     0.07882960     
3.47500000     1.41341958     -0.00044146    0.02454497     0.00000000     0.07785377     
3.49000000     1.41341302     -0.00043059    0.02423992     0.00000000     0.07689002     
3.50500000     1.41340661     -0.00041998    0.02393867     0.00000000     0.07593820     
3.52000000     1.41340036     -0.00040963    0.02364117     0.00000000     0.07499816     
3.53500000     1.41339427     -0.00039953    0.02334738     0.00000000     0.07406975     
3.55000000     1.41338832     -0.00038969    0.02305723     0.00000000     0.07315283     
3.56500000     1.41338253     -0.00038009    0.02277070     0.00000000     0.07224726     
3.58000000     1.41337687     -0.00037072    0.02248773     0.00000000     0.07135289     
3.59500000     1.41337136     -0.00036159    0.02220829     0.00000000     0.07046960     
3.61000000     1.41336598     -0.00035268    0.02193232     0.00000000     0.06959724     
3.62500000     1.41336073     -0.00034399    0.02165978     0.00000000     0.06873567     
3.64000000     1.41335562     -0.00033551    0.02139064     0.00000000     0.06788477     
3.65500000     1.41335062     -0.00032724    0.02112484     0.00000000     0.06704439     
3.67000000     1.41334576     -0.00031918    0.02086235     0.00000000     0.06621442     
3.68500000     1.41334101     -0.00031132    0.02060313     0.00000000     0.06539472     
3.70000000     1.41333638     -0.00030365    0.02034713     0.00000000     0.06458516     
3.71500000     1.41333186     -0.00029617    0.02009431     0.00000000     0.06378563     
3.73000000     1.41332745     -0.00028887    0.01984464     0.00000000     0.06299599     
3.74500000     1.41332316     -0.00028175    0.01959808     0.00000000     0.06221612     
3.76000000     1.41331897     -0.00027481    0.01935458     0.00000000     0.06144590     
3.77500000     1.41331488     -0.00026804    0.01911411     0.00000000     0.06068522     
3.79000000     1.41331089     -0.00026143    0.01887663     0.00000000     0.05993395     
3.80500000     1.41330700     -0.00025499    0.01864211     0.00000000     0.05919198     
3.82000000     1.41330321     -0.00024871    0.01841050     0.00000000     0.05845919     
3.83500000     1.41329951     -0.00024258    0.01818177     0.00000000     0.05773547     
3.85000000     1.41329590     -0.00023660    0.01795589     0.00000000     0.05702071     
3.86500000     1.41329238     -0.00023077    0.01773282     0.00000000     0.05631479     
3.88000000     1.41328895     -0.00022509    0.01751252     0.00000000     0.05561761     
3.89500000     1.41328560     -0.00021954    0.01729496     0.00000000     0.05492906     
3.91000000     1.41328233     -0.00021413    0.01708011     0.00000000     0.05424903     
3.92500000     1.41327915     -0.00020886    0.01686793     0.00000000     0.05357742     
3.94000000     1.41327604     -0.00020371    0.01665839     0.00000000     0.05291412     
3.95500000     1.41327301     -0.00019869    0.01645145     0.00000000     0.05225903     
3.97000000     1.41327005     -0.00019380    0.01624709     0.00000000     0.05161204     
3.98500000     1.41326717     -0.00018902    0.01604527     0.00000000     0.05097307     
4.00000000     1.41326436     -0.00018437    0.01584596     0.00000000     0.05034200     
4.01500000     1.41326162     -0.00017982    0.01564912     0.00000000     0.04971874     
4.03000000     1.41325894     -0.00017539    0.01545474     0.00000000     0.04910320     
4.04500000     1.41325633     -0.00017107    0.01526277     0.00000000     0.04849528     
4.06000000     1.41325379     -0.00016686    0.01507318     0.00000000     0.04789488     
4.07500000     1.41325130     -0.00016275    0.01488596     0.00000000     0.04730191     
4.09000000     1.41324888     -0.00015874    0.01470106     0.00000000     0.04671628     
4.10500000     1.41324652     -0.00015483    0.01451846     0.00000000     0.04613790     
4.12000000     1.41324422     -0.00015101    0.01433813     0.00000000     0.04556668     
4.13500000     1.41324197     -0.00014729    0.01416005     0.00000000     0.04500252     
4.15000000     1.41323978     -0.00014366    0.01398418     0.00000000     0.04444535     
4.16500000     1.41323764     -0.00014012    0.01381049     0.00000000     0.04389508     
4.18000000     1.41323556     -0.00013667    0.01363896     0.00000000     0.04335162     
4.19500000     1.41323353     -0.00013330    0.01346957     0.00000000     0.04281488     
4.21000000     1.41323154     -0.00013002    0.01330228     0.00000000     0.04228479     
4.22500000     1.41322961     -0.00012682    0.01313707     0.00000000     0.04176125     
4.24000000     1.41322772     -0.00012369    0.01297392     0.00000000     0.04124420     
4.25500000     1.41322588     -0.00012064    0.01281279     0.00000000     0.04073355     
4.27000000     1.41322409     -0.00011767    0.01265367     0.00000000     0.04022922     
4.28500000     1.41322234     -0.00011477    0.01249652     0.00000000     0.03973113     
4.30000000     1.41322063     -0.00011194    0.01234133     0.00000000     0.03923920     
4.31500000     1.41321897     -0.00010919    0.01218807     0.00000000     0.03875337     
4.33000000     1.41321734     -0.00010650    0.01203671     0.00000000     0.03827355     
4.34500000     1.41321576     -0.00010387    0.01188723     0.00000000     0.03779966     
4.36000000     1.41321421     -0.00010131    0.01173961     0.00000000     0.03733165     
4.37500000     1.41321270     -0.00009882    0.01159383     0.00000000     0.03686942     
4.39000000     1.41321123     -0.00009638    0.01144986     0.00000000     0.03641292     
4.40500000     1.41320980     -0.00009401    0.01130767     0.00000000     0.03596207     
4.42000000     1.41320840     -0.00009169    0.01116726     0.00000000     0.03551679     
4.43500000     1.41320704     -0.00008943    0.01102859     0.00000000     0.03507703     
4.45000000     1.41320571     -0.00008723    0.01089164     0.00000000     0.03464272     
4.46500000     1.41320441     -0.00008508    0.01075639     0.00000000     0.03421378     
4.48000000     1.41320314     -0.00008299    0.01062283     0.00000000     0.03379015     
4.49500000     1.41320191     -0.00008094    0.01049093     0.00000000     0.03337176     
4.51000000     1.41320071     -0.00007895    0.01036066     0.00000000     0.03295855     
4.52500000     1.41319953     -0.00007700    0.01023201     0.00000000     0.03255046     
4.54000000     1.41319839     -0.00007510    0.01010497     0.00000000     0.03214741     
4.55500000     1.41319727     -0.00007325    0.00997950     0.00000000     0.03174936     
4.57000000     1.41319618     -0.00007145    0.00985559     0.00000000     0.03135623     
4.58500000     1.41319512     -0.00006969    0.00973322     0.00000000     0.03096797     
4.60000000     1.41319408     -0.00006797    0.00961237     0.00000000     0.03058452     
4.61500000     1.41319307     -0.00006630    0.00949302     0.00000000     0.03020581     
4.63000000     1.41319208     -0.00006466    0.00937516     0.00000000     0.02983179     
4.64500000     1.41319112     -0.00006307    0.00925876     0.00000000     0.02946240     
4.66000000     1.41319018     -0.00006152    0.00914380     0.00000000     0.02909759     
4.67500000     1.41318927     -0.00006000    0.00903028     0.00000000     0.02873729     
4.69000000     1.41318837     -0.00005852    0.00891816     0.00000000     0.02838145     
4.70500000     1.41318750     -0.00005708    0.00880744     0.00000000     0.02803001     
4.72000000     1.41318665     -0.00005568    0.00869809     0.00000000     0.02768293     
4.73500000     1.41318583     -0.00005430    0.00859011     0.00000000     0.02734014     
4.75000000     1.41318502     -0.00005297    0.00848346     0.00000000     0.02700159     
4.76500000     1.41318423     -0.00005166    0.00837814     0.00000000     0.02666724     
4.78000000     1.41318346     -0.00005039    0.00827413     0.00000000     0.02633702     
4.79500000     1.41318271     -0.00004915    0.00817141     0.00000000     0.02601089     
4.81000000     1.41318198     -0.00004794    0.00806996     0.00000000     0.02568880     
4.82500000     1.41318127     -0.00004676    0.00796978     0.00000000     0.02537070     
4.84000000     1.41318057     -0.00004560    0.00787084     0.00000000     0.02505654     
4.85500000     1.41317989     -0.00004448    0.00777313     0.00000000     0.02474626     
4.87000000     1.41317923     -0.00004338    0.00767663     0.00000000     0.02443983     
4.88500000     1.41317859     -0.00004232    0.00758134     0.00000000     0.02413718     
4.90000000     1.41317796     -0.00004127    0.00748722     0.00000000     0.02383829     
4.91500000     1.41317734     -0.00004026    0.00739428     0.00000000     0.02354309     
4.93000000     1.41317674     -0.00003927    0.00730249     0.00000000     0.02325155     
4.94500000     1.41317616     -0.00003830    0.00721184     0.00000000     0.02296362     
4.96000000     1.41317559     -0.00003735    0.00712232     0.00000000     0.02267926     
4.97500000     1.41317503     -0.00003643    0.00703391     0.00000000     0.02239841     
4.99000000     1.41317449     -0.00003554    0.00694659     0.00000000     0.02212104     
5.00500000     1.41317396     -0.00003466    0.00686037     0.00000000     0.02184711     
5.02000000     1.41317345     -0.00003381    0.00677521     0.00000000     0.02157656     
5.03500000     1.41317295     -0.00003297    0.00669111     0.00000000     0.02130937     
5.05000000     1.41317245     -0.00003216    0.00660805     0.00000000     0.02104548     
5.06500000     1.41317198     -0.00003137    0.00652603     0.00000000     0.02078486     
5.08000000     1.41317151     -0.00003060    0.00644503     0.00000000     0.02052747     
5.09500000     1.41317105     -0.00002984    0.00636503     0.00000000     0.02027326     
5.11000000     1.41317061     -0.00002911    0.00628602     0.00000000     0.02002220     
5.12500000     1.41317018     -0.00002839    0.00620800     0.00000000     0.01977425     
5.14000000     1.41316976     -0.00002769    0.00613094     0.00000000     0.01952937     
5.15500000     1.41316934     -0.00002701    0.00605485     0.00000000     0.01928752     
5.17000000     1.41316894     -0.00002634    0.00597970     0.00000000     0.01904866     
5.18500000     1.41316855     -0.00002569    0.00590548     0.00000000     0.01881277     
5.20000000     1.41316817     -0.00002506    0.00583218     0.00000000     0.01857979     
5.21500000     1.41316779     -0.00002444    0.00575979     0.00000000     0.01834969     
5.23000000     1.41316743     -0.00002384    0.00568830     0.00000000     0.01812245     
5.24500000     1.41316708     -0.00002326    0.00561770     0.00000000     0.01789802     
5.26000000     1.41316673     -0.00002268    0.00554798     0.00000000     0.01767637     
5.27500000     1.41316639     -0.00002212    0.00547912     0.00000000     0.01745746     
5.29000000     1.41316606     -0.00002158    0.00541112     0.00000000     0.01724126     
5.30500000     1.41316574     -0.00002105    0.00534396     0.00000000     0.01702774     
5.32000000     1.41316543     -0.00002053    0.00527764     0.00000000     0.01681686     
5.33500000     1.41316512     -0.00002002    0.00521214     0.00000000     0.01660860     
5.35000000     1.41316483     -0.00001953    0.00514745     0.00000000     0.01640291     
5.36500000     1.41316454     -0.00001905    0.00508357     0.00000000     0.01619977     
5.38000000     1.41316425     -0.00001858    0.00502048     0.00000000     0.01599914     
5.39500000     1.41316398     -0.00001812    0.00495818     0.00000000     0.01580100     
5.41000000     1.41316371     -0.00001767    0.00489664     0.00000000     0.01560531     
5.42500000     1.41316344     -0.00001724    0.00483587     0.00000000     0.01541204     
5.44000000     1.41316319     -0.00001681    0.00477586     0.00000000     0.01522117     
5.45500000     1.41316294     -0.00001640    0.00471659     0.00000000     0.01503266     
5.47000000     1.41316269     -0.00001600    0.00465806     0.00000000     0.01484648     
5.48500000     1.41316246     -0.00001560    0.00460025     0.00000000     0.01466261     
5.50000000     1.41316222     -0.00001522    0.00454316     0.00000000     0.01448102     
5.51500000     1.41316200     -0.00001484    0.00448678     0.00000000     0.01430167     
5.53000000     1.41316178     -0.00001448    0.00443110     0.00000000     0.01412455     
5.54500000     1.41316156     -0.00001412    0.00437612     0.00000000     0.01394962     
5.56000000     1.41316135     -0.00001377    0.00432181     0.00000000     0.01377685     
5.57500000     1.41316115     -0.00001343    0.00426818     0.00000000     0.01360622     
5.59000000     1.41316095     -0.00001310    0.00421521     0.00000000     0.01343771     
5.60500000     1.41316075     -0.00001278    0.00416291     0.00000000     0.01327128     
5.62000000     1.41316056     -0.00001247    0.00411125     0.00000000     0.01310692     
5.63500000     1.41316038     -0.00001216    0.00406023     0.00000000     0.01294459     
5.65000000     1.41316019     -0.00001186    0.00400985     0.00000000     0.01278426     
5.66500000     1.41316002     -0.00001157    0.00396009     0.00000000     0.01262593     
5.68000000     1.41315985     -0.00001128    0.00391095     0.00000000     0.01246955     
5.69500000     1.41315968     -0.00001100    0.00386242     0.00000000     0.01231511     
5.71000000     1.41315951     -0.00001073    0.00381449     0.00000000     0.01216259     
5.72500000     1.41315935     -0.00001047    0.00376716     0.00000000     0.01201195     
5.74000000     1.41315920     -0.00001021    0.00372042     0.00000000     0.01186317     
5.75500000     1.41315905     -0.00000996    0.00367425     0.00000000     0.01171624     
5.77000000     1.41315890     -0.00000971    0.00362866     0.00000000     0.01157113     
5.78500000     1.41315875     -0.00000947    0.00358364     0.00000000     0.01142782     
5.80000000     1.41315861     -0.00000924    0.00353917     0.00000000     0.01128628     
5.81500000     1.41315848     -0.00000901    0.00349526     0.00000000     0.01114649     
5.83000000     1.41315834     -0.00000879    0.00345189     0.00000000     0.01100843     
5.84500000     1.41315821     -0.00000857    0.00340906     0.00000000     0.01087209     
5.86000000     1.41315808     -0.00000836    0.00336676     0.00000000     0.01073743     
5.87500000     1.41315796     -0.00000816    0.00332498     0.00000000     0.01060444     
5.89000000     1.41315784     -0.00000796    0.00328373     0.00000000     0.01047309     
5.90500000     1.41315772     -0.00000776    0.00324298     0.00000000     0.01034337     
5.92000000     1.41315760     -0.00000757    0.00320275     0.00000000     0.01021526     
5.93500000     1.41315749     -0.00000738    0.00316301     0.00000000     0.01008874     
5.95000000     1.41315738     -0.00000720    0.00312376     0.00000000     0.00996378     
5.96500000     1.41315727     -0.00000702    0.00308501     0.00000000     0.00984037     
5.98000000     1.41315717     -0.00000685    0.00304673     0.00000000     0.00971848     
5.99500000     1.41315707     -0.00000668    0.00300893     0.00000000     0.00959811     
6.01000000     1.41315697     -0.00000652    0.00297160     0.00000000     0.00947923     
6.02500000     1.41315687     -0.00000636    0.00293473     0.00000000     0.00936182     
6.04000000     1.41315678     -0.00000620    0.00289832     0.00000000     0.00924586     
6.05500000     1.41315668     -0.00000605    0.00286236     0.00000000     0.00913134     
6.07000000     1.41315659     -0.00000590    0.00282685     0.00000000     0.00901824     
6.08500000     1.41315651     -0.00000575    0.00279177     0.00000000     0.00890653     
6.10000000     1.41315642     -0.00000561    0.00275714     0.00000000     0.00879622     
6.11500000     1.41315634     -0.00000547    0.00272293     0.00000000     0.00868726     
6.13000000     1.41315626     -0.00000534    0.00268915     0.00000000     0.00857966     
6.14500000     1.41315618     -0.00000521    0.00265579     0.00000000     0.00847339     
6.16000000     1.41315610     -0.00000508    0.00262284     0.00000000     0.00836843     
6.17500000     1.41315602     -0.00000495    0.00259030     0.00000000     0.00826478     
6.19000000     1.41315595     -0.00000483    0.00255816     0.00000000     0.00816241     
6.20500000     1.41315588     -0.00000471    0.00252642     0.00000000     0.00806130     
6.22000000     1.41315581     -0.00000460    0.00249508     0.00000000     0.00796145     
6.23500000     1.41315574     -0.00000448    0.00246413     0.00000000     0.00786284     
6.25000000     1.41315567     -0.00000437    0.00243356     0.00000000     0.00776544     
6.26500000     1.41315561     -0.00000426    0.00240337     0.00000000     0.00766926     
6.28000000     1.41315555     -0.00000416    0.00237355     0.00000000     0.00757426     
6.29500000     1.41315548     -0.00000406    0.00234411     0.00000000     0.00748044     
6.31000000     1.41315542     -0.00000396    0.00231503     0.00000000     0.00738778     
6.32500000     1.41315536     -0.00000386    0.00228631     0.00000000     0.00729627     
6.34000000     1.41315531     -0.00000376    0.00225794     0.00000000     0.00720589     
6.35500000     1.41315525     -0.00000367    0.00222993     0.00000000     0.00711664     
6.37000000     1.41315520     -0.00000358    0.00220227     0.00000000     0.00702848     
6.38500000     1.41315514     -0.00000349    0.00217495     0.00000000     0.00694142     
6.40000000     1.41315509     -0.00000341    0.00214797     0.00000000     0.00685544     
6.41500000     1.41315504     -0.00000332    0.00212132     0.00000000     0.00677052     
6.43000000     1.41315499     -0.00000324    0.00209501     0.00000000     0.00668665     
6.44500000     1.41315494     -0.00000316    0.00206902     0.00000000     0.00660383     
6.46000000     1.41315490     -0.00000308    0.00204335     0.00000000     0.00652203     
6.47500000     1.41315485     -0.00000301    0.00201800     0.00000000     0.00644124     
6.49000000     1.41315480     -0.00000293    0.00199297     0.00000000     0.00636145     
6.50500000     1.41315476     -0.00000286    0.00196825     0.00000000     0.00628265     
6.52000000     1.41315472     -0.00000279    0.00194383     0.00000000     0.00620482     
6.53500000     1.41315468     -0.00000272    0.00191972     0.00000000     0.00612796     
6.55000000     1.41315464     -0.00000266    0.00189591     0.00000000     0.00605206     
6.56500000     1.41315460     -0.00000259    0.00187239     0.00000000     0.00597709     
6.58000000     1.41315456     -0.00000253    0.00184916     0.00000000     0.00590305     
6.59500000     1.41315452     -0.00000246    0.00182622     0.00000000     0.00582993     
6.61000000     1.41315448     -0.00000240    0.00180357     0.00000000     0.00575771     
6.62500000     1.41315445     -0.00000234    0.00178120     0.00000000     0.00568639     
6.64000000     1.41315441     -0.00000229    0.00175910     0.00000000     0.00561595     
6.65500000     1.41315438     -0.00000223    0.00173728     0.00000000     0.00554638     
6.67000000     1.41315435     -0.00000217    0.00171573     0.00000000     0.00547767     
6.68500000     1.41315431     -0.00000212    0.00169445     0.00000000     0.00540982     
6.70000000     1.41315428     -0.00000207    0.00167343     0.00000000     0.00534280     
6.71500000     1.41315425     -0.00000202    0.00165268     0.00000000     0.00527662     
6.73000000     1.41315422     -0.00000197    0.00163218     0.00000000     0.00521126     
6.74500000     1.41315419     -0.00000192    0.00161193     0.00000000     0.00514670     
6.76000000     1.41315416     -0.00000187    0.00159194     0.00000000     0.00508295     
6.77500000     1.41315414     -0.00000183    0.00157219     0.00000000     0.00501998     
6.79000000     1.41315411     -0.00000178    0.00155269     0.00000000     0.00495779     
6.80500000     1.41315408     -0.00000174    0.00153343     0.00000000     0.00489638     
6.82000000     1.41315406     -0.00000169    0.00151441     0.00000000     0.00483572     
6.83500000     1.41315403     -0.00000165    0.00149563     0.00000000     0.00477582     
6.85000000     1.41315401     -0.00000161    0.00147708     0.00000000     0.00471666     
6.86500000     1.41315398     -0.00000157    0.00145875     0.00000000     0.00465823     
6.88000000     1.41315396     -0.00000153    0.00144066     0.00000000     0.00460052     
6.89500000     1.41315394     -0.00000150    0.00142279     0.00000000     0.00454353     
6.91000000     1.41315391     -0.00000146    0.00140514     0.00000000     0.00448725     
6.92500000     1.41315389     -0.00000142    0.00138772     0.00000000     0.00443166     
6.94000000     1.41315387     -0.00000139    0.00137050     0.00000000     0.00437676     
6.95500000     1.41315385     -0.00000135    0.00135351     0.00000000     0.00432254     
6.97000000     1.41315383     -0.00000132    0.00133672     0.00000000     0.00426900     
6.98500000     1.41315381     -0.00000129    0.00132014     0.00000000     0.00421611     
7.00000000     1.41315379     -0.00000126    0.00130376     0.00000000     0.00416388     
7.01500000     1.41315377     -0.00000123    0.00128759     0.00000000     0.00411230     
7.03000000     1.41315375     -0.00000120    0.00127162     0.00000000     0.00406136     
7.04500000     1.41315374     -0.00000117    0.00125585     0.00000000     0.00401104     
7.06000000     1.41315372     -0.00000114    0.00124028     0.00000000     0.00396135     
7.07500000     1.41315370     -0.00000111    0.00122489     0.00000000     0.00391228     
7.09000000     1.41315369     -0.00000108    0.00120970     0.00000000     0.00386381     
7.10500000     1.41315367     -0.00000106    0.00119470     0.00000000     0.00381595     
7.12000000     1.41315365     -0.00000103    0.00117988     0.00000000     0.00376868     
7.13500000     1.41315364     -0.00000100    0.00116525     0.00000000     0.00372199     
7.15000000     1.41315362     -0.00000098    0.00115079     0.00000000     0.00367588     
7.16500000     1.41315361     -0.00000095    0.00113652     0.00000000     0.00363034     
7.18000000     1.41315360     -0.00000093    0.00112243     0.00000000     0.00358537     
7.19500000     1.41315358     -0.00000091    0.00110851     0.00000000     0.00354095     
7.21000000     1.41315357     -0.00000089    0.00109476     0.00000000     0.00349708     
7.22500000     1.41315355     -0.00000086    0.00108118     0.00000000     0.00345376     
7.24000000     1.41315354     -0.00000084    0.00106777     0.00000000     0.00341097     
7.25500000     1.41315353     -0.00000082    0.00105453     0.00000000     0.00336872     
7.27000000     1.41315352     -0.00000080    0.00104145     0.00000000     0.00332698     
7.28500000     1.41315351     -0.00000078    0.00102853     0.00000000     0.00328577     
7.30000000     1.41315349     -0.00000076    0.00101578     0.00000000     0.00324506     
7.31500000     1.41315348     -0.00000074    0.00100318     0.00000000     0.00320486     
7.33000000     1.41315347     -0.00000073    0.00099074     0.00000000     0.00316516     
7.34500000     1.41315346     -0.00000071    0.00097845     0.00000000     0.00312595     
7.36000000     1.41315345     -0.00000069    0.00096632     0.00000000     0.00308722     
7.37500000     1.41315344     -0.00000067    0.00095433     0.00000000     0.00304897     
7.39000000     1.41315343     -0.00000066    0.00094250     0.00000000     0.00301120     
7.40500000     1.41315342     -0.00000064    0.00093081     0.00000000     0.00297390     
7.42000000     1.41315341     -0.00000062    0.00091927     0.00000000     0.00293705     
7.43500000     1.41315340     -0.00000061    0.00090787     0.00000000     0.00290067     
7.45000000     1.41315339     -0.00000059    0.00089661     0.00000000     0.00286473     
7.46500000     1.41315338     -0.00000058    0.00088549     0.00000000     0.00282924     
7.48000000     1.41315337     -0.00000057    0.00087451     0.00000000     0.00279419     
7.49500000     1.41315337     -0.00000055    0.00086366     0.00000000     0.00275957     
7.51000000     1.41315336     -0.00000054    0.00085295     0.00000000     0.00272538     
7.52500000     1.41315335     -0.00000052    0.00084237     0.00000000     0.00269162     
7.54000000     1.41315334     -0.00000051    0.00083193     0.00000000     0.00265827     
7.55500000     1.41315333     -0.00000050    0.00082161     0.00000000     0.00262534     
7.57000000     1.41315333     -0.00000049    0.00081142     0.00000000     0.00259282     
7.58500000     1.41315332     -0.00000047    0.00080136     0.00000000     0.00256069     
7.60000000     1.41315331     -0.00000046    0.00079142     0.00000000     0.00252897     
7.61500000     1.41315331     -0.00000045    0.00078160     0.00000000     0.00249764     
7.63000000     1.41315330     -0.00000044    0.00077191     0.00000000     0.00246669     
7.64500000     1.41315329     -0.00000043    0.00076234     0.00000000     0.00243613     
7.66000000     1.41315329     -0.00000042    0.00075289     0.00000000     0.00240595     
7.67500000     1.41315328     -0.00000041    0.00074355     0.00000000     0.00237615     
7.69000000     1.41315327     -0.00000040    0.00073433     0.00000000     0.00234671     
7.70500000     1.41315327     -0.00000039    0.00072522     0.00000000     0.00231763     
7.72000000     1.41315326     -0.00000038    0.00071623     0.00000000     0.00228892     
7.73500000     1.41315326     -0.00000037    0.00070735     0.00000000     0.00226056     
7.75000000     1.41315325     -0.00000036    0.00069858     0.00000000     0.00223256     
7.76500000     1.41315325     -0.00000035    0.00068991     0.00000000     0.00220490     
7.78000000     1.41315324     -0.00000034    0.00068136     0.00000000     0.00217758     
7.79500000     1.41315324     -0.00000033    0.00067291     0.00000000     0.00215060     
7.81000000     1.41315323     -0.00000033    0.00066456     0.00000000     0.00212396     
7.82500000     1.41315323     -0.00000032    0.00065632     0.00000000     0.00209764     
7.84000000     1.41315322     -0.00000031    0.00064818     0.00000000     0.00207165     
7.85500000     1.41315322     -0.00000030    0.00064015     0.00000000     0.00204599     
7.87000000     1.41315321     -0.00000030    0.00063221     0.00000000     0.00202064     
7.88500000     1.41315321     -0.00000029    0.00062437     0.00000000     0.00199561     
7.90000000     1.41315320     -0.00000028    0.00061663     0.00000000     0.00197088     
7.91500000     1.41315320     -0.00000027    0.00060898     0.00000000     0.00194646     
7.93000000     1.41315319     -0.00000027    0.00060143     0.00000000     0.00192235     
7.94500000     1.41315319     -0.00000026    0.00059397     0.00000000     0.00189853     
7.96000000     1.41315319     -0.00000025    0.00058660     0.00000000     0.00187501     
7.97500000     1.41315318     -0.00000025    0.00057933     0.00000000     0.00185178     
7.99000000     1.41315318     -0.00000024    0.00057215     0.00000000     0.00182884     
8.00500000     1.41315318     -0.00000024    0.00056505     0.00000000     0.00180618     
8.02000000     1.41315317     -0.00000023    0.00055805     0.00000000     0.00178380     
8.03500000     1.41315317     -0.00000022    0.00055113     0.00000000     0.00176170     
8.05000000     1.41315317     -0.00000022    0.00054429     0.00000000     0.00173987     
8.06500000     1.41315316     -0.00000021    0.00053754     0.00000000     0.00171832     
8.08000000     1.41315316     -0.00000021    0.00053088     0.00000000     0.00169703     
8.09500000     1.41315316     -0.00000020    0.00052429     0.00000000     0.00167600     
8.11000000     1.41315315     -0.00000020    0.00051779     0.00000000     0.00165524     
8.12500000     1.41315315     -0.00000019    0.00051137     0.00000000     0.00163473     
8.14000000     1.41315315     -0.00000019    0.00050503     0.00000000     0.00161448     
8.15500000     1.41315314     -0.00000018    0.00049877     0.00000000     0.00159447     
8.17000000     1.41315314     -0.00000018    0.00049258     0.00000000     0.00157472     
8.18500000     1.41315314     -0.00000018    0.00048648     0.00000000     0.00155521     
8.20000000     1.41315314     -0.00000017    0.00048044     0.00000000     0.00153594     
8.21500000     1.41315313     -0.00000017    0.00047449     0.00000000     0.00151691     
8.23000000     1.41315313     -0.00000016    0.00046860     0.00000000     0.00149811     
8.24500000     1.41315313     -0.00000016    0.00046279     0.00000000     0.00147955     
8.26000000     1.41315313     -0.00000015    0.00045705     0.00000000     0.00146122     
8.27500000     1.41315312     -0.00000015    0.00045139     0.00000000     0.00144312     
8.29000000     1.41315312     -0.00000015    0.00044579     0.00000000     0.00142524     
8.30500000     1.41315312     -0.00000014    0.00044026     0.00000000     0.00140758     
8.32000000     1.41315312     -0.00000014    0.00043480     0.00000000     0.00139014     
8.33500000     1.41315312     -0.00000014    0.00042941     0.00000000     0.00137292     
8.35000000     1.41315311     -0.00000013    0.00042409     0.00000000     0.00135591     
8.36500000     1.41315311     -0.00000013    0.00041883     0.00000000     0.00133911     
8.38000000     1.41315311     -0.00000013    0.00041364     0.00000000     0.00132251     
8.39500000     1.41315311     -0.00000012    0.00040851     0.00000000     0.00130613     
8.41000000     1.41315311     -0.00000012    0.00040344     0.00000000     0.00128995     
8.42500000     1.41315310     -0.00000012    0.00039844     0.00000000     0.00127396     
8.44000000     1.41315310     -0.00000011    0.00039350     0.00000000     0.00125818     
8.45500000     1.41315310     -0.00000011    0.00038862     0.00000000     0.00124259     
8.47000000     1.41315310     -0.00000011    0.00038380     0.00000000     0.00122719     
8.48500000     1.41315310     -0.00000011    0.00037904     0.00000000     0.00121199     
8.50000000     1.41315310     -0.00000010    0.00037434     0.00000000     0.00119697     
8.51500000     1.41315309     -0.00000010    0.00036970     0.00000000     0.00118214     
8.53000000     1.41315309     -0.00000010    0.00036512     0.00000000     0.00116749     
8.54500000     1.41315309     -0.00000010    0.00036059     0.00000000     0.00115303     
8.56000000     1.41315309     -0.00000009    0.00035612     0.00000000     0.00113874     
8.57500000     1.41315309     -0.00000009    0.00035170     0.00000000     0.00112463     
8.59000000     1.41315309     -0.00000009    0.00034734     0.00000000     0.00111070     
8.60500000     1.41315309     -0.00000009    0.00034304     0.00000000     0.00109694     
8.62000000     1.41315308     -0.00000008    0.00033878     0.00000000     0.00108335     
8.63500000     1.41315308     -0.00000008    0.00033458     0.00000000     0.00106992     
8.65000000     1.41315308     -0.00000008    0.00033044     0.00000000     0.00105667     
8.66500000     1.41315308     -0.00000008    0.00032634     0.00000000     0.00104357     
8.68000000     1.41315308     -0.00000008    0.00032229     0.00000000     0.00103064     
8.69500000     1.41315308     -0.00000008    0.00031830     0.00000000     0.00101787     
8.71000000     1.41315308     -0.00000007    0.00031435     0.00000000     0.00100526     
8.72500000     1.41315308     -0.00000007    0.00031045     0.00000000     0.00099281     
8.74000000     1.41315308     -0.00000007    0.00030660     0.00000000     0.00098051     
8.75500000     1.41315307     -0.00000007    0.00030280     0.00000000     0.00096836     
8.77000000     1.41315307     -0.00000007    0.00029905     0.00000000     0.00095636     
8.78500000     1.41315307     -0.00000006    0.00029534     0.00000000     0.00094451     
8.80000000     1.41315307     -0.00000006    0.00029168     0.00000000     0.00093281     
8.81500000     1.41315307     -0.00000006    0.00028806     0.00000000     0.00092125     
8.83000000     1.41315307     -0.00000006    0.00028449     0.00000000     0.00090983     
8.84500000     1.41315307     -0.00000006    0.00028096     0.00000000     0.00089856     
8.86000000     1.41315307     -0.00000006    0.00027748     0.00000000     0.00088743     
8.87500000     1.41315307     -0.00000006    0.00027404     0.00000000     0.00087643     
8.89000000     1.41315307     -0.00000005    0.00027064     0.00000000     0.00086557     
8.90500000     1.41315306     -0.00000005    0.00026729     0.00000000     0.00085485     
8.92000000     1.41315306     -0.00000005    0.00026397     0.00000000     0.00084426     
8.93500000     1.41315306     -0.00000005    0.00026070     0.00000000     0.00083379     
8.95000000     1.41315306     -0.00000005    0.00025747     0.00000000     0.00082346     
8.96500000     1.41315306     -0.00000005    0.00025427     0.00000000     0.00081326     
8.98000000     1.41315306     -0.00000005    0.00025112     0.00000000     0.00080318     
8.99500000     1.41315306     -0.00000005    0.00024801     0.00000000     0.00079323     
9.01000000     1.41315306     -0.00000004    0.00024493     0.00000000     0.00078340     
9.02500000     1.41315306     -0.00000004    0.00024190     0.00000000     0.00077370     
9.04000000     1.41315306     -0.00000004    0.00023890     0.00000000     0.00076411     
9.05500000     1.41315306     -0.00000004    0.00023594     0.00000000     0.00075464     
9.07000000     1.41315306     -0.00000004    0.00023301     0.00000000     0.00074529     
9.08500000     1.41315306     -0.00000004    0.00023012     0.00000000     0.00073606     
9.10000000     1.41315306     -0.00000004    0.00022727     0.00000000     0.00072694     
9.11500000     1.41315306     -0.00000004    0.00022445     0.00000000     0.00071793     
9.13000000     1.41315306     -0.00000004    0.00022167     0.00000000     0.00070903     
9.14500000     1.41315305     -0.00000004    0.00021892     0.00000000     0.00070025     
9.16000000     1.41315305     -0.00000003    0.00021621     0.00000000     0.00069157     
9.17500000     1.41315305     -0.00000003    0.00021353     0.00000000     0.00068300     
9.19000000     1.41315305     -0.00000003    0.00021088     0.00000000     0.00067454     
9.20500000     1.41315305     -0.00000003    0.00020826     0.00000000     0.00066618     
9.22000000     1.41315305     -0.00000003    0.00020568     0.00000000     0.00065793     
9.23500000     1.41315305     -0.00000003    0.00020313     0.00000000     0.00064978     
9.25000000     1.41315305     -0.00000003    0.00020061     0.00000000     0.00064172     
9.26500000     1.41315305     -0.00000003    0.00019813     0.00000000     0.00063377     
9.28000000     1.41315305     -0.00000003    0.00019567     0.00000000     0.00062592     
9.29500000     1.41315305     -0.00000003    0.00019324     0.00000000     0.00061816     
9.31000000     1.41315305     -0.00000003    0.00019085     0.00000000     0.00061050     
9.32500000     1.41315305     -0.00000003    0.00018848     0.00000000     0.00060294     
9.34000000     1.41315305     -0.00000003    0.00018615     0.00000000     0.00059547     
9.35500000     1.41315305     -0.00000003    0.00018384     0.00000000     0.00058809     
9.37000000     1.41315305     -0.00000002    0.00018156     0.00000000     0.00058080     
9.38500000     1.41315305     -0.00000002    0.00017931     0.00000000     0.00057361     
9.40000000     1.41315305     -0.00000002    0.00017709     0.00000000     0.00056650     
9.41500000     1.41315305     -0.00000002    0.00017489     0.00000000     0.00055948     
9.43000000     1.41315305     -0.00000002    0.00017272     0.00000000     0.00055255     
9.44500000     1.41315305     -0.00000002    0.00017058     0.00000000     0.00054570     
9.46000000     1.41315305     -0.00000002    0.00016847     0.00000000     0.00053894     
9.47500000     1.41315305     -0.00000002    0.00016638     0.00000000     0.00053226     
9.49000000     1.41315305     -0.00000002    0.00016431     0.00000000     0.00052567     
9.50500000     1.41315304     -0.00000002    0.00016228     0.00000000     0.00051915     
9.52000000     1.41315304     -0.00000002    0.00016027     0.00000000     0.00051272     
9.53500000     1.41315304     -0.00000002    0.00015828     0.00000000     0.00050637     
9.55000000     1.41315304     -0.00000002    0.00015632     0.00000000     0.00050009     
9.56500000     1.41315304     -0.00000002    0.00015438     0.00000000     0.00049390     
9.58000000     1.41315304     -0.00000002    0.00015246     0.00000000     0.00048778     
9.59500000     1.41315304     -0.00000002    0.00015057     0.00000000     0.00048173     
9.61000000     1.41315304     -0.00000002    0.00014871     0.00000000     0.00047576     
9.62500000     1.41315304     -0.00000002    0.00014686     0.00000000     0.00046987     
9.64000000     1.41315304     -0.00000002    0.00014504     0.00000000     0.00046404     
9.65500000     1.41315304     -0.00000002    0.00014325     0.00000000     0.00045829     
9.67000000     1.41315304     -0.00000001    0.00014147     0.00000000     0.00045262     
9.68500000     1.41315304     -0.00000001    0.00013972     0.00000000     0.00044701     
9.70000000     1.41315304     -0.00000001    0.00013798     0.00000000     0.00044147     
9.71500000     1.41315304     -0.00000001    0.00013627     0.00000000     0.00043600     
9.73000000     1.41315304     -0.00000001    0.00013458     0.00000000     0.00043060     
9.74500000     1.41315304     -0.00000001    0.00013292     0.00000000     0.00042526     
9.76000000     1.41315304     -0.00000001    0.00013127     0.00000000     0.00041999     
9.77500000     1.41315304     -0.00000001    0.00012964     0.00000000     0.00041479     
9.79000000     1.41315304     -0.00000001    0.00012803     0.00000000     0.00040965     
9.80500000     1.41315304     -0.00000001    0.00012645     0.00000000     0.00040457     
9.82000000     1.41315304     -0.00000001    0.00012488     0.00000000     0.00039956     
9.83500000     1.41315304     -0.00000001    0.00012333     0.00000000     0.00039461     
9.85000000     1.41315304     -0.00000001    0.00012180     0.00000000     0.00038972     
9.86500000     1.41315304     -0.00000001    0.00012029     0.00000000     0.00038489     
9.88000000     1.41315304     -0.00000001    0.00011880     0.00000000     0.00038012     
9.89500000     1.41315304     -0.00000001    0.00011733     0.00000000     0.00037541     
9.91000000     1.41315304     -0.00000001    0.00011587     0.00000000     0.00037076     
9.92500000     1.41315304     -0.00000001    0.00011444     0.00000000     0.00036616     
9.94000000     1.41315304     -0.00000001    0.00011302     0.00000000     0.00036163     
9.95500000     1.41315304     -0.00000001    0.00011162     0.00000000     0.00035714     
9.97000000     1.41315304     -0.00000001    0.00011023     0.00000000     0.00035272     
9.98500000     1.41315304     -0.00000001    0.00010887     0.00000000     0.00034835     
