# delta = 1.000, g = 0.500, generator = white          
# ====================================================================================
#    s              E            dE/ds        ||eta2B||      ||fod||       ||Gammaod||    
# ====================================================================================

0.00000000     1.50000000     -0.14583333    0.44876373     0.00000000     1.41421356     
0.00500000     1.49941815     -0.14484257    0.44724969     0.00000000     1.40818462     
0.01000000     1.49869640     -0.14361379    0.44536443     0.00000000     1.40218292     
0.01500000     1.49798078     -0.14239568    0.44348726     0.00000000     1.39620832     
0.02000000     1.49727122     -0.14118813    0.44161813     0.00000000     1.39026067     
0.02500000     1.49656767     -0.13999106    0.43975702     0.00000000     1.38433984     
0.03000000     1.49587010     -0.13880437    0.43790387     0.00000000     1.37844568     
0.03500000     1.49517843     -0.13762796    0.43605867     0.00000000     1.37257806     
0.04000000     1.49449263     -0.13646174    0.43422137     0.00000000     1.36673684     
0.04500000     1.49381264     -0.13530563    0.43239195     0.00000000     1.36092189     
0.05000000     1.49313840     -0.13415952    0.43057035     0.00000000     1.35513306     
0.05500000     1.49246988     -0.13302333    0.42875655     0.00000000     1.34937023     
0.06000000     1.49180702     -0.13189698    0.42695052     0.00000000     1.34363326     
0.06500000     1.49114977     -0.13078036    0.42515221     0.00000000     1.33792201     
0.07000000     1.49049809     -0.12967340    0.42336160     0.00000000     1.33223637     
0.07500000     1.48985192     -0.12857600    0.42157865     0.00000000     1.32657618     
0.08000000     1.48921122     -0.12748808    0.41980333     0.00000000     1.32094134     
0.08500000     1.48857594     -0.12640956    0.41803560     0.00000000     1.31533169     
0.09000000     1.48794604     -0.12534035    0.41627543     0.00000000     1.30974713     
0.09500000     1.48732146     -0.12428037    0.41452278     0.00000000     1.30418751     
0.10000000     1.48670216     -0.12322954    0.41277762     0.00000000     1.29865272     
0.10500000     1.48608810     -0.12218777    0.41103993     0.00000000     1.29314262     
0.11000000     1.48547923     -0.12115498    0.40930966     0.00000000     1.28765709     
0.11500000     1.48487551     -0.12013109    0.40758678     0.00000000     1.28219601     
0.12000000     1.48427689     -0.11911603    0.40587126     0.00000000     1.27675926     
0.12500000     1.48368332     -0.11810971    0.40416307     0.00000000     1.27134671     
0.13000000     1.48309477     -0.11711206    0.40246217     0.00000000     1.26595823     
0.13500000     1.48251119     -0.11612299    0.40076854     0.00000000     1.26059371     
0.14000000     1.48193254     -0.11514244    0.39908214     0.00000000     1.25525303     
0.14500000     1.48135878     -0.11417032    0.39740294     0.00000000     1.24993607     
0.15000000     1.48078986     -0.11320656    0.39573090     0.00000000     1.24464271     
0.15500000     1.48022574     -0.11225110    0.39406600     0.00000000     1.23937283     
0.16000000     1.47966638     -0.11130384    0.39240820     0.00000000     1.23412631     
0.16500000     1.47911174     -0.11036472    0.39075748     0.00000000     1.22890303     
0.17000000     1.47856179     -0.10943367    0.38911379     0.00000000     1.22370289     
0.17500000     1.47801647     -0.10851062    0.38747712     0.00000000     1.21852577     
0.18000000     1.47747575     -0.10759549    0.38584742     0.00000000     1.21337155     
0.18500000     1.47693959     -0.10668822    0.38422468     0.00000000     1.20824011     
0.19000000     1.47640795     -0.10578873    0.38260885     0.00000000     1.20313135     
0.19500000     1.47588079     -0.10489696    0.38099991     0.00000000     1.19804515     
0.20000000     1.47535808     -0.10401284    0.37939783     0.00000000     1.19298141     
0.20500000     1.47483977     -0.10313629    0.37780257     0.00000000     1.18794000     
0.21000000     1.47432583     -0.10226726    0.37621412     0.00000000     1.18292083     
0.21500000     1.47381622     -0.10140567    0.37463242     0.00000000     1.17792377     
0.22000000     1.47331090     -0.10055147    0.37305747     0.00000000     1.17294873     
0.22500000     1.47280984     -0.09970458    0.37148923     0.00000000     1.16799559     
0.23000000     1.47231300     -0.09886494    0.36992766     0.00000000     1.16306424     
0.23500000     1.47182034     -0.09803249    0.36837274     0.00000000     1.15815459     
0.24000000     1.47133183     -0.09720717    0.36682445     0.00000000     1.15326652     
0.24500000     1.47084744     -0.09638890    0.36528274     0.00000000     1.14839992     
0.25000000     1.47036712     -0.09557763    0.36374760     0.00000000     1.14355470     
0.25500000     1.46989084     -0.09477330    0.36221899     0.00000000     1.13873075     
0.26000000     1.46941857     -0.09397585    0.36069688     0.00000000     1.13392796     
0.26500000     1.46895028     -0.09318521    0.35918126     0.00000000     1.12914624     
0.27000000     1.46848592     -0.09240132    0.35767208     0.00000000     1.12438547     
0.27500000     1.46802547     -0.09162413    0.35616932     0.00000000     1.11964557     
0.28000000     1.46756890     -0.09085358    0.35467295     0.00000000     1.11492641     
0.28500000     1.46711616     -0.09008961    0.35318294     0.00000000     1.11022792     
0.29000000     1.46666723     -0.08933216    0.35169928     0.00000000     1.10554998     
0.29500000     1.46622207     -0.08858117    0.35022192     0.00000000     1.10089250     
0.30000000     1.46578066     -0.08783659    0.34875084     0.00000000     1.09625537     
0.30500000     1.46534295     -0.08709836    0.34728601     0.00000000     1.09163851     
0.31000000     1.46490893     -0.08636642    0.34582741     0.00000000     1.08704181     
0.31500000     1.46447855     -0.08564073    0.34437501     0.00000000     1.08246517     
0.32000000     1.46405179     -0.08492122    0.34292878     0.00000000     1.07790851     
0.32500000     1.46362861     -0.08420784    0.34148870     0.00000000     1.07337171     
0.33000000     1.46320899     -0.08350054    0.34005474     0.00000000     1.06885470     
0.33500000     1.46279289     -0.08279927    0.33862686     0.00000000     1.06435737     
0.34000000     1.46238029     -0.08210396    0.33720505     0.00000000     1.05987963     
0.34500000     1.46197115     -0.08141458    0.33578928     0.00000000     1.05542138     
0.35000000     1.46156545     -0.08073107    0.33437953     0.00000000     1.05098253     
0.35500000     1.46116315     -0.08005337    0.33297576     0.00000000     1.04656300     
0.36000000     1.46076423     -0.07938143    0.33157794     0.00000000     1.04216268     
0.36500000     1.46036865     -0.07871522    0.33018607     0.00000000     1.03778149     
0.37000000     1.45997640     -0.07805467    0.32880010     0.00000000     1.03341934     
0.37500000     1.45958744     -0.07739973    0.32742001     0.00000000     1.02907613     
0.38000000     1.45920174     -0.07675036    0.32604579     0.00000000     1.02475178     
0.38500000     1.45881928     -0.07610652    0.32467739     0.00000000     1.02044619     
0.39000000     1.45844003     -0.07546814    0.32331480     0.00000000     1.01615928     
0.39500000     1.45806395     -0.07483518    0.32195799     0.00000000     1.01189096     
0.40000000     1.45769104     -0.07420761    0.32060693     0.00000000     1.00764114     
0.40500000     1.45732124     -0.07358536    0.31926161     0.00000000     1.00340973     
0.41000000     1.45695455     -0.07296839    0.31792200     0.00000000     0.99919665     
0.41500000     1.45659094     -0.07235667    0.31658806     0.00000000     0.99500181     
0.42000000     1.45623037     -0.07175013    0.31525978     0.00000000     0.99082513     
0.42500000     1.45587282     -0.07114874    0.31393714     0.00000000     0.98666651     
0.43000000     1.45551827     -0.07055246    0.31262010     0.00000000     0.98252588     
0.43500000     1.45516670     -0.06996123    0.31130864     0.00000000     0.97840315     
0.44000000     1.45481806     -0.06937501    0.31000275     0.00000000     0.97429824     
0.44500000     1.45447235     -0.06879377    0.30870239     0.00000000     0.97021105     
0.45000000     1.45412954     -0.06821745    0.30740754     0.00000000     0.96614152     
0.45500000     1.45378960     -0.06764601    0.30611818     0.00000000     0.96208956     
0.46000000     1.45345250     -0.06707942    0.30483428     0.00000000     0.95805508     
0.46500000     1.45311823     -0.06651763    0.30355582     0.00000000     0.95403801     
0.47000000     1.45278676     -0.06596060    0.30228278     0.00000000     0.95003825     
0.47500000     1.45245806     -0.06540829    0.30101513     0.00000000     0.94605574     
0.48000000     1.45213212     -0.06486065    0.29975285     0.00000000     0.94209040     
0.48500000     1.45180890     -0.06431765    0.29849591     0.00000000     0.93814213     
0.49000000     1.45148839     -0.06377924    0.29724430     0.00000000     0.93421087     
0.49500000     1.45117057     -0.06324540    0.29599799     0.00000000     0.93029653     
0.50000000     1.45085540     -0.06271607    0.29475696     0.00000000     0.92639903     
0.50500000     1.45054287     -0.06219121    0.29352118     0.00000000     0.92251830     
0.51000000     1.45023296     -0.06167080    0.29229064     0.00000000     0.91865427     
0.51500000     1.44992564     -0.06115479    0.29106530     0.00000000     0.91480684     
0.52000000     1.44962089     -0.06064314    0.28984515     0.00000000     0.91097595     
0.52500000     1.44931869     -0.06013582    0.28863016     0.00000000     0.90716152     
0.53000000     1.44901902     -0.05963279    0.28742032     0.00000000     0.90336347     
0.53500000     1.44872185     -0.05913400    0.28621559     0.00000000     0.89958173     
0.54000000     1.44842717     -0.05863944    0.28501597     0.00000000     0.89581623     
0.54500000     1.44813496     -0.05814905    0.28382141     0.00000000     0.89206688     
0.55000000     1.44784519     -0.05766280    0.28263192     0.00000000     0.88833361     
0.55500000     1.44755784     -0.05718066    0.28144745     0.00000000     0.88461636     
0.56000000     1.44727289     -0.05670259    0.28026800     0.00000000     0.88091504     
0.56500000     1.44699033     -0.05622856    0.27909353     0.00000000     0.87722958     
0.57000000     1.44671013     -0.05575853    0.27792403     0.00000000     0.87355992     
0.57500000     1.44643227     -0.05529247    0.27675948     0.00000000     0.86990597     
0.58000000     1.44615673     -0.05483034    0.27559985     0.00000000     0.86626767     
0.58500000     1.44588350     -0.05437211    0.27444512     0.00000000     0.86264495     
0.59000000     1.44561255     -0.05391774    0.27329528     0.00000000     0.85903773     
0.59500000     1.44534386     -0.05346721    0.27215029     0.00000000     0.85544594     
0.60000000     1.44507742     -0.05302048    0.27101015     0.00000000     0.85186951     
0.60500000     1.44481321     -0.05257752    0.26987483     0.00000000     0.84830838     
0.61000000     1.44455120     -0.05213829    0.26874430     0.00000000     0.84476247     
0.61500000     1.44429138     -0.05170276    0.26761856     0.00000000     0.84123171     
0.62000000     1.44403373     -0.05127091    0.26649757     0.00000000     0.83771604     
0.62500000     1.44377824     -0.05084269    0.26538131     0.00000000     0.83421539     
0.63000000     1.44352487     -0.05041809    0.26426978     0.00000000     0.83072968     
0.63500000     1.44327363     -0.04999706    0.26316294     0.00000000     0.82725885     
0.64000000     1.44302448     -0.04957958    0.26206077     0.00000000     0.82380283     
0.64500000     1.44277741     -0.04916561    0.26096326     0.00000000     0.82036156     
0.65000000     1.44253240     -0.04875513    0.25987039     0.00000000     0.81693497     
0.65500000     1.44228944     -0.04834811    0.25878214     0.00000000     0.81352300     
0.66000000     1.44204851     -0.04794452    0.25769848     0.00000000     0.81012556     
0.66500000     1.44180959     -0.04754432    0.25661939     0.00000000     0.80674261     
0.67000000     1.44157266     -0.04714749    0.25554487     0.00000000     0.80337407     
0.67500000     1.44133771     -0.04675400    0.25447488     0.00000000     0.80001989     
0.68000000     1.44110473     -0.04636382    0.25340940     0.00000000     0.79667999     
0.68500000     1.44087368     -0.04597693    0.25234843     0.00000000     0.79335431     
0.69000000     1.44064457     -0.04559329    0.25129193     0.00000000     0.79004278     
0.69500000     1.44041736     -0.04521287    0.25023990     0.00000000     0.78674535     
0.70000000     1.44019205     -0.04483566    0.24919230     0.00000000     0.78346195     
0.70500000     1.43996862     -0.04446162    0.24814913     0.00000000     0.78019252     
0.71000000     1.43974706     -0.04409072    0.24711036     0.00000000     0.77693699     
0.71500000     1.43952734     -0.04372295    0.24607597     0.00000000     0.77369531     
0.72000000     1.43930946     -0.04335826    0.24504595     0.00000000     0.77046740     
0.72500000     1.43909339     -0.04299664    0.24402028     0.00000000     0.76725321     
0.73000000     1.43887913     -0.04263806    0.24299893     0.00000000     0.76405268     
0.73500000     1.43866665     -0.04228249    0.24198189     0.00000000     0.76086574     
0.74000000     1.43845594     -0.04192991    0.24096914     0.00000000     0.75769233     
0.74500000     1.43824699     -0.04158029    0.23996066     0.00000000     0.75453240     
0.75000000     1.43803979     -0.04123361    0.23895644     0.00000000     0.75138589     
0.75500000     1.43783431     -0.04088984    0.23795645     0.00000000     0.74825273     
0.76000000     1.43763054     -0.04054896    0.23696068     0.00000000     0.74513286     
0.76500000     1.43742847     -0.04021094    0.23596911     0.00000000     0.74202623     
0.77000000     1.43722809     -0.03987576    0.23498172     0.00000000     0.73893277     
0.77500000     1.43702938     -0.03954339    0.23399850     0.00000000     0.73585243     
0.78000000     1.43683232     -0.03921382    0.23301942     0.00000000     0.73278515     
0.78500000     1.43663691     -0.03888701    0.23204446     0.00000000     0.72973087     
0.79000000     1.43644312     -0.03856294    0.23107362     0.00000000     0.72668953     
0.79500000     1.43625095     -0.03824159    0.23010687     0.00000000     0.72366108     
0.80000000     1.43606038     -0.03792294    0.22914420     0.00000000     0.72064546     
0.80500000     1.43587140     -0.03760696    0.22818558     0.00000000     0.71764260     
0.81000000     1.43568399     -0.03729363    0.22723100     0.00000000     0.71465247     
0.81500000     1.43549815     -0.03698293    0.22628045     0.00000000     0.71167499     
0.82000000     1.43531385     -0.03667484    0.22533390     0.00000000     0.70871011     
0.82500000     1.43513109     -0.03636932    0.22439134     0.00000000     0.70575778     
0.83000000     1.43494985     -0.03606638    0.22345276     0.00000000     0.70281794     
0.83500000     1.43477012     -0.03576597    0.22251812     0.00000000     0.69989053     
0.84000000     1.43459188     -0.03546808    0.22158743     0.00000000     0.69697551     
0.84500000     1.43441513     -0.03517268    0.22066065     0.00000000     0.69407281     
0.85000000     1.43423986     -0.03487977    0.21973778     0.00000000     0.69118238     
0.85500000     1.43406604     -0.03458931    0.21881880     0.00000000     0.68830417     
0.86000000     1.43389367     -0.03430128    0.21790369     0.00000000     0.68543812     
0.86500000     1.43372274     -0.03401566    0.21699243     0.00000000     0.68258418     
0.87000000     1.43355323     -0.03373244    0.21608501     0.00000000     0.67974230     
0.87500000     1.43338513     -0.03345159    0.21518141     0.00000000     0.67691242     
0.88000000     1.43321843     -0.03317310    0.21428162     0.00000000     0.67409450     
0.88500000     1.43305311     -0.03289693    0.21338562     0.00000000     0.67128846     
0.89000000     1.43288918     -0.03262308    0.21249339     0.00000000     0.66849428     
0.89500000     1.43272661     -0.03235153    0.21160491     0.00000000     0.66571189     
0.90000000     1.43256539     -0.03208224    0.21072018     0.00000000     0.66294123     
0.90500000     1.43240551     -0.03181521    0.20983917     0.00000000     0.66018227     
0.91000000     1.43224697     -0.03155042    0.20896187     0.00000000     0.65743495     
0.91500000     1.43208974     -0.03128784    0.20808826     0.00000000     0.65469921     
0.92000000     1.43193382     -0.03102747    0.20721833     0.00000000     0.65197501     
0.92500000     1.43177920     -0.03076927    0.20635206     0.00000000     0.64926230     
0.93000000     1.43162587     -0.03051323    0.20548944     0.00000000     0.64656102     
0.93500000     1.43147381     -0.03025933    0.20463044     0.00000000     0.64387113     
0.94000000     1.43132302     -0.03000756    0.20377506     0.00000000     0.64119257     
0.94500000     1.43117348     -0.02975790    0.20292329     0.00000000     0.63852530     
0.95000000     1.43102519     -0.02951032    0.20207509     0.00000000     0.63586926     
0.95500000     1.43087813     -0.02926481    0.20123046     0.00000000     0.63322442     
0.96000000     1.43073229     -0.02902136    0.20038939     0.00000000     0.63059071     
0.96500000     1.43058767     -0.02877995    0.19955186     0.00000000     0.62796809     
0.97000000     1.43044425     -0.02854055    0.19871785     0.00000000     0.62535651     
0.97500000     1.43030202     -0.02830316    0.19788734     0.00000000     0.62275593     
0.98000000     1.43016098     -0.02806775    0.19706034     0.00000000     0.62016629     
0.98500000     1.43002111     -0.02783430    0.19623680     0.00000000     0.61758755     
0.99000000     1.42988240     -0.02760282    0.19541674     0.00000000     0.61501966     
0.99500000     1.42974484     -0.02737326    0.19460012     0.00000000     0.61246257     
1.00000000     1.42960843     -0.02714562    0.19378694     0.00000000     0.60991624     
1.00500000     1.42947316     -0.02691989    0.19297717     0.00000000     0.60738062     
1.01000000     1.42933901     -0.02669604    0.19217081     0.00000000     0.60485566     
1.01500000     1.42920597     -0.02647407    0.19136784     0.00000000     0.60234132     
1.02000000     1.42907404     -0.02625395    0.19056825     0.00000000     0.59983754     
1.02500000     1.42894321     -0.02603567    0.18977202     0.00000000     0.59734429     
1.03000000     1.42881347     -0.02581921    0.18897914     0.00000000     0.59486152     
1.03500000     1.42868480     -0.02560456    0.18818959     0.00000000     0.59238918     
1.04000000     1.42855720     -0.02539170    0.18740335     0.00000000     0.58992723     
1.04500000     1.42843067     -0.02518062    0.18662043     0.00000000     0.58747562     
1.05000000     1.42830518     -0.02497131    0.18584079     0.00000000     0.58503431     
1.05500000     1.42818074     -0.02476374    0.18506443     0.00000000     0.58260325     
1.06000000     1.42805734     -0.02455791    0.18429134     0.00000000     0.58018240     
1.06500000     1.42793496     -0.02435379    0.18352149     0.00000000     0.57777171     
1.07000000     1.42781359     -0.02415138    0.18275488     0.00000000     0.57537115     
1.07500000     1.42769324     -0.02395066    0.18199149     0.00000000     0.57298066     
1.08000000     1.42757388     -0.02375161    0.18123131     0.00000000     0.57060020     
1.08500000     1.42745552     -0.02355423    0.18047432     0.00000000     0.56822973     
1.09000000     1.42733814     -0.02335849    0.17972051     0.00000000     0.56586921     
1.09500000     1.42722174     -0.02316439    0.17896987     0.00000000     0.56351859     
1.10000000     1.42710630     -0.02297191    0.17822238     0.00000000     0.56117784     
1.10500000     1.42699182     -0.02278103    0.17747804     0.00000000     0.55884690     
1.11000000     1.42687830     -0.02259175    0.17673682     0.00000000     0.55652573     
1.11500000     1.42676572     -0.02240405    0.17599871     0.00000000     0.55421430     
1.12000000     1.42665407     -0.02221791    0.17526371     0.00000000     0.55191256     
1.12500000     1.42654335     -0.02203332    0.17453179     0.00000000     0.54962047     
1.13000000     1.42643355     -0.02185028    0.17380294     0.00000000     0.54733799     
1.13500000     1.42632466     -0.02166876    0.17307716     0.00000000     0.54506507     
1.14000000     1.42621668     -0.02148876    0.17235442     0.00000000     0.54280168     
1.14500000     1.42610959     -0.02131026    0.17163472     0.00000000     0.54054777     
1.15000000     1.42600340     -0.02113325    0.17091804     0.00000000     0.53830331     
1.15500000     1.42589808     -0.02095771    0.17020437     0.00000000     0.53606825     
1.16000000     1.42579364     -0.02078364    0.16949370     0.00000000     0.53384255     
1.16500000     1.42569007     -0.02061102    0.16878601     0.00000000     0.53162617     
1.17000000     1.42558736     -0.02043983    0.16808129     0.00000000     0.52941908     
1.17500000     1.42548550     -0.02027008    0.16737953     0.00000000     0.52722122     
1.18000000     1.42538448     -0.02010174    0.16668072     0.00000000     0.52503257     
1.18500000     1.42528431     -0.01993480    0.16598484     0.00000000     0.52285308     
1.19000000     1.42518497     -0.01976926    0.16529188     0.00000000     0.52068272     
1.19500000     1.42508645     -0.01960510    0.16460183     0.00000000     0.51852144     
1.20000000     1.42498875     -0.01944230    0.16391468     0.00000000     0.51636920     
1.20500000     1.42489186     -0.01928086    0.16323041     0.00000000     0.51422597     
1.21000000     1.42479578     -0.01912077    0.16254901     0.00000000     0.51209171     
1.21500000     1.42470049     -0.01896201    0.16187047     0.00000000     0.50996638     
1.22000000     1.42460600     -0.01880457    0.16119478     0.00000000     0.50784994     
1.22500000     1.42451229     -0.01864845    0.16052192     0.00000000     0.50574235     
1.23000000     1.42441936     -0.01849363    0.15985189     0.00000000     0.50364358     
1.23500000     1.42432720     -0.01834009    0.15918467     0.00000000     0.50155358     
1.24000000     1.42423580     -0.01818784    0.15852025     0.00000000     0.49947233     
1.24500000     1.42414516     -0.01803685    0.15785862     0.00000000     0.49739978     
1.25000000     1.42405528     -0.01788713    0.15719976     0.00000000     0.49533589     
1.25500000     1.42396614     -0.01773865    0.15654367     0.00000000     0.49328063     
1.26000000     1.42387774     -0.01759140    0.15589032     0.00000000     0.49123396     
1.26500000     1.42379008     -0.01744539    0.15523972     0.00000000     0.48919584     
1.27000000     1.42370314     -0.01730058    0.15459185     0.00000000     0.48716624     
1.27500000     1.42361693     -0.01715699    0.15394670     0.00000000     0.48514513     
1.28000000     1.42353143     -0.01701459    0.15330425     0.00000000     0.48313246     
1.28500000     1.42344664     -0.01687338    0.15266450     0.00000000     0.48112819     
1.29000000     1.42336255     -0.01673334    0.15202743     0.00000000     0.47913231     
1.29500000     1.42327916     -0.01659447    0.15139303     0.00000000     0.47714475     
1.30000000     1.42319647     -0.01645675    0.15076129     0.00000000     0.47516551     
1.30500000     1.42311446     -0.01632018    0.15013220     0.00000000     0.47319452     
1.31000000     1.42303313     -0.01618475    0.14950575     0.00000000     0.47123177     
1.31500000     1.42295247     -0.01605045    0.14888193     0.00000000     0.46927721     
1.32000000     1.42287249     -0.01591726    0.14826072     0.00000000     0.46733082     
1.32500000     1.42279316     -0.01578518    0.14764212     0.00000000     0.46539255     
1.33000000     1.42271450     -0.01565421    0.14702611     0.00000000     0.46346237     
1.33500000     1.42263649     -0.01552432    0.14641268     0.00000000     0.46154026     
1.34000000     1.42255913     -0.01539551    0.14580183     0.00000000     0.45962616     
1.34500000     1.42248240     -0.01526778    0.14519353     0.00000000     0.45772005     
1.35000000     1.42240632     -0.01514110    0.14458779     0.00000000     0.45582190     
1.35500000     1.42233087     -0.01501549    0.14398458     0.00000000     0.45393167     
1.36000000     1.42225604     -0.01489091    0.14338391     0.00000000     0.45204932     
1.36500000     1.42218183     -0.01476738    0.14278575     0.00000000     0.45017483     
1.37000000     1.42210824     -0.01464487    0.14219010     0.00000000     0.44830816     
1.37500000     1.42203526     -0.01452338    0.14159694     0.00000000     0.44644928     
1.38000000     1.42196288     -0.01440290    0.14100627     0.00000000     0.44459815     
1.38500000     1.42189111     -0.01428343    0.14041808     0.00000000     0.44275474     
1.39000000     1.42181993     -0.01416494    0.13983235     0.00000000     0.44091902     
1.39500000     1.42174934     -0.01404745    0.13924907     0.00000000     0.43909095     
1.40000000     1.42167933     -0.01393093    0.13866824     0.00000000     0.43727051     
1.40500000     1.42160991     -0.01381538    0.13808985     0.00000000     0.43545766     
1.41000000     1.42154106     -0.01370079    0.13751388     0.00000000     0.43365237     
1.41500000     1.42147279     -0.01358715    0.13694032     0.00000000     0.43185460     
1.42000000     1.42140508     -0.01347446    0.13636916     0.00000000     0.43006433     
1.42500000     1.42133793     -0.01336271    0.13580040     0.00000000     0.42828152     
1.43000000     1.42127134     -0.01325189    0.13523402     0.00000000     0.42650614     
1.43500000     1.42120530     -0.01314198    0.13467001     0.00000000     0.42473816     
1.44000000     1.42113981     -0.01303300    0.13410836     0.00000000     0.42297755     
1.44500000     1.42107486     -0.01292491    0.13354907     0.00000000     0.42122428     
1.45000000     1.42101045     -0.01281773    0.13299212     0.00000000     0.41947831     
1.45500000     1.42094657     -0.01271144    0.13243751     0.00000000     0.41773962     
1.46000000     1.42088323     -0.01260603    0.13188521     0.00000000     0.41600817     
1.46500000     1.42082041     -0.01250150    0.13133523     0.00000000     0.41428394     
1.47000000     1.42075811     -0.01239783    0.13078756     0.00000000     0.41256688     
1.47500000     1.42069632     -0.01229503    0.13024217     0.00000000     0.41085698     
1.48000000     1.42063505     -0.01219308    0.12969908     0.00000000     0.40915421     
1.48500000     1.42057429     -0.01209198    0.12915825     0.00000000     0.40745852     
1.49000000     1.42051403     -0.01199172    0.12861969     0.00000000     0.40576990     
1.49500000     1.42045427     -0.01189230    0.12808339     0.00000000     0.40408830     
1.50000000     1.42039501     -0.01179370    0.12754933     0.00000000     0.40241372     
1.50500000     1.42033623     -0.01169592    0.12701751     0.00000000     0.40074610     
1.51000000     1.42027795     -0.01159895    0.12648791     0.00000000     0.39908543     
1.51500000     1.42022015     -0.01150279    0.12596053     0.00000000     0.39743167     
1.52000000     1.42016282     -0.01140743    0.12543537     0.00000000     0.39578479     
1.52500000     1.42010598     -0.01131286    0.12491239     0.00000000     0.39414477     
1.53000000     1.42004960     -0.01121907    0.12439161     0.00000000     0.39251158     
1.53500000     1.41999369     -0.01112607    0.12387301     0.00000000     0.39088519     
1.54000000     1.41993824     -0.01103383    0.12335658     0.00000000     0.38926557     
1.54500000     1.41988326     -0.01094237    0.12284231     0.00000000     0.38765268     
1.55000000     1.41982873     -0.01085166    0.12233020     0.00000000     0.38604651     
1.55500000     1.41977465     -0.01076171    0.12182023     0.00000000     0.38444702     
1.56000000     1.41972102     -0.01067250    0.12131239     0.00000000     0.38285419     
1.56500000     1.41966784     -0.01058404    0.12080668     0.00000000     0.38126799     
1.57000000     1.41961509     -0.01049631    0.12030308     0.00000000     0.37968838     
1.57500000     1.41956278     -0.01040931    0.11980160     0.00000000     0.37811535     
1.58000000     1.41951091     -0.01032303    0.11930221     0.00000000     0.37654886     
1.58500000     1.41945947     -0.01023747    0.11880491     0.00000000     0.37498889     
1.59000000     1.41940845     -0.01015262    0.11830969     0.00000000     0.37343540     
1.59500000     1.41935785     -0.01006847    0.11781655     0.00000000     0.37188838     
1.60000000     1.41930768     -0.00998503    0.11732547     0.00000000     0.37034780     
1.60500000     1.41925792     -0.00990227    0.11683644     0.00000000     0.36881362     
1.61000000     1.41920857     -0.00982021    0.11634946     0.00000000     0.36728582     
1.61500000     1.41915964     -0.00973882    0.11586452     0.00000000     0.36576437     
1.62000000     1.41911110     -0.00965811    0.11538161     0.00000000     0.36424925     
1.62500000     1.41906297     -0.00957807    0.11490072     0.00000000     0.36274043     
1.63000000     1.41901524     -0.00949870    0.11442184     0.00000000     0.36123789     
1.63500000     1.41896791     -0.00941998    0.11394496     0.00000000     0.35974159     
1.64000000     1.41892096     -0.00934192    0.11347008     0.00000000     0.35825151     
1.64500000     1.41887441     -0.00926451    0.11299718     0.00000000     0.35676763     
1.65000000     1.41882824     -0.00918774    0.11252627     0.00000000     0.35528992     
1.65500000     1.41878245     -0.00911160    0.11205732     0.00000000     0.35381834     
1.66000000     1.41873705     -0.00903610    0.11159034     0.00000000     0.35235289     
1.66500000     1.41869202     -0.00896123    0.11112530     0.00000000     0.35089353     
1.67000000     1.41864736     -0.00888698    0.11066222     0.00000000     0.34944023     
1.67500000     1.41860307     -0.00881334    0.11020107     0.00000000     0.34799297     
1.68000000     1.41855915     -0.00874031    0.10974185     0.00000000     0.34655173     
1.68500000     1.41851559     -0.00866790    0.10928455     0.00000000     0.34511648     
1.69000000     1.41847240     -0.00859608    0.10882916     0.00000000     0.34368719     
1.69500000     1.41842956     -0.00852486    0.10837568     0.00000000     0.34226384     
1.70000000     1.41838708     -0.00845423    0.10792409     0.00000000     0.34084640     
1.70500000     1.41834495     -0.00838418    0.10747440     0.00000000     0.33943485     
1.71000000     1.41830316     -0.00831472    0.10702658     0.00000000     0.33802917     
1.71500000     1.41826173     -0.00824583    0.10658064     0.00000000     0.33662933     
1.72000000     1.41822064     -0.00817752    0.10613656     0.00000000     0.33523530     
1.72500000     1.41817988     -0.00810977    0.10569434     0.00000000     0.33384707     
1.73000000     1.41813947     -0.00804258    0.10525396     0.00000000     0.33246460     
1.73500000     1.41809939     -0.00797596    0.10481543     0.00000000     0.33108788     
1.74000000     1.41805964     -0.00790988    0.10437873     0.00000000     0.32971687     
1.74500000     1.41802023     -0.00784435    0.10394386     0.00000000     0.32835155     
1.75000000     1.41798113     -0.00777937    0.10351081     0.00000000     0.32699191     
1.75500000     1.41794237     -0.00771493    0.10307957     0.00000000     0.32563792     
1.76000000     1.41790392     -0.00765102    0.10265013     0.00000000     0.32428954     
1.76500000     1.41786579     -0.00758764    0.10222248     0.00000000     0.32294677     
1.77000000     1.41782798     -0.00752479    0.10179662     0.00000000     0.32160958     
1.77500000     1.41779048     -0.00746246    0.10137255     0.00000000     0.32027793     
1.78000000     1.41775329     -0.00740064    0.10095024     0.00000000     0.31895182     
1.78500000     1.41771641     -0.00733934    0.10052970     0.00000000     0.31763121     
1.79000000     1.41767984     -0.00727855    0.10011092     0.00000000     0.31631608     
1.79500000     1.41764356     -0.00721826    0.09969389     0.00000000     0.31500642     
1.80000000     1.41760759     -0.00715847    0.09927861     0.00000000     0.31370219     
1.80500000     1.41757192     -0.00709918    0.09886506     0.00000000     0.31240338     
1.81000000     1.41753654     -0.00704038    0.09845323     0.00000000     0.31110996     
1.81500000     1.41750146     -0.00698207    0.09804313     0.00000000     0.30982190     
1.82000000     1.41746666     -0.00692424    0.09763474     0.00000000     0.30853920     
1.82500000     1.41743216     -0.00686689    0.09722806     0.00000000     0.30726182     
1.83000000     1.41739794     -0.00681001    0.09682308     0.00000000     0.30598974     
1.83500000     1.41736400     -0.00675361    0.09641979     0.00000000     0.30472294     
1.84000000     1.41733034     -0.00669768    0.09601819     0.00000000     0.30346140     
1.84500000     1.41729696     -0.00664221    0.09561827     0.00000000     0.30220509     
1.85000000     1.41726386     -0.00658720    0.09522001     0.00000000     0.30095400     
1.85500000     1.41723104     -0.00653264    0.09482342     0.00000000     0.29970810     
1.86000000     1.41719848     -0.00647854    0.09442849     0.00000000     0.29846737     
1.86500000     1.41716620     -0.00642489    0.09403521     0.00000000     0.29723179     
1.87000000     1.41713418     -0.00637168    0.09364357     0.00000000     0.29600134     
1.87500000     1.41710243     -0.00631892    0.09325357     0.00000000     0.29477599     
1.88000000     1.41707094     -0.00626659    0.09286520     0.00000000     0.29355573     
1.88500000     1.41703971     -0.00621469    0.09247845     0.00000000     0.29234053     
1.89000000     1.41700874     -0.00616323    0.09209331     0.00000000     0.29113037     
1.89500000     1.41697802     -0.00611219    0.09170979     0.00000000     0.28992523     
1.90000000     1.41694756     -0.00606158    0.09132786     0.00000000     0.28872509     
1.90500000     1.41691736     -0.00601138    0.09094754     0.00000000     0.28752993     
1.91000000     1.41688740     -0.00596160    0.09056880     0.00000000     0.28633973     
1.91500000     1.41685769     -0.00591224    0.09019164     0.00000000     0.28515447     
1.92000000     1.41682823     -0.00586328    0.08981606     0.00000000     0.28397412     
1.92500000     1.41679901     -0.00581473    0.08944205     0.00000000     0.28279867     
1.93000000     1.41677003     -0.00576658    0.08906960     0.00000000     0.28162810     
1.93500000     1.41674129     -0.00571883    0.08869870     0.00000000     0.28046238     
1.94000000     1.41671279     -0.00567148    0.08832936     0.00000000     0.27930149     
1.94500000     1.41668453     -0.00562452    0.08796156     0.00000000     0.27814542     
1.95000000     1.41665650     -0.00557795    0.08759529     0.00000000     0.27699415     
1.95500000     1.41662870     -0.00553176    0.08723056     0.00000000     0.27584765     
1.96000000     1.41660114     -0.00548596    0.08686734     0.00000000     0.27470591     
1.96500000     1.41657380     -0.00544054    0.08650565     0.00000000     0.27356890     
1.97000000     1.41654669     -0.00539549    0.08614546     0.00000000     0.27243660     
1.97500000     1.41651980     -0.00535082    0.08578678     0.00000000     0.27130900     
1.98000000     1.41649313     -0.00530652    0.08542960     0.00000000     0.27018608     
1.98500000     1.41646669     -0.00526258    0.08507391     0.00000000     0.26906781     
1.99000000     1.41644046     -0.00521901    0.08471970     0.00000000     0.26795418     
1.99500000     1.41641445     -0.00517580    0.08436698     0.00000000     0.26684517     
2.00000000     1.41638866     -0.00513295    0.08401572     0.00000000     0.26574075     
2.00500000     1.41636308     -0.00509046    0.08366594     0.00000000     0.26464092     
2.01000000     1.41633771     -0.00504831    0.08331761     0.00000000     0.26354565     
2.01500000     1.41631256     -0.00500652    0.08297074     0.00000000     0.26245491     
2.02000000     1.41628761     -0.00496507    0.08262531     0.00000000     0.26136870     
2.02500000     1.41626286     -0.00492397    0.08228133     0.00000000     0.26028699     
2.03000000     1.41623832     -0.00488320    0.08193879     0.00000000     0.25920977     
2.03500000     1.41621399     -0.00484278    0.08159767     0.00000000     0.25813701     
2.04000000     1.41618986     -0.00480269    0.08125798     0.00000000     0.25706870     
2.04500000     1.41616592     -0.00476293    0.08091971     0.00000000     0.25600481     
2.05000000     1.41614219     -0.00472350    0.08058285     0.00000000     0.25494534     
2.05500000     1.41611865     -0.00468439    0.08024740     0.00000000     0.25389026     
2.06000000     1.41609530     -0.00464562    0.07991334     0.00000000     0.25283955     
2.06500000     1.41607215     -0.00460716    0.07958068     0.00000000     0.25179320     
2.07000000     1.41604919     -0.00456902    0.07924941     0.00000000     0.25075119     
2.07500000     1.41602642     -0.00453120    0.07891953     0.00000000     0.24971349     
2.08000000     1.41600384     -0.00449369    0.07859102     0.00000000     0.24868009     
2.08500000     1.41598145     -0.00445649    0.07826388     0.00000000     0.24765098     
2.09000000     1.41595924     -0.00441960    0.07793810     0.00000000     0.24662613     
2.09500000     1.41593722     -0.00438302    0.07761369     0.00000000     0.24560553     
2.10000000     1.41591537     -0.00434674    0.07729063     0.00000000     0.24458916     
2.10500000     1.41589371     -0.00431076    0.07696892     0.00000000     0.24357700     
2.11000000     1.41587223     -0.00427507    0.07664855     0.00000000     0.24256904     
2.11500000     1.41585092     -0.00423969    0.07632952     0.00000000     0.24156525     
2.12000000     1.41582980     -0.00420459    0.07601182     0.00000000     0.24056563     
2.12500000     1.41580884     -0.00416979    0.07569545     0.00000000     0.23957014     
2.13000000     1.41578806     -0.00413528    0.07538039     0.00000000     0.23857878     
2.13500000     1.41576746     -0.00410105    0.07506665     0.00000000     0.23759153     
2.14000000     1.41574702     -0.00406710    0.07475423     0.00000000     0.23660837     
2.14500000     1.41572675     -0.00403344    0.07444310     0.00000000     0.23562928     
2.15000000     1.41570665     -0.00400006    0.07413327     0.00000000     0.23465425     
2.15500000     1.41568672     -0.00396695    0.07382474     0.00000000     0.23368326     
2.16000000     1.41566695     -0.00393411    0.07351749     0.00000000     0.23271629     
2.16500000     1.41564734     -0.00390155    0.07321153     0.00000000     0.23175333     
2.17000000     1.41562790     -0.00386926    0.07290684     0.00000000     0.23079436     
2.17500000     1.41560862     -0.00383724    0.07260343     0.00000000     0.22983936     
2.18000000     1.41558949     -0.00380548    0.07230128     0.00000000     0.22888832     
2.18500000     1.41557053     -0.00377398    0.07200039     0.00000000     0.22794121     
2.19000000     1.41555172     -0.00374274    0.07170075     0.00000000     0.22699804     
2.19500000     1.41553307     -0.00371177    0.07140237     0.00000000     0.22605876     
2.20000000     1.41551457     -0.00368105    0.07110523     0.00000000     0.22512338     
2.20500000     1.41549623     -0.00365058    0.07080933     0.00000000     0.22419188     
2.21000000     1.41547804     -0.00362037    0.07051467     0.00000000     0.22326423     
2.21500000     1.41546000     -0.00359041    0.07022123     0.00000000     0.22234043     
2.22000000     1.41544210     -0.00356069    0.06992902     0.00000000     0.22142045     
2.22500000     1.41542436     -0.00353122    0.06963803     0.00000000     0.22050428     
2.23000000     1.41540676     -0.00350200    0.06934825     0.00000000     0.21959191     
2.23500000     1.41538931     -0.00347302    0.06905968     0.00000000     0.21868332     
2.24000000     1.41537200     -0.00344428    0.06877232     0.00000000     0.21777849     
2.24500000     1.41535484     -0.00341577    0.06848615     0.00000000     0.21687741     
2.25000000     1.41533781     -0.00338750    0.06820118     0.00000000     0.21598006     
2.25500000     1.41532093     -0.00335947    0.06791740     0.00000000     0.21508643     
2.26000000     1.41530419     -0.00333167    0.06763480     0.00000000     0.21419650     
2.26500000     1.41528759     -0.00330410    0.06735337     0.00000000     0.21331025     
2.27000000     1.41527112     -0.00327675    0.06707313     0.00000000     0.21242767     
2.27500000     1.41525479     -0.00324964    0.06679405     0.00000000     0.21154875     
2.28000000     1.41523860     -0.00322275    0.06651614     0.00000000     0.21067347     
2.28500000     1.41522254     -0.00319608    0.06623938     0.00000000     0.20980182     
2.29000000     1.41520661     -0.00316963    0.06596378     0.00000000     0.20893377     
2.29500000     1.41519082     -0.00314340    0.06568933     0.00000000     0.20806932     
2.30000000     1.41517515     -0.00311739    0.06541602     0.00000000     0.20720845     
2.30500000     1.41515962     -0.00309159    0.06514386     0.00000000     0.20635115     
2.31000000     1.41514421     -0.00306601    0.06487282     0.00000000     0.20549739     
2.31500000     1.41512893     -0.00304063    0.06460292     0.00000000     0.20464717     
2.32000000     1.41511378     -0.00301547    0.06433415     0.00000000     0.20380047     
2.32500000     1.41509875     -0.00299052    0.06406649     0.00000000     0.20295728     
2.33000000     1.41508385     -0.00296577    0.06379996     0.00000000     0.20211758     
2.33500000     1.41506907     -0.00294123    0.06353453     0.00000000     0.20128135     
2.34000000     1.41505441     -0.00291690    0.06327021     0.00000000     0.20044859     
2.34500000     1.41503987     -0.00289276    0.06300699     0.00000000     0.19961928     
2.35000000     1.41502546     -0.00286882    0.06274487     0.00000000     0.19879340     
2.35500000     1.41501116     -0.00284508    0.06248384     0.00000000     0.19797094     
2.36000000     1.41499698     -0.00282154    0.06222391     0.00000000     0.19715188     
2.36500000     1.41498292     -0.00279820    0.06196505     0.00000000     0.19633622     
2.37000000     1.41496898     -0.00277504    0.06170728     0.00000000     0.19552393     
2.37500000     1.41495515     -0.00275208    0.06145058     0.00000000     0.19471501     
2.38000000     1.41494143     -0.00272931    0.06119495     0.00000000     0.19390944     
2.38500000     1.41492783     -0.00270673    0.06094038     0.00000000     0.19310720     
2.39000000     1.41491434     -0.00268433    0.06068688     0.00000000     0.19230828     
2.39500000     1.41490097     -0.00266212    0.06043443     0.00000000     0.19151267     
2.40000000     1.41488770     -0.00264009    0.06018304     0.00000000     0.19072035     
2.40500000     1.41487454     -0.00261825    0.05993269     0.00000000     0.18993132     
2.41000000     1.41486150     -0.00259658    0.05968339     0.00000000     0.18914555     
2.41500000     1.41484856     -0.00257510    0.05943513     0.00000000     0.18836303     
2.42000000     1.41483572     -0.00255379    0.05918790     0.00000000     0.18758375     
2.42500000     1.41482300     -0.00253266    0.05894171     0.00000000     0.18680770     
2.43000000     1.41481037     -0.00251171    0.05869654     0.00000000     0.18603487     
2.43500000     1.41479786     -0.00249093    0.05845239     0.00000000     0.18526523     
2.44000000     1.41478544     -0.00247032    0.05820926     0.00000000     0.18449877     
2.44500000     1.41477313     -0.00244988    0.05796714     0.00000000     0.18373549     
2.45000000     1.41476092     -0.00242961    0.05772604     0.00000000     0.18297537     
2.45500000     1.41474882     -0.00240951    0.05748594     0.00000000     0.18221840     
2.46000000     1.41473681     -0.00238957    0.05724683     0.00000000     0.18146456     
2.46500000     1.41472490     -0.00236980    0.05700873     0.00000000     0.18071384     
2.47000000     1.41471309     -0.00235019    0.05677162     0.00000000     0.17996623     
2.47500000     1.41470138     -0.00233075    0.05653549     0.00000000     0.17922171     
2.48000000     1.41468976     -0.00231147    0.05630036     0.00000000     0.17848027     
2.48500000     1.41467825     -0.00229234    0.05606620     0.00000000     0.17774191     
2.49000000     1.41466682     -0.00227338    0.05583301     0.00000000     0.17700660     
2.49500000     1.41465549     -0.00225457    0.05560080     0.00000000     0.17627433     
2.50000000     1.41464426     -0.00223592    0.05536956     0.00000000     0.17554509     
2.51500000     1.41461110     -0.00218088    0.05468160     0.00000000     0.17337544     
2.53000000     1.41457877     -0.00212720    0.05400220     0.00000000     0.17123262     
2.54500000     1.41454723     -0.00207484    0.05333126     0.00000000     0.16911630     
2.56000000     1.41451647     -0.00202377    0.05266867     0.00000000     0.16702614     
2.57500000     1.41448646     -0.00197396    0.05201434     0.00000000     0.16496183     
2.59000000     1.41445719     -0.00192537    0.05136815     0.00000000     0.16292304     
2.60500000     1.41442864     -0.00187798    0.05073000     0.00000000     0.16090946     
2.62000000     1.41440080     -0.00183176    0.05009980     0.00000000     0.15892078     
2.63500000     1.41437364     -0.00178668    0.04947744     0.00000000     0.15695668     
2.65000000     1.41434715     -0.00174270    0.04886283     0.00000000     0.15501686     
2.66500000     1.41432131     -0.00169981    0.04825587     0.00000000     0.15310102     
2.68000000     1.41429611     -0.00165798    0.04765646     0.00000000     0.15120887     
2.69500000     1.41427152     -0.00161717    0.04706452     0.00000000     0.14934011     
2.71000000     1.41424755     -0.00157737    0.04647993     0.00000000     0.14749445     
2.72500000     1.41422416     -0.00153855    0.04590263     0.00000000     0.14567160     
2.74000000     1.41420135     -0.00150069    0.04533251     0.00000000     0.14387129     
2.75500000     1.41417910     -0.00146376    0.04476948     0.00000000     0.14209323     
2.77000000     1.41415739     -0.00142773    0.04421346     0.00000000     0.14033715     
2.78500000     1.41413622     -0.00139260    0.04366435     0.00000000     0.13860278     
2.80000000     1.41411558     -0.00135833    0.04312208     0.00000000     0.13688984     
2.81500000     1.41409544     -0.00132490    0.04258656     0.00000000     0.13519808     
2.83000000     1.41407579     -0.00129230    0.04205769     0.00000000     0.13352722     
2.84500000     1.41405663     -0.00126050    0.04153541     0.00000000     0.13187702     
2.86000000     1.41403794     -0.00122948    0.04101962     0.00000000     0.13024722     
2.87500000     1.41401971     -0.00119922    0.04051025     0.00000000     0.12863755     
2.89000000     1.41400193     -0.00116971    0.04000722     0.00000000     0.12704779     
2.90500000     1.41398459     -0.00114093    0.03951045     0.00000000     0.12547767     
2.92000000     1.41396767     -0.00111285    0.03901985     0.00000000     0.12392695     
2.93500000     1.41395117     -0.00108547    0.03853535     0.00000000     0.12239540     
2.95000000     1.41393508     -0.00105876    0.03805688     0.00000000     0.12088278     
2.96500000     1.41391938     -0.00103271    0.03758437     0.00000000     0.11938886     
2.98000000     1.41390407     -0.00100729    0.03711772     0.00000000     0.11791339     
2.99500000     1.41388913     -0.00098251    0.03665688     0.00000000     0.11645616     
3.01000000     1.41387456     -0.00095833    0.03620178     0.00000000     0.11501694     
3.02500000     1.41386036     -0.00093475    0.03575233     0.00000000     0.11359551     
3.04000000     1.41384650     -0.00091175    0.03530847     0.00000000     0.11219164     
3.05500000     1.41383298     -0.00088932    0.03487013     0.00000000     0.11080512     
3.07000000     1.41381979     -0.00086744    0.03443724     0.00000000     0.10943573     
3.08500000     1.41380693     -0.00084609    0.03400973     0.00000000     0.10808327     
3.10000000     1.41379438     -0.00082527    0.03358754     0.00000000     0.10674752     
3.11500000     1.41378215     -0.00080497    0.03317060     0.00000000     0.10542827     
3.13000000     1.41377021     -0.00078516    0.03275884     0.00000000     0.10412533     
3.14500000     1.41375857     -0.00076584    0.03235220     0.00000000     0.10283849     
3.16000000     1.41374722     -0.00074700    0.03195061     0.00000000     0.10156755     
3.17500000     1.41373614     -0.00072862    0.03155402     0.00000000     0.10031232     
3.19000000     1.41372534     -0.00071069    0.03116236     0.00000000     0.09907260     
3.20500000     1.41371480     -0.00069321    0.03077557     0.00000000     0.09784820     
3.22000000     1.41370452     -0.00067615    0.03039358     0.00000000     0.09663892     
3.23500000     1.41369450     -0.00065952    0.03001634     0.00000000     0.09544459     
3.25000000     1.41368472     -0.00064329    0.02964379     0.00000000     0.09426502     
3.26500000     1.41367518     -0.00062746    0.02927588     0.00000000     0.09310003     
3.28000000     1.41366588     -0.00061203    0.02891253     0.00000000     0.09194943     
3.29500000     1.41365680     -0.00059697    0.02855370     0.00000000     0.09081304     
3.31000000     1.41364795     -0.00058228    0.02819933     0.00000000     0.08969070     
3.32500000     1.41363932     -0.00056795    0.02784937     0.00000000     0.08858223     
3.34000000     1.41363090     -0.00055398    0.02750375     0.00000000     0.08748745     
3.35500000     1.41362268     -0.00054035    0.02716243     0.00000000     0.08640621     
3.37000000     1.41361467     -0.00052706    0.02682535     0.00000000     0.08533832     
3.38500000     1.41360686     -0.00051409    0.02649246     0.00000000     0.08428363     
3.40000000     1.41359923     -0.00050144    0.02616370     0.00000000     0.08324197     
3.41500000     1.41359180     -0.00048911    0.02583903     0.00000000     0.08221318     
3.43000000     1.41358455     -0.00047707    0.02551840     0.00000000     0.08119710     
3.44500000     1.41357747     -0.00046534    0.02520175     0.00000000     0.08019358     
3.46000000     1.41357057     -0.00045389    0.02488903     0.00000000     0.07920246     
3.47500000     1.41356384     -0.00044272    0.02458020     0.00000000     0.07822359     
3.49000000     1.41355728     -0.00043183    0.02427521     0.00000000     0.07725681     
3.50500000     1.41355088     -0.00042121    0.02397400     0.00000000     0.07630198     
3.52000000     1.41354463     -0.00041084    0.02367654     0.00000000     0.07535894     
3.53500000     1.41353854     -0.00040074    0.02338277     0.00000000     0.07442756     
3.55000000     1.41353260     -0.00039088    0.02309265     0.00000000     0.07350768     
3.56500000     1.41352680     -0.00038126    0.02280614     0.00000000     0.07259918     
3.58000000     1.41352115     -0.00037188    0.02252318     0.00000000     0.07170189     
3.59500000     1.41351563     -0.00036273    0.02224374     0.00000000     0.07081570     
3.61000000     1.41351026     -0.00035381    0.02196778     0.00000000     0.06994046     
3.62500000     1.41350501     -0.00034511    0.02169524     0.00000000     0.06907603     
3.64000000     1.41349989     -0.00033662    0.02142608     0.00000000     0.06822228     
3.65500000     1.41349490     -0.00032834    0.02116027     0.00000000     0.06737908     
3.67000000     1.41349003     -0.00032026    0.02089776     0.00000000     0.06654630     
3.68500000     1.41348529     -0.00031238    0.02063851     0.00000000     0.06572381     
3.70000000     1.41348065     -0.00030470    0.02038248     0.00000000     0.06491148     
3.71500000     1.41347614     -0.00029720    0.02012963     0.00000000     0.06410919     
3.73000000     1.41347173     -0.00028989    0.01987992     0.00000000     0.06331681     
3.74500000     1.41346743     -0.00028276    0.01963331     0.00000000     0.06253423     
3.76000000     1.41346324     -0.00027580    0.01938976     0.00000000     0.06176131     
3.77500000     1.41345915     -0.00026902    0.01914924     0.00000000     0.06099795     
3.79000000     1.41345516     -0.00026240    0.01891171     0.00000000     0.06024402     
3.80500000     1.41345127     -0.00025594    0.01867712     0.00000000     0.05949940     
3.82000000     1.41344748     -0.00024965    0.01844545     0.00000000     0.05876399     
3.83500000     1.41344377     -0.00024351    0.01821666     0.00000000     0.05803766     
3.85000000     1.41344016     -0.00023752    0.01799070     0.00000000     0.05732030     
3.86500000     1.41343664     -0.00023167    0.01776755     0.00000000     0.05661181     
3.88000000     1.41343321     -0.00022598    0.01754718     0.00000000     0.05591208     
3.89500000     1.41342986     -0.00022042    0.01732954     0.00000000     0.05522099     
3.91000000     1.41342659     -0.00021499    0.01711460     0.00000000     0.05453844     
3.92500000     1.41342340     -0.00020971    0.01690233     0.00000000     0.05386433     
3.94000000     1.41342029     -0.00020455    0.01669269     0.00000000     0.05319854     
3.95500000     1.41341726     -0.00019952    0.01648566     0.00000000     0.05254099     
3.97000000     1.41341430     -0.00019461    0.01628120     0.00000000     0.05189155     
3.98500000     1.41341141     -0.00018982    0.01607928     0.00000000     0.05125015     
4.00000000     1.41340860     -0.00018515    0.01587986     0.00000000     0.05061667     
4.01500000     1.41340585     -0.00018060    0.01568292     0.00000000     0.04999101     
4.03000000     1.41340318     -0.00017615    0.01548843     0.00000000     0.04937309     
4.04500000     1.41340057     -0.00017182    0.01529635     0.00000000     0.04876280     
4.06000000     1.41339802     -0.00016759    0.01510665     0.00000000     0.04816006     
4.07500000     1.41339553     -0.00016347    0.01491931     0.00000000     0.04756476     
4.09000000     1.41339311     -0.00015945    0.01473429     0.00000000     0.04697682     
4.10500000     1.41339074     -0.00015553    0.01455157     0.00000000     0.04639614     
4.12000000     1.41338844     -0.00015170    0.01437112     0.00000000     0.04582264     
4.13500000     1.41338619     -0.00014797    0.01419291     0.00000000     0.04525623     
4.15000000     1.41338400     -0.00014433    0.01401691     0.00000000     0.04469682     
4.16500000     1.41338186     -0.00014078    0.01384310     0.00000000     0.04414431     
4.18000000     1.41337977     -0.00013732    0.01367144     0.00000000     0.04359864     
4.19500000     1.41337773     -0.00013394    0.01350191     0.00000000     0.04305971     
4.21000000     1.41337575     -0.00013065    0.01333449     0.00000000     0.04252744     
4.22500000     1.41337381     -0.00012743    0.01316915     0.00000000     0.04200175     
4.24000000     1.41337192     -0.00012430    0.01300586     0.00000000     0.04148255     
4.25500000     1.41337008     -0.00012124    0.01284459     0.00000000     0.04096977     
4.27000000     1.41336828     -0.00011826    0.01268533     0.00000000     0.04046332     
4.28500000     1.41336653     -0.00011535    0.01252804     0.00000000     0.03996314     
4.30000000     1.41336482     -0.00011251    0.01237270     0.00000000     0.03946913     
4.31500000     1.41336315     -0.00010974    0.01221929     0.00000000     0.03898123     
4.33000000     1.41336152     -0.00010705    0.01206779     0.00000000     0.03849936     
4.34500000     1.41335993     -0.00010441    0.01191817     0.00000000     0.03802345     
4.36000000     1.41335838     -0.00010184    0.01177040     0.00000000     0.03755341     
4.37500000     1.41335687     -0.00009934    0.01162447     0.00000000     0.03708919     
4.39000000     1.41335540     -0.00009690    0.01148034     0.00000000     0.03663070     
4.40500000     1.41335396     -0.00009451    0.01133801     0.00000000     0.03617788     
4.42000000     1.41335256     -0.00009219    0.01119744     0.00000000     0.03573065     
4.43500000     1.41335120     -0.00008992    0.01105862     0.00000000     0.03528895     
4.45000000     1.41334986     -0.00008771    0.01092152     0.00000000     0.03485271     
4.46500000     1.41334856     -0.00008555    0.01078612     0.00000000     0.03442186     
4.48000000     1.41334729     -0.00008345    0.01065240     0.00000000     0.03399634     
4.49500000     1.41334606     -0.00008139    0.01052034     0.00000000     0.03357607     
4.51000000     1.41334485     -0.00007939    0.01038991     0.00000000     0.03316100     
4.52500000     1.41334367     -0.00007744    0.01026111     0.00000000     0.03275105     
4.54000000     1.41334253     -0.00007553    0.01013390     0.00000000     0.03234618     
4.55500000     1.41334141     -0.00007368    0.01000828     0.00000000     0.03194630     
4.57000000     1.41334031     -0.00007186    0.00988421     0.00000000     0.03155137     
4.58500000     1.41333925     -0.00007010    0.00976168     0.00000000     0.03116132     
4.60000000     1.41333821     -0.00006837    0.00964067     0.00000000     0.03077609     
4.61500000     1.41333719     -0.00006669    0.00952116     0.00000000     0.03039562     
4.63000000     1.41333621     -0.00006505    0.00940314     0.00000000     0.03001986     
4.64500000     1.41333524     -0.00006345    0.00928657     0.00000000     0.02964874     
4.66000000     1.41333430     -0.00006189    0.00917146     0.00000000     0.02928220     
4.67500000     1.41333338     -0.00006037    0.00905777     0.00000000     0.02892019     
4.69000000     1.41333249     -0.00005888    0.00894549     0.00000000     0.02856266     
4.70500000     1.41333161     -0.00005743    0.00883461     0.00000000     0.02820955     
4.72000000     1.41333076     -0.00005602    0.00872510     0.00000000     0.02786080     
4.73500000     1.41332993     -0.00005464    0.00861695     0.00000000     0.02751636     
4.75000000     1.41332912     -0.00005330    0.00851014     0.00000000     0.02717618     
4.76500000     1.41332833     -0.00005199    0.00840466     0.00000000     0.02684020     
4.78000000     1.41332756     -0.00005071    0.00830048     0.00000000     0.02650838     
4.79500000     1.41332681     -0.00004946    0.00819760     0.00000000     0.02618065     
4.81000000     1.41332608     -0.00004825    0.00809599     0.00000000     0.02585698     
4.82500000     1.41332536     -0.00004706    0.00799565     0.00000000     0.02553731     
4.84000000     1.41332466     -0.00004590    0.00789655     0.00000000     0.02522159     
4.85500000     1.41332398     -0.00004477    0.00779867     0.00000000     0.02490977     
4.87000000     1.41332332     -0.00004367    0.00770202     0.00000000     0.02460180     
4.88500000     1.41332267     -0.00004260    0.00760656     0.00000000     0.02429764     
4.90000000     1.41332204     -0.00004155    0.00751228     0.00000000     0.02399724     
4.91500000     1.41332142     -0.00004053    0.00741917     0.00000000     0.02370056     
4.93000000     1.41332082     -0.00003953    0.00732722     0.00000000     0.02340754     
4.94500000     1.41332024     -0.00003856    0.00723641     0.00000000     0.02311814     
4.96000000     1.41331966     -0.00003761    0.00714673     0.00000000     0.02283232     
4.97500000     1.41331911     -0.00003668    0.00705815     0.00000000     0.02255003     
4.99000000     1.41331856     -0.00003578    0.00697068     0.00000000     0.02227123     
5.00500000     1.41331803     -0.00003490    0.00688429     0.00000000     0.02199588     
5.02000000     1.41331751     -0.00003404    0.00679897     0.00000000     0.02172393     
5.03500000     1.41331701     -0.00003321    0.00671471     0.00000000     0.02145534     
5.05000000     1.41331652     -0.00003239    0.00663150     0.00000000     0.02119007     
5.06500000     1.41331604     -0.00003159    0.00654931     0.00000000     0.02092808     
5.08000000     1.41331557     -0.00003082    0.00646815     0.00000000     0.02066933     
5.09500000     1.41331511     -0.00003006    0.00638799     0.00000000     0.02041377     
5.11000000     1.41331467     -0.00002932    0.00630883     0.00000000     0.02016138     
5.12500000     1.41331423     -0.00002860    0.00623065     0.00000000     0.01991210     
5.14000000     1.41331381     -0.00002789    0.00615343     0.00000000     0.01966591     
5.15500000     1.41331339     -0.00002721    0.00607718     0.00000000     0.01942276     
5.17000000     1.41331299     -0.00002654    0.00600187     0.00000000     0.01918262     
5.18500000     1.41331260     -0.00002589    0.00592750     0.00000000     0.01894544     
5.20000000     1.41331221     -0.00002525    0.00585404     0.00000000     0.01871119     
5.21500000     1.41331184     -0.00002463    0.00578150     0.00000000     0.01847984     
5.23000000     1.41331147     -0.00002402    0.00570986     0.00000000     0.01825135     
5.24500000     1.41331112     -0.00002343    0.00563910     0.00000000     0.01802569     
5.26000000     1.41331077     -0.00002286    0.00556923     0.00000000     0.01780281     
5.27500000     1.41331043     -0.00002229    0.00550022     0.00000000     0.01758269     
5.29000000     1.41331010     -0.00002175    0.00543206     0.00000000     0.01736529     
5.30500000     1.41330978     -0.00002121    0.00536475     0.00000000     0.01715058     
5.32000000     1.41330946     -0.00002069    0.00529827     0.00000000     0.01693852     
5.33500000     1.41330916     -0.00002018    0.00523262     0.00000000     0.01672908     
5.35000000     1.41330886     -0.00001968    0.00516779     0.00000000     0.01652224     
5.36500000     1.41330857     -0.00001920    0.00510375     0.00000000     0.01631794     
5.38000000     1.41330828     -0.00001873    0.00504051     0.00000000     0.01611618     
5.39500000     1.41330800     -0.00001827    0.00497806     0.00000000     0.01591691     
5.41000000     1.41330773     -0.00001782    0.00491638     0.00000000     0.01572010     
5.42500000     1.41330747     -0.00001738    0.00485546     0.00000000     0.01552572     
5.44000000     1.41330721     -0.00001695    0.00479530     0.00000000     0.01533375     
5.45500000     1.41330696     -0.00001653    0.00473588     0.00000000     0.01514415     
5.47000000     1.41330671     -0.00001613    0.00467721     0.00000000     0.01495689     
5.48500000     1.41330648     -0.00001573    0.00461925     0.00000000     0.01477195     
5.50000000     1.41330624     -0.00001534    0.00456202     0.00000000     0.01458930     
5.51500000     1.41330601     -0.00001497    0.00450550     0.00000000     0.01440890     
5.53000000     1.41330579     -0.00001460    0.00444968     0.00000000     0.01423073     
5.54500000     1.41330558     -0.00001424    0.00439455     0.00000000     0.01405477     
5.56000000     1.41330536     -0.00001389    0.00434010     0.00000000     0.01388098     
5.57500000     1.41330516     -0.00001355    0.00428633     0.00000000     0.01370934     
5.59000000     1.41330496     -0.00001321    0.00423322     0.00000000     0.01353982     
5.60500000     1.41330476     -0.00001289    0.00418077     0.00000000     0.01337240     
5.62000000     1.41330457     -0.00001257    0.00412898     0.00000000     0.01320704     
5.63500000     1.41330438     -0.00001226    0.00407782     0.00000000     0.01304373     
5.65000000     1.41330420     -0.00001196    0.00402730     0.00000000     0.01288244     
5.66500000     1.41330403     -0.00001167    0.00397741     0.00000000     0.01272315     
5.68000000     1.41330385     -0.00001138    0.00392813     0.00000000     0.01256582     
5.69500000     1.41330368     -0.00001110    0.00387946     0.00000000     0.01241044     
5.71000000     1.41330352     -0.00001083    0.00383140     0.00000000     0.01225697     
5.72500000     1.41330336     -0.00001056    0.00378394     0.00000000     0.01210541     
5.74000000     1.41330320     -0.00001030    0.00373706     0.00000000     0.01195572     
5.75500000     1.41330305     -0.00001005    0.00369076     0.00000000     0.01180788     
5.77000000     1.41330290     -0.00000980    0.00364504     0.00000000     0.01166187     
5.78500000     1.41330275     -0.00000956    0.00359988     0.00000000     0.01151766     
5.80000000     1.41330261     -0.00000933    0.00355528     0.00000000     0.01137524     
5.81500000     1.41330247     -0.00000910    0.00351124     0.00000000     0.01123457     
5.83000000     1.41330234     -0.00000887    0.00346774     0.00000000     0.01109565     
5.84500000     1.41330221     -0.00000865    0.00342478     0.00000000     0.01095844     
5.86000000     1.41330208     -0.00000844    0.00338236     0.00000000     0.01082293     
5.87500000     1.41330195     -0.00000823    0.00334046     0.00000000     0.01068910     
5.89000000     1.41330183     -0.00000803    0.00329908     0.00000000     0.01055691     
5.90500000     1.41330171     -0.00000783    0.00325821     0.00000000     0.01042637     
5.92000000     1.41330160     -0.00000764    0.00321785     0.00000000     0.01029743     
5.93500000     1.41330148     -0.00000745    0.00317798     0.00000000     0.01017010     
5.95000000     1.41330137     -0.00000727    0.00313862     0.00000000     0.01004433     
5.96500000     1.41330127     -0.00000709    0.00309974     0.00000000     0.00992012     
5.98000000     1.41330116     -0.00000692    0.00306134     0.00000000     0.00979745     
5.99500000     1.41330106     -0.00000675    0.00302342     0.00000000     0.00967629     
6.01000000     1.41330096     -0.00000658    0.00298596     0.00000000     0.00955663     
6.02500000     1.41330086     -0.00000642    0.00294898     0.00000000     0.00943845     
6.04000000     1.41330077     -0.00000626    0.00291245     0.00000000     0.00932173     
6.05500000     1.41330067     -0.00000611    0.00287637     0.00000000     0.00920646     
6.07000000     1.41330058     -0.00000596    0.00284074     0.00000000     0.00909261     
6.08500000     1.41330049     -0.00000581    0.00280555     0.00000000     0.00898017     
6.10000000     1.41330041     -0.00000567    0.00277080     0.00000000     0.00886911     
6.11500000     1.41330032     -0.00000553    0.00273648     0.00000000     0.00875943     
6.13000000     1.41330024     -0.00000539    0.00270258     0.00000000     0.00865111     
6.14500000     1.41330016     -0.00000526    0.00266911     0.00000000     0.00854413     
6.16000000     1.41330008     -0.00000513    0.00263605     0.00000000     0.00843846     
6.17500000     1.41330001     -0.00000500    0.00260340     0.00000000     0.00833411     
6.19000000     1.41329993     -0.00000488    0.00257115     0.00000000     0.00823104     
6.20500000     1.41329986     -0.00000476    0.00253930     0.00000000     0.00812925     
6.22000000     1.41329979     -0.00000464    0.00250785     0.00000000     0.00802872     
6.23500000     1.41329972     -0.00000453    0.00247679     0.00000000     0.00792943     
6.25000000     1.41329965     -0.00000442    0.00244611     0.00000000     0.00783137     
6.26500000     1.41329959     -0.00000431    0.00241581     0.00000000     0.00773452     
6.28000000     1.41329953     -0.00000420    0.00238589     0.00000000     0.00763887     
6.29500000     1.41329946     -0.00000410    0.00235634     0.00000000     0.00754440     
6.31000000     1.41329940     -0.00000400    0.00232715     0.00000000     0.00745110     
6.32500000     1.41329934     -0.00000390    0.00229833     0.00000000     0.00735895     
6.34000000     1.41329929     -0.00000380    0.00226986     0.00000000     0.00726795     
6.35500000     1.41329923     -0.00000371    0.00224175     0.00000000     0.00717806     
6.37000000     1.41329917     -0.00000362    0.00221398     0.00000000     0.00708929     
6.38500000     1.41329912     -0.00000353    0.00218656     0.00000000     0.00700162     
6.40000000     1.41329907     -0.00000344    0.00215948     0.00000000     0.00691503     
6.41500000     1.41329902     -0.00000336    0.00213273     0.00000000     0.00682951     
6.43000000     1.41329897     -0.00000328    0.00210632     0.00000000     0.00674505     
6.44500000     1.41329892     -0.00000320    0.00208023     0.00000000     0.00666163     
6.46000000     1.41329887     -0.00000312    0.00205447     0.00000000     0.00657925     
6.47500000     1.41329882     -0.00000304    0.00202902     0.00000000     0.00649788     
6.49000000     1.41329878     -0.00000297    0.00200389     0.00000000     0.00641752     
6.50500000     1.41329874     -0.00000289    0.00197907     0.00000000     0.00633815     
6.52000000     1.41329869     -0.00000282    0.00195456     0.00000000     0.00625977     
6.53500000     1.41329865     -0.00000275    0.00193035     0.00000000     0.00618235     
6.55000000     1.41329861     -0.00000268    0.00190645     0.00000000     0.00610589     
6.56500000     1.41329857     -0.00000262    0.00188284     0.00000000     0.00603038     
6.58000000     1.41329853     -0.00000255    0.00185952     0.00000000     0.00595580     
6.59500000     1.41329849     -0.00000249    0.00183649     0.00000000     0.00588214     
6.61000000     1.41329846     -0.00000243    0.00181374     0.00000000     0.00580939     
6.62500000     1.41329842     -0.00000237    0.00179128     0.00000000     0.00573754     
6.64000000     1.41329839     -0.00000231    0.00176910     0.00000000     0.00566658     
6.65500000     1.41329835     -0.00000226    0.00174719     0.00000000     0.00559650     
6.67000000     1.41329832     -0.00000220    0.00172555     0.00000000     0.00552729     
6.68500000     1.41329828     -0.00000215    0.00170418     0.00000000     0.00545893     
6.70000000     1.41329825     -0.00000209    0.00168307     0.00000000     0.00539141     
6.71500000     1.41329822     -0.00000204    0.00166223     0.00000000     0.00532473     
6.73000000     1.41329819     -0.00000199    0.00164165     0.00000000     0.00525888     
6.74500000     1.41329816     -0.00000194    0.00162132     0.00000000     0.00519384     
6.76000000     1.41329813     -0.00000189    0.00160124     0.00000000     0.00512960     
6.77500000     1.41329811     -0.00000185    0.00158141     0.00000000     0.00506616     
6.79000000     1.41329808     -0.00000180    0.00156182     0.00000000     0.00500350     
6.80500000     1.41329805     -0.00000176    0.00154248     0.00000000     0.00494162     
6.82000000     1.41329803     -0.00000171    0.00152338     0.00000000     0.00488050     
6.83500000     1.41329800     -0.00000167    0.00150451     0.00000000     0.00482014     
6.85000000     1.41329797     -0.00000163    0.00148588     0.00000000     0.00476053     
6.86500000     1.41329795     -0.00000159    0.00146748     0.00000000     0.00470165     
6.88000000     1.41329793     -0.00000155    0.00144931     0.00000000     0.00464350     
6.89500000     1.41329790     -0.00000151    0.00143136     0.00000000     0.00458607     
6.91000000     1.41329788     -0.00000148    0.00141364     0.00000000     0.00452935     
6.92500000     1.41329786     -0.00000144    0.00139613     0.00000000     0.00447333     
6.94000000     1.41329784     -0.00000141    0.00137884     0.00000000     0.00441800     
6.95500000     1.41329782     -0.00000137    0.00136177     0.00000000     0.00436336     
6.97000000     1.41329780     -0.00000134    0.00134490     0.00000000     0.00430939     
6.98500000     1.41329778     -0.00000130    0.00132825     0.00000000     0.00425609     
7.00000000     1.41329776     -0.00000127    0.00131180     0.00000000     0.00420345     
7.01500000     1.41329774     -0.00000124    0.00129556     0.00000000     0.00415147     
7.03000000     1.41329772     -0.00000121    0.00127951     0.00000000     0.00410012     
7.04500000     1.41329770     -0.00000118    0.00126367     0.00000000     0.00404941     
7.06000000     1.41329769     -0.00000115    0.00124802     0.00000000     0.00399932     
7.07500000     1.41329767     -0.00000112    0.00123257     0.00000000     0.00394986     
7.09000000     1.41329765     -0.00000110    0.00121730     0.00000000     0.00390101     
7.10500000     1.41329764     -0.00000107    0.00120223     0.00000000     0.00385276     
7.12000000     1.41329762     -0.00000104    0.00118734     0.00000000     0.00380510     
7.13500000     1.41329760     -0.00000102    0.00117264     0.00000000     0.00375804     
7.15000000     1.41329759     -0.00000099    0.00115812     0.00000000     0.00371156     
7.16500000     1.41329757     -0.00000097    0.00114378     0.00000000     0.00366565     
7.18000000     1.41329756     -0.00000094    0.00112962     0.00000000     0.00362031     
7.19500000     1.41329755     -0.00000092    0.00111563     0.00000000     0.00357554     
7.21000000     1.41329753     -0.00000090    0.00110181     0.00000000     0.00353131     
7.22500000     1.41329752     -0.00000088    0.00108817     0.00000000     0.00348764     
7.24000000     1.41329751     -0.00000085    0.00107470     0.00000000     0.00344450     
7.25500000     1.41329749     -0.00000083    0.00106139     0.00000000     0.00340190     
7.27000000     1.41329748     -0.00000081    0.00104825     0.00000000     0.00335982     
7.28500000     1.41329747     -0.00000079    0.00103527     0.00000000     0.00331826     
7.30000000     1.41329746     -0.00000077    0.00102245     0.00000000     0.00327722     
7.31500000     1.41329745     -0.00000075    0.00100979     0.00000000     0.00323668     
7.33000000     1.41329743     -0.00000074    0.00099729     0.00000000     0.00319665     
7.34500000     1.41329742     -0.00000072    0.00098494     0.00000000     0.00315711     
7.36000000     1.41329741     -0.00000070    0.00097274     0.00000000     0.00311806     
7.37500000     1.41329740     -0.00000068    0.00096070     0.00000000     0.00307950     
7.39000000     1.41329739     -0.00000067    0.00094880     0.00000000     0.00304141     
7.40500000     1.41329738     -0.00000065    0.00093705     0.00000000     0.00300379     
7.42000000     1.41329737     -0.00000063    0.00092545     0.00000000     0.00296663     
7.43500000     1.41329736     -0.00000062    0.00091399     0.00000000     0.00292994     
7.45000000     1.41329735     -0.00000060    0.00090268     0.00000000     0.00289370     
7.46500000     1.41329735     -0.00000059    0.00089150     0.00000000     0.00285791     
7.48000000     1.41329734     -0.00000057    0.00088046     0.00000000     0.00282256     
7.49500000     1.41329733     -0.00000056    0.00086956     0.00000000     0.00278765     
7.51000000     1.41329732     -0.00000055    0.00085879     0.00000000     0.00275317     
7.52500000     1.41329731     -0.00000053    0.00084816     0.00000000     0.00271911     
7.54000000     1.41329730     -0.00000052    0.00083766     0.00000000     0.00268548     
7.55500000     1.41329730     -0.00000051    0.00082729     0.00000000     0.00265226     
7.57000000     1.41329729     -0.00000049    0.00081704     0.00000000     0.00261946     
7.58500000     1.41329728     -0.00000048    0.00080693     0.00000000     0.00258706     
7.60000000     1.41329727     -0.00000047    0.00079694     0.00000000     0.00255506     
7.61500000     1.41329727     -0.00000046    0.00078707     0.00000000     0.00252345     
7.63000000     1.41329726     -0.00000045    0.00077732     0.00000000     0.00249224     
7.64500000     1.41329725     -0.00000044    0.00076770     0.00000000     0.00246141     
7.66000000     1.41329725     -0.00000043    0.00075819     0.00000000     0.00243097     
7.67500000     1.41329724     -0.00000041    0.00074881     0.00000000     0.00240090     
7.69000000     1.41329724     -0.00000040    0.00073954     0.00000000     0.00237120     
7.70500000     1.41329723     -0.00000039    0.00073038     0.00000000     0.00234187     
7.72000000     1.41329722     -0.00000038    0.00072134     0.00000000     0.00231290     
7.73500000     1.41329722     -0.00000038    0.00071241     0.00000000     0.00228429     
7.75000000     1.41329721     -0.00000037    0.00070359     0.00000000     0.00225604     
7.76500000     1.41329721     -0.00000036    0.00069487     0.00000000     0.00222813     
7.78000000     1.41329720     -0.00000035    0.00068627     0.00000000     0.00220057     
7.79500000     1.41329720     -0.00000034    0.00067777     0.00000000     0.00217335     
7.81000000     1.41329719     -0.00000033    0.00066938     0.00000000     0.00214647     
7.82500000     1.41329719     -0.00000032    0.00066110     0.00000000     0.00211992     
7.84000000     1.41329718     -0.00000032    0.00065291     0.00000000     0.00209370     
7.85500000     1.41329718     -0.00000031    0.00064483     0.00000000     0.00206780     
7.87000000     1.41329717     -0.00000030    0.00063684     0.00000000     0.00204222     
7.88500000     1.41329717     -0.00000029    0.00062896     0.00000000     0.00201696     
7.90000000     1.41329716     -0.00000029    0.00062117     0.00000000     0.00199201     
7.91500000     1.41329716     -0.00000028    0.00061348     0.00000000     0.00196737     
7.93000000     1.41329716     -0.00000027    0.00060589     0.00000000     0.00194304     
7.94500000     1.41329715     -0.00000026    0.00059839     0.00000000     0.00191900     
7.96000000     1.41329715     -0.00000026    0.00059098     0.00000000     0.00189526     
7.97500000     1.41329714     -0.00000025    0.00058366     0.00000000     0.00187182     
7.99000000     1.41329714     -0.00000025    0.00057643     0.00000000     0.00184867     
8.00500000     1.41329714     -0.00000024    0.00056930     0.00000000     0.00182580     
8.02000000     1.41329713     -0.00000023    0.00056225     0.00000000     0.00180321     
8.03500000     1.41329713     -0.00000023    0.00055529     0.00000000     0.00178091     
8.05000000     1.41329713     -0.00000022    0.00054841     0.00000000     0.00175888     
8.06500000     1.41329712     -0.00000022    0.00054163     0.00000000     0.00173712     
8.08000000     1.41329712     -0.00000021    0.00053492     0.00000000     0.00171564     
8.09500000     1.41329712     -0.00000021    0.00052830     0.00000000     0.00169441     
8.11000000     1.41329711     -0.00000020    0.00052176     0.00000000     0.00167345     
8.12500000     1.41329711     -0.00000020    0.00051530     0.00000000     0.00165275     
8.14000000     1.41329711     -0.00000019    0.00050892     0.00000000     0.00163231     
8.15500000     1.41329710     -0.00000019    0.00050262     0.00000000     0.00161212     
8.17000000     1.41329710     -0.00000018    0.00049640     0.00000000     0.00159218     
8.18500000     1.41329710     -0.00000018    0.00049025     0.00000000     0.00157248     
8.20000000     1.41329710     -0.00000017    0.00048418     0.00000000     0.00155303     
8.21500000     1.41329709     -0.00000017    0.00047819     0.00000000     0.00153382     
8.23000000     1.41329709     -0.00000017    0.00047227     0.00000000     0.00151485     
8.24500000     1.41329709     -0.00000016    0.00046642     0.00000000     0.00149611     
8.26000000     1.41329709     -0.00000016    0.00046065     0.00000000     0.00147760     
8.27500000     1.41329708     -0.00000015    0.00045494     0.00000000     0.00145932     
8.29000000     1.41329708     -0.00000015    0.00044931     0.00000000     0.00144127     
8.30500000     1.41329708     -0.00000015    0.00044375     0.00000000     0.00142344     
8.32000000     1.41329708     -0.00000014    0.00043826     0.00000000     0.00140583     
8.33500000     1.41329707     -0.00000014    0.00043283     0.00000000     0.00138844     
8.35000000     1.41329707     -0.00000014    0.00042747     0.00000000     0.00137127     
8.36500000     1.41329707     -0.00000013    0.00042218     0.00000000     0.00135431     
8.38000000     1.41329707     -0.00000013    0.00041695     0.00000000     0.00133755     
8.39500000     1.41329707     -0.00000013    0.00041179     0.00000000     0.00132101     
8.41000000     1.41329707     -0.00000012    0.00040669     0.00000000     0.00130467     
8.42500000     1.41329706     -0.00000012    0.00040166     0.00000000     0.00128853     
8.44000000     1.41329706     -0.00000012    0.00039669     0.00000000     0.00127259     
8.45500000     1.41329706     -0.00000011    0.00039178     0.00000000     0.00125685     
8.47000000     1.41329706     -0.00000011    0.00038693     0.00000000     0.00124130     
8.48500000     1.41329706     -0.00000011    0.00038214     0.00000000     0.00122594     
8.50000000     1.41329705     -0.00000011    0.00037741     0.00000000     0.00121078     
8.51500000     1.41329705     -0.00000010    0.00037273     0.00000000     0.00119580     
8.53000000     1.41329705     -0.00000010    0.00036812     0.00000000     0.00118101     
8.54500000     1.41329705     -0.00000010    0.00036356     0.00000000     0.00116640     
8.56000000     1.41329705     -0.00000010    0.00035906     0.00000000     0.00115197     
8.57500000     1.41329705     -0.00000009    0.00035462     0.00000000     0.00113772     
8.59000000     1.41329705     -0.00000009    0.00035023     0.00000000     0.00112365     
8.60500000     1.41329704     -0.00000009    0.00034589     0.00000000     0.00110975     
8.62000000     1.41329704     -0.00000009    0.00034161     0.00000000     0.00109602     
8.63500000     1.41329704     -0.00000008    0.00033738     0.00000000     0.00108246     
8.65000000     1.41329704     -0.00000008    0.00033321     0.00000000     0.00106907     
8.66500000     1.41329704     -0.00000008    0.00032908     0.00000000     0.00105585     
8.68000000     1.41329704     -0.00000008    0.00032501     0.00000000     0.00104278     
8.69500000     1.41329704     -0.00000008    0.00032098     0.00000000     0.00102988     
8.71000000     1.41329704     -0.00000007    0.00031701     0.00000000     0.00101714     
8.72500000     1.41329704     -0.00000007    0.00031309     0.00000000     0.00100456     
8.74000000     1.41329703     -0.00000007    0.00030921     0.00000000     0.00099213     
8.75500000     1.41329703     -0.00000007    0.00030538     0.00000000     0.00097986     
8.77000000     1.41329703     -0.00000007    0.00030160     0.00000000     0.00096774     
8.78500000     1.41329703     -0.00000007    0.00029787     0.00000000     0.00095577     
8.80000000     1.41329703     -0.00000006    0.00029418     0.00000000     0.00094395     
8.81500000     1.41329703     -0.00000006    0.00029054     0.00000000     0.00093227     
8.83000000     1.41329703     -0.00000006    0.00028694     0.00000000     0.00092074     
8.84500000     1.41329703     -0.00000006    0.00028339     0.00000000     0.00090935     
8.86000000     1.41329703     -0.00000006    0.00027988     0.00000000     0.00089810     
8.87500000     1.41329703     -0.00000006    0.00027642     0.00000000     0.00088699     
8.89000000     1.41329702     -0.00000006    0.00027300     0.00000000     0.00087601     
8.90500000     1.41329702     -0.00000005    0.00026962     0.00000000     0.00086518     
8.92000000     1.41329702     -0.00000005    0.00026628     0.00000000     0.00085447     
8.93500000     1.41329702     -0.00000005    0.00026298     0.00000000     0.00084390     
8.95000000     1.41329702     -0.00000005    0.00025973     0.00000000     0.00083346     
8.96500000     1.41329702     -0.00000005    0.00025651     0.00000000     0.00082315     
8.98000000     1.41329702     -0.00000005    0.00025334     0.00000000     0.00081297     
8.99500000     1.41329702     -0.00000005    0.00025020     0.00000000     0.00080291     
9.01000000     1.41329702     -0.00000005    0.00024711     0.00000000     0.00079298     
9.02500000     1.41329702     -0.00000004    0.00024405     0.00000000     0.00078317     
9.04000000     1.41329702     -0.00000004    0.00024103     0.00000000     0.00077348     
9.05500000     1.41329702     -0.00000004    0.00023804     0.00000000     0.00076391     
9.07000000     1.41329702     -0.00000004    0.00023510     0.00000000     0.00075446     
9.08500000     1.41329702     -0.00000004    0.00023219     0.00000000     0.00074513     
9.10000000     1.41329701     -0.00000004    0.00022931     0.00000000     0.00073591     
9.11500000     1.41329701     -0.00000004    0.00022647     0.00000000     0.00072681     
9.13000000     1.41329701     -0.00000004    0.00022367     0.00000000     0.00071782     
9.14500000     1.41329701     -0.00000004    0.00022090     0.00000000     0.00070894     
9.16000000     1.41329701     -0.00000004    0.00021817     0.00000000     0.00070017     
9.17500000     1.41329701     -0.00000003    0.00021547     0.00000000     0.00069151     
9.19000000     1.41329701     -0.00000003    0.00021280     0.00000000     0.00068295     
9.20500000     1.41329701     -0.00000003    0.00021017     0.00000000     0.00067450     
9.22000000     1.41329701     -0.00000003    0.00020756     0.00000000     0.00066616     
9.23500000     1.41329701     -0.00000003    0.00020500     0.00000000     0.00065792     
9.25000000     1.41329701     -0.00000003    0.00020246     0.00000000     0.00064978     
9.26500000     1.41329701     -0.00000003    0.00019995     0.00000000     0.00064174     
9.28000000     1.41329701     -0.00000003    0.00019748     0.00000000     0.00063380     
9.29500000     1.41329701     -0.00000003    0.00019503     0.00000000     0.00062596     
9.31000000     1.41329701     -0.00000003    0.00019262     0.00000000     0.00061822     
9.32500000     1.41329701     -0.00000003    0.00019023     0.00000000     0.00061057     
9.34000000     1.41329701     -0.00000003    0.00018788     0.00000000     0.00060302     
9.35500000     1.41329701     -0.00000003    0.00018555     0.00000000     0.00059556     
9.37000000     1.41329701     -0.00000002    0.00018326     0.00000000     0.00058819     
9.38500000     1.41329701     -0.00000002    0.00018099     0.00000000     0.00058091     
9.40000000     1.41329701     -0.00000002    0.00017875     0.00000000     0.00057372     
9.41500000     1.41329701     -0.00000002    0.00017654     0.00000000     0.00056663     
9.43000000     1.41329700     -0.00000002    0.00017435     0.00000000     0.00055962     
9.44500000     1.41329700     -0.00000002    0.00017219     0.00000000     0.00055269     
9.46000000     1.41329700     -0.00000002    0.00017006     0.00000000     0.00054586     
9.47500000     1.41329700     -0.00000002    0.00016796     0.00000000     0.00053910     
9.49000000     1.41329700     -0.00000002    0.00016588     0.00000000     0.00053243     
9.50500000     1.41329700     -0.00000002    0.00016382     0.00000000     0.00052585     
9.52000000     1.41329700     -0.00000002    0.00016180     0.00000000     0.00051934     
9.53500000     1.41329700     -0.00000002    0.00015979     0.00000000     0.00051292     
9.55000000     1.41329700     -0.00000002    0.00015782     0.00000000     0.00050657     
9.56500000     1.41329700     -0.00000002    0.00015586     0.00000000     0.00050031     
9.58000000     1.41329700     -0.00000002    0.00015393     0.00000000     0.00049412     
9.59500000     1.41329700     -0.00000002    0.00015203     0.00000000     0.00048800     
9.61000000     1.41329700     -0.00000002    0.00015015     0.00000000     0.00048197     
9.62500000     1.41329700     -0.00000002    0.00014829     0.00000000     0.00047600     
9.64000000     1.41329700     -0.00000002    0.00014645     0.00000000     0.00047011     
9.65500000     1.41329700     -0.00000002    0.00014464     0.00000000     0.00046430     
9.67000000     1.41329700     -0.00000002    0.00014285     0.00000000     0.00045855     
9.68500000     1.41329700     -0.00000001    0.00014108     0.00000000     0.00045288     
9.70000000     1.41329700     -0.00000001    0.00013934     0.00000000     0.00044728     
9.71500000     1.41329700     -0.00000001    0.00013761     0.00000000     0.00044175     
9.73000000     1.41329700     -0.00000001    0.00013591     0.00000000     0.00043628     
9.74500000     1.41329700     -0.00000001    0.00013423     0.00000000     0.00043088     
9.76000000     1.41329700     -0.00000001    0.00013256     0.00000000     0.00042555     
9.77500000     1.41329700     -0.00000001    0.00013092     0.00000000     0.00042029     
9.79000000     1.41329700     -0.00000001    0.00012930     0.00000000     0.00041509     
9.80500000     1.41329700     -0.00000001    0.00012770     0.00000000     0.00040995     
9.82000000     1.41329700     -0.00000001    0.00012612     0.00000000     0.00040488     
9.83500000     1.41329700     -0.00000001    0.00012456     0.00000000     0.00039987     
9.85000000     1.41329700     -0.00000001    0.00012302     0.00000000     0.00039493     
9.86500000     1.41329700     -0.00000001    0.00012150     0.00000000     0.00039004     
9.88000000     1.41329700     -0.00000001    0.00011999     0.00000000     0.00038521     
9.89500000     1.41329700     -0.00000001    0.00011851     0.00000000     0.00038045     
9.91000000     1.41329700     -0.00000001    0.00011704     0.00000000     0.00037574     
9.92500000     1.41329700     -0.00000001    0.00011559     0.00000000     0.00037109     
9.94000000     1.41329700     -0.00000001    0.00011416     0.00000000     0.00036650     
9.95500000     1.41329700     -0.00000001    0.00011275     0.00000000     0.00036197     
9.97000000     1.41329700     -0.00000001    0.00011135     0.00000000     0.00035749     
9.98500000     1.41329700     -0.00000001    0.00010998     0.00000000     0.00035307     
