# delta = 1.000, g = 0.500
# =================================================================================================================
#    s          ||Hod||        diagonal elements of H
# =================================================================================================================

0.00000000     1.22474487     1.50000000     3.50000000     5.50000000     5.50000000     7.50000000     9.50000000     
0.03000000     0.96255965     1.46691993     3.48474285     5.50043416     5.50043416     7.51554659     9.53192231     
0.05000000     0.81709293     1.45096068     3.47948297     5.50140375     5.50140375     7.52189201     9.54485683     
0.08000000     0.67888279     1.43811059     3.47561033     5.50211953     5.50211953     7.52823279     9.55380724     
0.10000000     0.61166342     1.43281108     3.47400966     5.50219591     5.50219591     7.53171821     9.55706924     
0.13000000     0.53049882     1.42722286     3.47235508     5.50204099     5.50204099     7.53612985     9.56021021     
0.15000000     0.48490743     1.42445215     3.47156605     5.50187130     5.50187130     7.53857938     9.56165982     
