#   delta = 1.000, g = 0.700, ds = 0.010
#   s             E             dE       ||Gammaod||    ||eta2B||    

0.0000000     1.3000000     -0.2858333    1.9798990     0.6282692     
0.0100000     1.2971531     -0.2835481    1.9641514     0.6282692     
0.0200000     1.2943509     -0.2790929    1.9485462     0.6234167     
0.0300000     1.2915928     -0.2747114    1.9330815     0.6186036     
0.0400000     1.2888779     -0.2704024    1.9177558     0.6138295     
0.0500000     1.2862056     -0.2661645    1.9025674     0.6090940     
0.0600000     1.2835751     -0.2619965    1.8875149     0.6043968     
0.0700000     1.2809858     -0.2578971    1.8725966     0.5997376     
0.0800000     1.2784370     -0.2538650    1.8578109     0.5951160     
0.0900000     1.2759280     -0.2498992    1.8431565     0.5905317     
0.1000000     1.2734582     -0.2459983    1.8286318     0.5859843     
0.1100000     1.2710269     -0.2421613    1.8142353     0.5814735     
0.1200000     1.2686336     -0.2383870    1.7999656     0.5769989     
0.1300000     1.2662775     -0.2346743    1.7858213     0.5725603     
0.1400000     1.2639581     -0.2310221    1.7718011     0.5681574     
0.1500000     1.2616747     -0.2274294    1.7579034     0.5637897     
0.1600000     1.2594269     -0.2238951    1.7441271     0.5594571     
0.1700000     1.2572140     -0.2204181    1.7304707     0.5551591     
0.1800000     1.2550354     -0.2169976    1.7169330     0.5508955     
0.1900000     1.2528906     -0.2136324    1.7035126     0.5466660     
0.2000000     1.2507791     -0.2103216    1.6902083     0.5424703     
0.2100000     1.2487003     -0.2070644    1.6770188     0.5383081     
0.2200000     1.2466536     -0.2038597    1.6639430     0.5341790     
0.2300000     1.2446386     -0.2007066    1.6509795     0.5300829     
0.2400000     1.2426548     -0.1976043    1.6381272     0.5260193     
0.2500000     1.2407016     -0.1945519    1.6253849     0.5219881     
0.2600000     1.2387786     -0.1915485    1.6127515     0.5179890     
0.2700000     1.2368852     -0.1885932    1.6002258     0.5140216     
0.2800000     1.2350210     -0.1856853    1.5878066     0.5100857     
0.2900000     1.2331856     -0.1828240    1.5754929     0.5061811     
0.3000000     1.2313785     -0.1800084    1.5632836     0.5023074     
0.3100000     1.2295991     -0.1772378    1.5511776     0.4984644     
0.3200000     1.2278472     -0.1745114    1.5391737     0.4946518     
0.3300000     1.2261222     -0.1718284    1.5272711     0.4908695     
0.3400000     1.2244237     -0.1691882    1.5154685     0.4871170     
0.3500000     1.2227512     -0.1665899    1.5037651     0.4833942     
0.3600000     1.2211045     -0.1640329    1.4921598     0.4797008     
0.3700000     1.2194830     -0.1615166    1.4806516     0.4760365     
0.3800000     1.2178864     -0.1590401    1.4692395     0.4724012     
0.3900000     1.2163143     -0.1566028    1.4579226     0.4687945     
0.4000000     1.2147662     -0.1542042    1.4466998     0.4652162     
0.4100000     1.2132419     -0.1518434    1.4355704     0.4616662     
0.4200000     1.2117408     -0.1495200    1.4245332     0.4581440     
0.4300000     1.2102628     -0.1472332    1.4135875     0.4546496     
0.4400000     1.2088073     -0.1449825    1.4027324     0.4511827     
0.4500000     1.2073741     -0.1427673    1.3919668     0.4477430     
0.4600000     1.2059628     -0.1405869    1.3812900     0.4443303     
0.4700000     1.2045730     -0.1384408    1.3707010     0.4409444     
0.4800000     1.2032044     -0.1363284    1.3601991     0.4375851     
0.4900000     1.2018567     -0.1342493    1.3497834     0.4342521     
0.5000000     1.2005295     -0.1322027    1.3394530     0.4309453     
0.5100000     1.1992226     -0.1301882    1.3292071     0.4276643     
0.5200000     1.1979356     -0.1282053    1.3190449     0.4244091     
0.5300000     1.1966682     -0.1262534    1.3089656     0.4211793     
0.5400000     1.1954201     -0.1243320    1.2989684     0.4179748     
0.5500000     1.1941909     -0.1224407    1.2890526     0.4147954     
0.5600000     1.1929805     -0.1205788    1.2792173     0.4116408     
0.5700000     1.1917884     -0.1187461    1.2694618     0.4085109     
0.5800000     1.1906145     -0.1169419    1.2597853     0.4054054     
0.5900000     1.1894584     -0.1151658    1.2501871     0.4023241     
0.6000000     1.1883199     -0.1134174    1.2406665     0.3992669     
0.6100000     1.1871986     -0.1116961    1.2312227     0.3962336     
0.6200000     1.1860943     -0.1100017    1.2218550     0.3932238     
0.6300000     1.1850068     -0.1083335    1.2125627     0.3902375     
0.6400000     1.1839358     -0.1066913    1.2033452     0.3872745     
0.6500000     1.1828810     -0.1050745    1.1942016     0.3843346     
0.6600000     1.1818422     -0.1034828    1.1851314     0.3814175     
0.6700000     1.1808192     -0.1019157    1.1761338     0.3785231     
0.6800000     1.1798116     -0.1003730    1.1672082     0.3756513     
0.6900000     1.1788193     -0.0988541    1.1583539     0.3728017     
0.7000000     1.1778419     -0.0973586    1.1495704     0.3699743     
0.7100000     1.1768794     -0.0958863    1.1408568     0.3671689     
0.7200000     1.1759314     -0.0944368    1.1322127     0.3643852     
0.7300000     1.1749978     -0.0930096    1.1236373     0.3616231     
0.7400000     1.1740782     -0.0916044    1.1151301     0.3588825     
0.7500000     1.1731726     -0.0902209    1.1066904     0.3561631     
0.7600000     1.1722806     -0.0888587    1.0983176     0.3534648     
0.7700000     1.1714021     -0.0875175    1.0900112     0.3507874     
0.7800000     1.1705368     -0.0861969    1.0817705     0.3481307     
0.7900000     1.1696846     -0.0848966    1.0735950     0.3454946     
0.8000000     1.1688453     -0.0836163    1.0654840     0.3428790     
0.8100000     1.1680186     -0.0823557    1.0574371     0.3402835     
0.8200000     1.1672043     -0.0811145    1.0494535     0.3377081     
0.8300000     1.1664024     -0.0798923    1.0415329     0.3351527     
0.8400000     1.1656125     -0.0786888    1.0336745     0.3326170     
0.8500000     1.1648345     -0.0775038    1.0258779     0.3301009     
0.8600000     1.1640683     -0.0763370    1.0181426     0.3276042     
0.8700000     1.1633135     -0.0751880    1.0104679     0.3251268     
0.8800000     1.1625701     -0.0740567    1.0028535     0.3226685     
0.8900000     1.1618380     -0.0729426    0.9952986     0.3202292     
0.9000000     1.1611168     -0.0718456    0.9878029     0.3178087     
0.9100000     1.1604064     -0.0707653    0.9803657     0.3154069     
0.9200000     1.1597068     -0.0697016    0.9729867     0.3130236     
0.9300000     1.1590177     -0.0686541    0.9656653     0.3106587     
0.9400000     1.1583389     -0.0676226    0.9584010     0.3083119     
0.9500000     1.1576703     -0.0666068    0.9511932     0.3059833     
0.9600000     1.1570118     -0.0656065    0.9440417     0.3036726     
0.9700000     1.1563631     -0.0646215    0.9369457     0.3013796     
0.9800000     1.1557242     -0.0636515    0.9299049     0.2991043     
0.9900000     1.1550949     -0.0626962    0.9229188     0.2968465     
1.0000000     1.1544750     -0.0617555    0.9159870     0.2946061     
1.0100000     1.1538644     -0.0608291    0.9091089     0.2923829     
1.0200000     1.1532630     -0.0599168    0.9022841     0.2901768     
1.0300000     1.1526706     -0.0590184    0.8955122     0.2879876     
1.0400000     1.1520871     -0.0581337    0.8887928     0.2858153     
1.0500000     1.1515123     -0.0572624    0.8821252     0.2836596     
1.0600000     1.1509461     -0.0564043    0.8755093     0.2815205     
1.0700000     1.1503885     -0.0555592    0.8689444     0.2793978     
1.0800000     1.1498391     -0.0547270    0.8624302     0.2772913     
1.0900000     1.1492980     -0.0539074    0.8559663     0.2752011     
1.1000000     1.1487651     -0.0531002    0.8495521     0.2731268     
1.1100000     1.1482401     -0.0523053    0.8431874     0.2710685     
1.1200000     1.1477229     -0.0515224    0.8368717     0.2690259     
1.1300000     1.1472135     -0.0507514    0.8306046     0.2669990     
1.1400000     1.1467117     -0.0499921    0.8243857     0.2649876     
1.1500000     1.1462174     -0.0492442    0.8182146     0.2629916     
1.1600000     1.1457306     -0.0485077    0.8120909     0.2610109     
1.1700000     1.1452510     -0.0477823    0.8060141     0.2590454     
1.1800000     1.1447785     -0.0470679    0.7999840     0.2570949     
1.1900000     1.1443132     -0.0463642    0.7940001     0.2551593     
1.2000000     1.1438548     -0.0456713    0.7880621     0.2532385     
1.2100000     1.1434032     -0.0449888    0.7821696     0.2513324     
1.2200000     1.1429584     -0.0443166    0.7763221     0.2494409     
1.2300000     1.1425202     -0.0436545    0.7705194     0.2475638     
1.2400000     1.1420886     -0.0430024    0.7647611     0.2457011     
1.2500000     1.1416634     -0.0423602    0.7590467     0.2438526     
1.2600000     1.1412446     -0.0417277    0.7533760     0.2420182     
1.2700000     1.1408321     -0.0411047    0.7477486     0.2401978     
1.2800000     1.1404257     -0.0404911    0.7421642     0.2383913     
1.2900000     1.1400253     -0.0398868    0.7366223     0.2365986     
1.3000000     1.1396310     -0.0392915    0.7311226     0.2348196     
1.3100000     1.1392425     -0.0387053    0.7256649     0.2330541     
1.3200000     1.1388598     -0.0381278    0.7202488     0.2313021     
1.3300000     1.1384828     -0.0375591    0.7148738     0.2295635     
1.3400000     1.1381115     -0.0369989    0.7095398     0.2278381     
1.3500000     1.1377457     -0.0364471    0.7042463     0.2261259     
1.3600000     1.1373853     -0.0359037    0.6989931     0.2244267     
1.3700000     1.1370304     -0.0353684    0.6937797     0.2227404     
1.3800000     1.1366807     -0.0348412    0.6886060     0.2210670     
1.3900000     1.1363362     -0.0343219    0.6834716     0.2194064     
1.4000000     1.1359969     -0.0338104    0.6783761     0.2177583     
1.4100000     1.1356626     -0.0333065    0.6733192     0.2161229     
1.4200000     1.1353333     -0.0328103    0.6683008     0.2144998     
1.4300000     1.1350089     -0.0323215    0.6633203     0.2128891     
1.4400000     1.1346893     -0.0318401    0.6583776     0.2112907     
1.4500000     1.1343745     -0.0313658    0.6534723     0.2097044     
1.4600000     1.1340644     -0.0308987    0.6486041     0.2081302     
1.4700000     1.1337589     -0.0304386    0.6437728     0.2065679     
1.4800000     1.1334580     -0.0299854    0.6389781     0.2050176     
1.4900000     1.1331615     -0.0295390    0.6342196     0.2034790     
1.5000000     1.1328695     -0.0290993    0.6294971     0.2019520     
1.5100000     1.1325818     -0.0286662    0.6248102     0.2004367     
1.5200000     1.1322984     -0.0282396    0.6201588     0.1989329     
1.5300000     1.1320192     -0.0278194    0.6155425     0.1974405     
1.5400000     1.1317442     -0.0274055    0.6109610     0.1959595     
1.5500000     1.1314732     -0.0269977    0.6064141     0.1944897     
1.5600000     1.1312063     -0.0265961    0.6019015     0.1930310     
1.5700000     1.1309434     -0.0262005    0.5974230     0.1915834     
1.5800000     1.1306843     -0.0258108    0.5929782     0.1901468     
1.5900000     1.1304291     -0.0254270    0.5885669     0.1887210     
1.6000000     1.1301778     -0.0250489    0.5841888     0.1873061     
1.6100000     1.1299301     -0.0246764    0.5798437     0.1859019     
1.6200000     1.1296862     -0.0243096    0.5755314     0.1845084     
1.6300000     1.1294458     -0.0239482    0.5712515     0.1831254     
1.6400000     1.1292091     -0.0235922    0.5670038     0.1817529     
1.6500000     1.1289758     -0.0232415    0.5627880     0.1803908     
1.6600000     1.1287461     -0.0228961    0.5586040     0.1790390     
1.6700000     1.1285197     -0.0225559    0.5544514     0.1776974     
1.6800000     1.1282967     -0.0222207    0.5503301     0.1763661     
1.6900000     1.1280770     -0.0218905    0.5462397     0.1750447     
1.7000000     1.1278606     -0.0215653    0.5421800     0.1737334     
1.7100000     1.1276474     -0.0212449    0.5381509     0.1724320     
1.7200000     1.1274374     -0.0209294    0.5341520     0.1711405     
1.7300000     1.1272305     -0.0206185    0.5301831     0.1698587     
1.7400000     1.1270266     -0.0203123    0.5262440     0.1685867     
1.7500000     1.1268258     -0.0200106    0.5223344     0.1673242     
1.7600000     1.1266280     -0.0197134    0.5184542     0.1660713     
1.7700000     1.1264331     -0.0194207    0.5146031     0.1648279     
1.7800000     1.1262411     -0.0191324    0.5107809     0.1635939     
1.7900000     1.1260520     -0.0188483    0.5069873     0.1623692     
1.8000000     1.1258657     -0.0185685    0.5032222     0.1611537     
1.8100000     1.1256821     -0.0182929    0.4994852     0.1599474     
1.8200000     1.1255013     -0.0180213    0.4957763     0.1587503     
1.8300000     1.1253231     -0.0177539    0.4920951     0.1575622     
1.8400000     1.1251476     -0.0174904    0.4884415     0.1563831     
1.8500000     1.1249747     -0.0172308    0.4848153     0.1552128     
1.8600000     1.1248044     -0.0169751    0.4812162     0.1540514     
1.8700000     1.1246366     -0.0167232    0.4776440     0.1528988     
1.8800000     1.1244712     -0.0164751    0.4740986     0.1517549     
1.8900000     1.1243084     -0.0162307    0.4705796     0.1506196     
1.9000000     1.1241479     -0.0159899    0.4670870     0.1494929     
1.9100000     1.1239899     -0.0157527    0.4636206     0.1483747     
1.9200000     1.1238341     -0.0155190    0.4601800     0.1472649     
1.9300000     1.1236807     -0.0152888    0.4567651     0.1461635     
1.9400000     1.1235296     -0.0150621    0.4533758     0.1450704     
1.9500000     1.1233807     -0.0148387    0.4500118     0.1439855     
1.9600000     1.1232340     -0.0146186    0.4466729     0.1429089     
1.9700000     1.1230895     -0.0144018    0.4433590     0.1418403     
1.9800000     1.1229472     -0.0141883    0.4400698     0.1407798     
1.9900000     1.1228069     -0.0139779    0.4368052     0.1397273     
2.0000000     1.1226687     -0.0137707    0.4335650     0.1386827     
2.0100000     1.1225326     -0.0135665    0.4303489     0.1376460     
2.0200000     1.1223985     -0.0133654    0.4271568     0.1366171     
2.0300000     1.1222664     -0.0131672    0.4239886     0.1355960     
2.0400000     1.1221363     -0.0129721    0.4208440     0.1345825     
2.0500000     1.1220080     -0.0127798    0.4177229     0.1335767     
2.0600000     1.1218817     -0.0125904    0.4146250     0.1325785     
2.0700000     1.1217573     -0.0124038    0.4115503     0.1315877     
2.0800000     1.1216347     -0.0122199    0.4084984     0.1306045     
2.0900000     1.1215139     -0.0120388    0.4054694     0.1296286     
2.1000000     1.1213949     -0.0118604    0.4024629     0.1286601     
2.1100000     1.1212777     -0.0116847    0.3994788     0.1276988     
2.1200000     1.1211622     -0.0115115    0.3965169     0.1267448     
2.1300000     1.1210484     -0.0113410    0.3935772     0.1257980     
2.1400000     1.1209363     -0.0111729    0.3906593     0.1248583     
2.1500000     1.1208259     -0.0110074    0.3877632     0.1239257     
2.1600000     1.1207171     -0.0108443    0.3848886     0.1230001     
2.1700000     1.1206099     -0.0106837    0.3820355     0.1220815     
2.1800000     1.1205043     -0.0105254    0.3792036     0.1211697     
2.1900000     1.1204002     -0.0103695    0.3763927     0.1202648     
2.2000000     1.1202978     -0.0102159    0.3736028     0.1193668     
2.2100000     1.1201968     -0.0100646    0.3708337     0.1184754     
2.2200000     1.1200973     -0.0099155    0.3680852     0.1175908     
2.2300000     1.1199993     -0.0097686    0.3653572     0.1167128     
2.2400000     1.1199028     -0.0096240    0.3626494     0.1158415     
2.2500000     1.1198077     -0.0094814    0.3599618     0.1149766     
2.2600000     1.1197139     -0.0093410    0.3572942     0.1141183     
2.2700000     1.1196216     -0.0092027    0.3546464     0.1132664     
2.2800000     1.1195307     -0.0090664    0.3520184     0.1124209     
2.2900000     1.1194411     -0.0089322    0.3494098     0.1115818     
2.3000000     1.1193528     -0.0087999    0.3468207     0.1107490     
2.3100000     1.1192658     -0.0086696    0.3442508     0.1099224     
2.3200000     1.1191801     -0.0085413    0.3417001     0.1091021     
2.3300000     1.1190957     -0.0084148    0.3391683     0.1082879     
2.3400000     1.1190126     -0.0082902    0.3366553     0.1074798     
2.3500000     1.1189306     -0.0081675    0.3341610     0.1066777     
2.3600000     1.1188499     -0.0080466    0.3316853     0.1058817     
2.3700000     1.1187704     -0.0079275    0.3292279     0.1050917     
2.3800000     1.1186921     -0.0078101    0.3267888     0.1043076     
2.3900000     1.1186149     -0.0076945    0.3243679     0.1035294     
2.4000000     1.1185388     -0.0075806    0.3219649     0.1027570     
2.4100000     1.1184639     -0.0074684    0.3195798     0.1019904     
2.4200000     1.1183901     -0.0073579    0.3172124     0.1012296     
2.4300000     1.1183174     -0.0072490    0.3148625     0.1004745     
2.4400000     1.1182458     -0.0071417    0.3125302     0.0997250     
2.4500000     1.1181752     -0.0070360    0.3102151     0.0989812     
2.4600000     1.1181057     -0.0069319    0.3079173     0.0982430     
2.4700000     1.1180372     -0.0068293    0.3056365     0.0975102     
2.4800000     1.1179697     -0.0067282    0.3033726     0.0967830     
2.4900000     1.1179032     -0.0066287    0.3011256     0.0960613     
2.5000000     1.1178377     -0.0065306    0.2988952     0.0953449     
2.5100000     1.1177732     -0.0064339    0.2966814     0.0946339     
2.5200000     1.1177096     -0.0063387    0.2944841     0.0939283     
2.5300000     1.1176470     -0.0062449    0.2923030     0.0932279     
2.5400000     1.1175853     -0.0061525    0.2901382     0.0925328     
2.5500000     1.1175245     -0.0060615    0.2879894     0.0918429     
2.5600000     1.1174646     -0.0059718    0.2858565     0.0911581     
2.5700000     1.1174056     -0.0058835    0.2837395     0.0904785     
2.5800000     1.1173475     -0.0057964    0.2816382     0.0898040     
2.5900000     1.1172902     -0.0057107    0.2795525     0.0891345     
2.6000000     1.1172338     -0.0056262    0.2774822     0.0884701     
2.6100000     1.1171782     -0.0055430    0.2754273     0.0878106     
2.6200000     1.1171234     -0.0054610    0.2733877     0.0871561     
2.6300000     1.1170695     -0.0053802    0.2713632     0.0865065     
2.6400000     1.1170163     -0.0053006    0.2693537     0.0858617     
2.6500000     1.1169639     -0.0052222    0.2673591     0.0852218     
2.6600000     1.1169123     -0.0051449    0.2653793     0.0845866     
2.6700000     1.1168615     -0.0050688    0.2634142     0.0839563     
2.6800000     1.1168114     -0.0049939    0.2614637     0.0833306     
2.6900000     1.1167621     -0.0049200    0.2595276     0.0827096     
2.7000000     1.1167135     -0.0048472    0.2576059     0.0820933     
2.7100000     1.1166656     -0.0047755    0.2556984     0.0814816     
2.7200000     1.1166184     -0.0047049    0.2538051     0.0808744     
2.7300000     1.1165719     -0.0046353    0.2519258     0.0802718     
2.7400000     1.1165262     -0.0045668    0.2500605     0.0796737     
2.7500000     1.1164810     -0.0044992    0.2482090     0.0790801     
2.7600000     1.1164366     -0.0044327    0.2463712     0.0784910     
2.7700000     1.1163928     -0.0043672    0.2445470     0.0779062     
2.7800000     1.1163497     -0.0043026    0.2427364     0.0773258     
2.7900000     1.1163072     -0.0042389    0.2409392     0.0767498     
2.8000000     1.1162653     -0.0041763    0.2391553     0.0761781     
2.8100000     1.1162240     -0.0041145    0.2373846     0.0756106     
2.8200000     1.1161834     -0.0040537    0.2356270     0.0750474     
2.8300000     1.1161434     -0.0039937    0.2338825     0.0744884     
2.8400000     1.1161039     -0.0039347    0.2321509     0.0739336     
2.8500000     1.1160650     -0.0038765    0.2304322     0.0733829     
2.8600000     1.1160268     -0.0038192    0.2287261     0.0728364     
2.8700000     1.1159890     -0.0037627    0.2270327     0.0722939     
2.8800000     1.1159519     -0.0037071    0.2253519     0.0717555     
2.8900000     1.1159152     -0.0036523    0.2236835     0.0712211     
2.9000000     1.1158792     -0.0035983    0.2220275     0.0706908     
2.9100000     1.1158436     -0.0035451    0.2203838     0.0701643     
2.9200000     1.1158086     -0.0034926    0.2187522     0.0696419     
2.9300000     1.1157741     -0.0034410    0.2171327     0.0691233     
2.9400000     1.1157401     -0.0033901    0.2155252     0.0686086     
2.9500000     1.1157067     -0.0033400    0.2139297     0.0680977     
2.9600000     1.1156737     -0.0032906    0.2123459     0.0675907     
2.9700000     1.1156412     -0.0032420    0.2107739     0.0670874     
2.9800000     1.1156092     -0.0031941    0.2092135     0.0665880     
2.9900000     1.1155776     -0.0031468    0.2076647     0.0660922     
3.0000000     1.1155465     -0.0031003    0.2061274     0.0656002     
3.0100000     1.1155159     -0.0030545    0.2046014     0.0651118     
3.0200000     1.1154858     -0.0030093    0.2030867     0.0646271     
3.0300000     1.1154560     -0.0029648    0.2015833     0.0641460     
3.0400000     1.1154268     -0.0029210    0.2000910     0.0636685     
3.0500000     1.1153979     -0.0028778    0.1986098     0.0631945     
3.0600000     1.1153695     -0.0028353    0.1971395     0.0627241     
3.0700000     1.1153415     -0.0027934    0.1956801     0.0622572     
3.0800000     1.1153139     -0.0027521    0.1942315     0.0617938     
3.0900000     1.1152867     -0.0027114    0.1927937     0.0613339     
3.1000000     1.1152600     -0.0026713    0.1913665     0.0608774     
3.1100000     1.1152336     -0.0026319    0.1899498     0.0604243     
3.1200000     1.1152076     -0.0025930    0.1885437     0.0599746     
3.1300000     1.1151820     -0.0025546    0.1871480     0.0595282     
3.1400000     1.1151568     -0.0025169    0.1857626     0.0590852     
3.1500000     1.1151319     -0.0024797    0.1843874     0.0586455     
3.1600000     1.1151075     -0.0024430    0.1830225     0.0582091     
3.1700000     1.1150833     -0.0024069    0.1816676     0.0577759     
3.1800000     1.1150596     -0.0023713    0.1803228     0.0573460     
3.1900000     1.1150362     -0.0023363    0.1789880     0.0569193     
3.2000000     1.1150131     -0.0023018    0.1776630     0.0564957     
3.2100000     1.1149904     -0.0022677    0.1763478     0.0560753     
3.2200000     1.1149680     -0.0022342    0.1750424     0.0556581     
3.2300000     1.1149459     -0.0022012    0.1737467     0.0552440     
3.2400000     1.1149242     -0.0021687    0.1724605     0.0548329     
3.2500000     1.1149028     -0.0021366    0.1711838     0.0544250     
3.2600000     1.1148817     -0.0021050    0.1699166     0.0540200     
3.2700000     1.1148609     -0.0020739    0.1686588     0.0536181     
3.2800000     1.1148404     -0.0020433    0.1674103     0.0532192     
3.2900000     1.1148203     -0.0020131    0.1661711     0.0528233     
3.3000000     1.1148004     -0.0019833    0.1649410     0.0524303     
3.3100000     1.1147808     -0.0019540    0.1637200     0.0520403     
3.3200000     1.1147615     -0.0019252    0.1625081     0.0516532     
3.3300000     1.1147425     -0.0018967    0.1613051     0.0512689     
3.3400000     1.1147238     -0.0018687    0.1601111     0.0508876     
3.3500000     1.1147054     -0.0018411    0.1589258     0.0505090     
3.3600000     1.1146872     -0.0018139    0.1577494     0.0501333     
3.3700000     1.1146693     -0.0017871    0.1565816     0.0497604     
3.3800000     1.1146517     -0.0017606    0.1554225     0.0493903     
3.3900000     1.1146343     -0.0017346    0.1542720     0.0490229     
3.4000000     1.1146172     -0.0017090    0.1531300     0.0486583     
3.4100000     1.1146003     -0.0016837    0.1519965     0.0482964     
3.4200000     1.1145837     -0.0016589    0.1508713     0.0479372     
3.4300000     1.1145673     -0.0016343    0.1497545     0.0475807     
3.4400000     1.1145512     -0.0016102    0.1486459     0.0472268     
3.4500000     1.1145353     -0.0015864    0.1475456     0.0468756     
3.4600000     1.1145197     -0.0015630    0.1464534     0.0465270     
3.4700000     1.1145042     -0.0015399    0.1453692     0.0461810     
3.4800000     1.1144890     -0.0015171    0.1442931     0.0458375     
3.4900000     1.1144741     -0.0014947    0.1432250     0.0454967     
3.5000000     1.1144593     -0.0014726    0.1421648     0.0451583     
3.5100000     1.1144448     -0.0014509    0.1411124     0.0448225     
3.5200000     1.1144305     -0.0014294    0.1400678     0.0444892     
3.5300000     1.1144164     -0.0014083    0.1390309     0.0441584     
3.5400000     1.1144025     -0.0013875    0.1380017     0.0438301     
3.5500000     1.1143888     -0.0013670    0.1369802     0.0435042     
3.5600000     1.1143753     -0.0013468    0.1359662     0.0431807     
3.5700000     1.1143620     -0.0013269    0.1349596     0.0428596     
3.5800000     1.1143489     -0.0013073    0.1339606     0.0425410     
3.5900000     1.1143360     -0.0012880    0.1329689     0.0422247     
3.6000000     1.1143233     -0.0012689    0.1319846     0.0419107     
3.6100000     1.1143108     -0.0012502    0.1310076     0.0415991     
3.6200000     1.1142985     -0.0012317    0.1300378     0.0412899     
3.6300000     1.1142863     -0.0012135    0.1290751     0.0409829     
3.6400000     1.1142744     -0.0011956    0.1281196     0.0406782     
3.6500000     1.1142626     -0.0011779    0.1271712     0.0403758     
3.6600000     1.1142509     -0.0011605    0.1262298     0.0400756     
3.6700000     1.1142395     -0.0011434    0.1252953     0.0397777     
3.6800000     1.1142282     -0.0011265    0.1243678     0.0394820     
3.6900000     1.1142171     -0.0011098    0.1234471     0.0391885     
3.7000000     1.1142062     -0.0010934    0.1225333     0.0388972     
3.7100000     1.1141954     -0.0010773    0.1216262     0.0386081     
3.7200000     1.1141848     -0.0010614    0.1207258     0.0383211     
3.7300000     1.1141743     -0.0010457    0.1198321     0.0380362     
3.7400000     1.1141640     -0.0010302    0.1189450     0.0377535     
3.7500000     1.1141538     -0.0010150    0.1180644     0.0374729     
3.7600000     1.1141438     -0.0010000    0.1171904     0.0371943     
3.7700000     1.1141340     -0.0009853    0.1163229     0.0369179     
3.7800000     1.1141242     -0.0009707    0.1154617     0.0366435     
3.7900000     1.1141147     -0.0009564    0.1146070     0.0363711     
3.8000000     1.1141052     -0.0009422    0.1137585     0.0361008     
3.8100000     1.1140959     -0.0009283    0.1129164     0.0358325     
3.8200000     1.1140868     -0.0009146    0.1120805     0.0355662     
3.8300000     1.1140778     -0.0009011    0.1112507     0.0353018     
3.8400000     1.1140689     -0.0008878    0.1104271     0.0350395     
3.8500000     1.1140601     -0.0008747    0.1096096     0.0347791     
3.8600000     1.1140515     -0.0008617    0.1087982     0.0345206     
3.8700000     1.1140430     -0.0008490    0.1079927     0.0342641     
3.8800000     1.1140347     -0.0008365    0.1071932     0.0340094     
3.8900000     1.1140264     -0.0008241    0.1063997     0.0337567     
3.9000000     1.1140183     -0.0008119    0.1056120     0.0335058     
3.9100000     1.1140103     -0.0007999    0.1048301     0.0332568     
3.9200000     1.1140024     -0.0007881    0.1040540     0.0330097     
3.9300000     1.1139946     -0.0007765    0.1032837     0.0327644     
3.9400000     1.1139870     -0.0007650    0.1025190     0.0325209     
3.9500000     1.1139794     -0.0007537    0.1017601     0.0322793     
3.9600000     1.1139720     -0.0007426    0.1010067     0.0320394     
3.9700000     1.1139647     -0.0007316    0.1002589     0.0318014     
3.9800000     1.1139575     -0.0007208    0.0995167     0.0315651     
3.9900000     1.1139504     -0.0007101    0.0987799     0.0313305     
4.0000000     1.1139434     -0.0006997    0.0980486     0.0310977     
4.0100000     1.1139365     -0.0006893    0.0973227     0.0308667     
4.0200000     1.1139297     -0.0006791    0.0966022     0.0306373     
4.0300000     1.1139230     -0.0006691    0.0958870     0.0304097     
4.0400000     1.1139164     -0.0006592    0.0951771     0.0301838     
4.0500000     1.1139099     -0.0006495    0.0944724     0.0299595     
4.0600000     1.1139035     -0.0006399    0.0937730     0.0297369     
4.0700000     1.1138972     -0.0006304    0.0930788     0.0295160     
4.0800000     1.1138910     -0.0006211    0.0923896     0.0292967     
4.0900000     1.1138849     -0.0006120    0.0917056     0.0290790     
4.1000000     1.1138789     -0.0006029    0.0910267     0.0288630     
4.1100000     1.1138729     -0.0005940    0.0903527     0.0286486     
4.1200000     1.1138671     -0.0005852    0.0896838     0.0284357     
4.1300000     1.1138613     -0.0005766    0.0890198     0.0282245     
4.1400000     1.1138556     -0.0005681    0.0883607     0.0280148     
4.1500000     1.1138500     -0.0005597    0.0877065     0.0278067     
4.1600000     1.1138445     -0.0005514    0.0870572     0.0276001     
4.1700000     1.1138391     -0.0005433    0.0864126     0.0273951     
4.1800000     1.1138337     -0.0005352    0.0857728     0.0271916     
4.1900000     1.1138285     -0.0005273    0.0851378     0.0269896     
4.2000000     1.1138233     -0.0005195    0.0845074     0.0267891     
4.2100000     1.1138182     -0.0005119    0.0838817     0.0265901     
4.2200000     1.1138131     -0.0005043    0.0832607     0.0263926     
4.2300000     1.1138082     -0.0004969    0.0826442     0.0261966     
4.2400000     1.1138033     -0.0004895    0.0820323     0.0260020     
4.2500000     1.1137985     -0.0004823    0.0814250     0.0258088     
4.2600000     1.1137937     -0.0004752    0.0808221     0.0256171     
4.2700000     1.1137890     -0.0004681    0.0802237     0.0254269     
4.2800000     1.1137844     -0.0004612    0.0796297     0.0252380     
4.2900000     1.1137799     -0.0004544    0.0790401     0.0250505     
4.3000000     1.1137754     -0.0004477    0.0784549     0.0248645     
4.3100000     1.1137710     -0.0004411    0.0778740     0.0246798     
4.3200000     1.1137667     -0.0004346    0.0772974     0.0244965     
4.3300000     1.1137624     -0.0004282    0.0767251     0.0243146     
4.3400000     1.1137582     -0.0004218    0.0761570     0.0241340     
4.3500000     1.1137540     -0.0004156    0.0755931     0.0239547     
4.3600000     1.1137499     -0.0004095    0.0750334     0.0237768     
4.3700000     1.1137459     -0.0004034    0.0744778     0.0236002     
4.3800000     1.1137419     -0.0003975    0.0739263     0.0234250     
4.3900000     1.1137380     -0.0003916    0.0733790     0.0232510     
4.4000000     1.1137342     -0.0003858    0.0728356     0.0230783     
4.4100000     1.1137304     -0.0003801    0.0722963     0.0229069     
4.4200000     1.1137266     -0.0003745    0.0717610     0.0227368     
4.4300000     1.1137229     -0.0003690    0.0712297     0.0225679     
4.4400000     1.1137193     -0.0003635    0.0707022     0.0224004     
4.4500000     1.1137157     -0.0003581    0.0701787     0.0222340     
4.4600000     1.1137122     -0.0003528    0.0696591     0.0220689     
4.4700000     1.1137087     -0.0003476    0.0691433     0.0219050     
4.4800000     1.1137053     -0.0003425    0.0686313     0.0217423     
4.4900000     1.1137020     -0.0003374    0.0681231     0.0215809     
4.5000000     1.1136986     -0.0003325    0.0676187     0.0214206     
4.5100000     1.1136954     -0.0003275    0.0671180     0.0212616     
4.5200000     1.1136921     -0.0003227    0.0666210     0.0211037     
4.5300000     1.1136890     -0.0003179    0.0661277     0.0209470     
4.5400000     1.1136858     -0.0003132    0.0656380     0.0207914     
4.5500000     1.1136828     -0.0003086    0.0651520     0.0206370     
4.5600000     1.1136797     -0.0003041    0.0646696     0.0204838     
4.5700000     1.1136767     -0.0002996    0.0641907     0.0203317     
4.5800000     1.1136738     -0.0002951    0.0637154     0.0201807     
4.5900000     1.1136709     -0.0002908    0.0632436     0.0200309     
4.6000000     1.1136680     -0.0002865    0.0627753     0.0198822     
4.6100000     1.1136652     -0.0002823    0.0623104     0.0197345     
4.6200000     1.1136625     -0.0002781    0.0618490     0.0195880     
4.6300000     1.1136597     -0.0002740    0.0613910     0.0194426     
4.6400000     1.1136570     -0.0002699    0.0609364     0.0192982     
4.6500000     1.1136544     -0.0002660    0.0604852     0.0191549     
4.6600000     1.1136518     -0.0002620    0.0600373     0.0190127     
4.6700000     1.1136492     -0.0002582    0.0595927     0.0188715     
4.6800000     1.1136466     -0.0002543    0.0591514     0.0187314     
4.6900000     1.1136442     -0.0002506    0.0587134     0.0185924     
4.7000000     1.1136417     -0.0002469    0.0582786     0.0184543     
4.7100000     1.1136393     -0.0002432    0.0578470     0.0183173     
4.7200000     1.1136369     -0.0002396    0.0574187     0.0181813     
4.7300000     1.1136345     -0.0002361    0.0569935     0.0180463     
4.7400000     1.1136322     -0.0002326    0.0565714     0.0179123     
4.7500000     1.1136299     -0.0002292    0.0561525     0.0177794     
4.7600000     1.1136277     -0.0002258    0.0557367     0.0176474     
4.7700000     1.1136254     -0.0002225    0.0553239     0.0175164     
4.7800000     1.1136233     -0.0002192    0.0549142     0.0173863     
4.7900000     1.1136211     -0.0002159    0.0545076     0.0172572     
4.8000000     1.1136190     -0.0002127    0.0541039     0.0171291     
4.8100000     1.1136169     -0.0002096    0.0537033     0.0170020     
4.8200000     1.1136148     -0.0002065    0.0533056     0.0168757     
4.8300000     1.1136128     -0.0002035    0.0529108     0.0167505     
4.8400000     1.1136108     -0.0002005    0.0525190     0.0166261     
4.8500000     1.1136089     -0.0001975    0.0521300     0.0165027     
4.8600000     1.1136069     -0.0001946    0.0517440     0.0163802     
4.8700000     1.1136050     -0.0001917    0.0513608     0.0162586     
4.8800000     1.1136031     -0.0001889    0.0509804     0.0161379     
4.8900000     1.1136013     -0.0001861    0.0506029     0.0160181     
4.9000000     1.1135994     -0.0001833    0.0502281     0.0158992     
4.9100000     1.1135976     -0.0001806    0.0498562     0.0157812     
4.9200000     1.1135959     -0.0001780    0.0494869     0.0156640     
4.9300000     1.1135941     -0.0001753    0.0491205     0.0155478     
4.9400000     1.1135924     -0.0001727    0.0487567     0.0154323     
4.9500000     1.1135907     -0.0001702    0.0483956     0.0153178     
4.9600000     1.1135890     -0.0001677    0.0480372     0.0152041     
4.9700000     1.1135874     -0.0001652    0.0476814     0.0150912     
4.9800000     1.1135858     -0.0001628    0.0473283     0.0149792     
4.9900000     1.1135842     -0.0001604    0.0469778     0.0148680     
5.0000000     1.1135826     -0.0001580    0.0466299     0.0147577     
5.0100000     1.1135811     -0.0001557    0.0462846     0.0146481     
5.0200000     1.1135795     -0.0001534    0.0459418     0.0145394     
5.0300000     1.1135780     -0.0001511    0.0456015     0.0144315     
5.0400000     1.1135766     -0.0001489    0.0452638     0.0143244     
5.0500000     1.1135751     -0.0001467    0.0449286     0.0142181     
5.0600000     1.1135737     -0.0001445    0.0445958     0.0141125     
5.0700000     1.1135722     -0.0001424    0.0442656     0.0140078     
5.0800000     1.1135708     -0.0001403    0.0439377     0.0139038     
5.0900000     1.1135695     -0.0001382    0.0436123     0.0138006     
5.1000000     1.1135681     -0.0001361    0.0432893     0.0136982     
5.1100000     1.1135668     -0.0001341    0.0429687     0.0135965     
5.1200000     1.1135655     -0.0001322    0.0426505     0.0134956     
5.1300000     1.1135642     -0.0001302    0.0423346     0.0133954     
5.1400000     1.1135629     -0.0001283    0.0420211     0.0132960     
5.1500000     1.1135616     -0.0001264    0.0417098     0.0131973     
5.1600000     1.1135604     -0.0001245    0.0414009     0.0130994     
5.1700000     1.1135592     -0.0001227    0.0410943     0.0130022     
5.1800000     1.1135580     -0.0001209    0.0407899     0.0129057     
5.1900000     1.1135568     -0.0001191    0.0404878     0.0128099     
5.2000000     1.1135556     -0.0001173    0.0401880     0.0127148     
5.2100000     1.1135545     -0.0001156    0.0398903     0.0126205     
5.2200000     1.1135534     -0.0001139    0.0395949     0.0125268     
5.2300000     1.1135522     -0.0001122    0.0393016     0.0124338     
5.2400000     1.1135511     -0.0001105    0.0390105     0.0123416     
5.2500000     1.1135501     -0.0001089    0.0387216     0.0122500     
5.2600000     1.1135490     -0.0001073    0.0384348     0.0121591     
5.2700000     1.1135479     -0.0001057    0.0381501     0.0120688     
5.2800000     1.1135469     -0.0001042    0.0378676     0.0119793     
5.2900000     1.1135459     -0.0001026    0.0375871     0.0118904     
5.3000000     1.1135449     -0.0001011    0.0373087     0.0118021     
5.3100000     1.1135439     -0.0000996    0.0370324     0.0117145     
5.3200000     1.1135429     -0.0000981    0.0367581     0.0116276     
5.3300000     1.1135420     -0.0000967    0.0364858     0.0115413     
5.3400000     1.1135410     -0.0000953    0.0362156     0.0114557     
5.3500000     1.1135401     -0.0000939    0.0359474     0.0113707     
5.3600000     1.1135392     -0.0000925    0.0356811     0.0112863     
5.3700000     1.1135383     -0.0000911    0.0354168     0.0112025     
5.3800000     1.1135374     -0.0000898    0.0351545     0.0111194     
5.3900000     1.1135365     -0.0000884    0.0348941     0.0110369     
5.4000000     1.1135356     -0.0000871    0.0346357     0.0109550     
5.4100000     1.1135348     -0.0000858    0.0343791     0.0108737     
5.4200000     1.1135339     -0.0000846    0.0341245     0.0107930     
5.4300000     1.1135331     -0.0000833    0.0338717     0.0107129     
5.4400000     1.1135323     -0.0000821    0.0336208     0.0106334     
5.4500000     1.1135315     -0.0000809    0.0333718     0.0105545     
5.4600000     1.1135307     -0.0000797    0.0331246     0.0104762     
5.4700000     1.1135299     -0.0000785    0.0328793     0.0103985     
5.4800000     1.1135292     -0.0000773    0.0326357     0.0103213     
5.4900000     1.1135284     -0.0000762    0.0323940     0.0102447     
5.5000000     1.1135277     -0.0000751    0.0321541     0.0101687     
5.5100000     1.1135269     -0.0000740    0.0319159     0.0100932     
5.5200000     1.1135262     -0.0000729    0.0316795     0.0100183     
5.5300000     1.1135255     -0.0000718    0.0314448     0.0099440     
5.5400000     1.1135248     -0.0000707    0.0312119     0.0098702     
5.5500000     1.1135241     -0.0000697    0.0309807     0.0097970     
5.5600000     1.1135234     -0.0000687    0.0307513     0.0097243     
5.5700000     1.1135228     -0.0000677    0.0305235     0.0096521     
5.5800000     1.1135221     -0.0000667    0.0302974     0.0095805     
5.5900000     1.1135215     -0.0000657    0.0300730     0.0095094     
5.6000000     1.1135208     -0.0000647    0.0298502     0.0094389     
5.6100000     1.1135202     -0.0000637    0.0296291     0.0093688     
5.6200000     1.1135196     -0.0000628    0.0294096     0.0092993     
5.6300000     1.1135189     -0.0000619    0.0291918     0.0092303     
5.6400000     1.1135183     -0.0000610    0.0289756     0.0091618     
5.6500000     1.1135177     -0.0000601    0.0287609     0.0090939     
5.6600000     1.1135172     -0.0000592    0.0285479     0.0090264     
5.6700000     1.1135166     -0.0000583    0.0283364     0.0089594     
5.6800000     1.1135160     -0.0000574    0.0281265     0.0088930     
5.6900000     1.1135155     -0.0000566    0.0279182     0.0088270     
5.7000000     1.1135149     -0.0000558    0.0277114     0.0087615     
5.7100000     1.1135144     -0.0000549    0.0275061     0.0086965     
5.7200000     1.1135138     -0.0000541    0.0273023     0.0086320     
5.7300000     1.1135133     -0.0000533    0.0271001     0.0085679     
5.7400000     1.1135128     -0.0000525    0.0268994     0.0085043     
5.7500000     1.1135123     -0.0000518    0.0267001     0.0084412     
5.7600000     1.1135118     -0.0000510    0.0265023     0.0083786     
5.7700000     1.1135113     -0.0000502    0.0263060     0.0083165     
5.7800000     1.1135108     -0.0000495    0.0261111     0.0082548     
5.7900000     1.1135103     -0.0000488    0.0259177     0.0081935     
5.8000000     1.1135098     -0.0000480    0.0257257     0.0081327     
5.8100000     1.1135094     -0.0000473    0.0255352     0.0080724     
5.8200000     1.1135089     -0.0000466    0.0253460     0.0080125     
5.8300000     1.1135084     -0.0000459    0.0251583     0.0079531     
5.8400000     1.1135080     -0.0000453    0.0249719     0.0078941     
5.8500000     1.1135076     -0.0000446    0.0247869     0.0078355     
5.8600000     1.1135071     -0.0000439    0.0246033     0.0077774     
5.8700000     1.1135067     -0.0000433    0.0244210     0.0077197     
5.8800000     1.1135063     -0.0000427    0.0242401     0.0076624     
5.8900000     1.1135059     -0.0000420    0.0240606     0.0076055     
5.9000000     1.1135055     -0.0000414    0.0238823     0.0075491     
5.9100000     1.1135051     -0.0000408    0.0237054     0.0074931     
5.9200000     1.1135047     -0.0000402    0.0235298     0.0074375     
5.9300000     1.1135043     -0.0000396    0.0233555     0.0073824     
5.9400000     1.1135039     -0.0000390    0.0231825     0.0073276     
5.9500000     1.1135035     -0.0000384    0.0230108     0.0072732     
5.9600000     1.1135031     -0.0000379    0.0228403     0.0072193     
5.9700000     1.1135028     -0.0000373    0.0226711     0.0071657     
5.9800000     1.1135024     -0.0000368    0.0225031     0.0071126     
5.9900000     1.1135020     -0.0000362    0.0223364     0.0070598     
6.0000000     1.1135017     -0.0000357    0.0221710     0.0070074     
6.0100000     1.1135013     -0.0000352    0.0220067     0.0069554     
6.0200000     1.1135010     -0.0000346    0.0218437     0.0069038     
6.0300000     1.1135007     -0.0000341    0.0216819     0.0068526     
6.0400000     1.1135003     -0.0000336    0.0215213     0.0068018     
6.0500000     1.1135000     -0.0000331    0.0213618     0.0067513     
6.0600000     1.1134997     -0.0000326    0.0212036     0.0067013     
6.0700000     1.1134994     -0.0000322    0.0210465     0.0066515     
6.0800000     1.1134991     -0.0000317    0.0208906     0.0066022     
6.0900000     1.1134988     -0.0000312    0.0207358     0.0065532     
6.1000000     1.1134985     -0.0000307    0.0205822     0.0065046     
6.1100000     1.1134982     -0.0000303    0.0204297     0.0064564     
6.1200000     1.1134979     -0.0000298    0.0202784     0.0064085     
6.1300000     1.1134976     -0.0000294    0.0201282     0.0063609     
6.1400000     1.1134973     -0.0000290    0.0199791     0.0063137     
6.1500000     1.1134970     -0.0000285    0.0198310     0.0062669     
6.1600000     1.1134967     -0.0000281    0.0196841     0.0062204     
6.1700000     1.1134965     -0.0000277    0.0195383     0.0061743     
6.1800000     1.1134962     -0.0000273    0.0193936     0.0061285     
6.1900000     1.1134959     -0.0000269    0.0192499     0.0060830     
6.2000000     1.1134957     -0.0000265    0.0191073     0.0060379     
6.2100000     1.1134954     -0.0000261    0.0189657     0.0059931     
6.2200000     1.1134952     -0.0000257    0.0188252     0.0059487     
6.2300000     1.1134949     -0.0000253    0.0186858     0.0059045     
6.2400000     1.1134947     -0.0000250    0.0185473     0.0058607     
6.2500000     1.1134944     -0.0000246    0.0184099     0.0058173     
6.2600000     1.1134942     -0.0000242    0.0182735     0.0057741     
6.2700000     1.1134940     -0.0000239    0.0181382     0.0057313     
6.2800000     1.1134937     -0.0000235    0.0180038     0.0056888     
6.2900000     1.1134935     -0.0000232    0.0178704     0.0056466     
6.3000000     1.1134933     -0.0000228    0.0177380     0.0056047     
6.3100000     1.1134931     -0.0000225    0.0176066     0.0055631     
6.3200000     1.1134928     -0.0000222    0.0174762     0.0055219     
6.3300000     1.1134926     -0.0000218    0.0173467     0.0054809     
6.3400000     1.1134924     -0.0000215    0.0172182     0.0054402     
6.3500000     1.1134922     -0.0000212    0.0170906     0.0053999     
6.3600000     1.1134920     -0.0000209    0.0169640     0.0053598     
6.3700000     1.1134918     -0.0000206    0.0168383     0.0053201     
6.3800000     1.1134916     -0.0000203    0.0167136     0.0052806     
6.3900000     1.1134914     -0.0000200    0.0165897     0.0052415     
6.4000000     1.1134912     -0.0000197    0.0164668     0.0052026     
6.4100000     1.1134910     -0.0000194    0.0163448     0.0051640     
6.4200000     1.1134908     -0.0000191    0.0162237     0.0051257     
6.4300000     1.1134907     -0.0000188    0.0161035     0.0050877     
6.4400000     1.1134905     -0.0000185    0.0159842     0.0050499     
6.4500000     1.1134903     -0.0000183    0.0158658     0.0050125     
6.4600000     1.1134901     -0.0000180    0.0157483     0.0049753     
6.4700000     1.1134899     -0.0000177    0.0156316     0.0049384     
6.4800000     1.1134898     -0.0000175    0.0155158     0.0049018     
6.4900000     1.1134896     -0.0000172    0.0154008     0.0048654     
6.5000000     1.1134894     -0.0000170    0.0152867     0.0048293     
6.5100000     1.1134893     -0.0000167    0.0151735     0.0047935     
6.5200000     1.1134891     -0.0000165    0.0150611     0.0047580     
6.5300000     1.1134890     -0.0000162    0.0149495     0.0047227     
6.5400000     1.1134888     -0.0000160    0.0148387     0.0046876     
6.5500000     1.1134887     -0.0000157    0.0147288     0.0046529     
6.5600000     1.1134885     -0.0000155    0.0146197     0.0046184     
6.5700000     1.1134884     -0.0000153    0.0145113     0.0045841     
6.5800000     1.1134882     -0.0000151    0.0144038     0.0045501     
6.5900000     1.1134881     -0.0000148    0.0142971     0.0045164     
6.6000000     1.1134879     -0.0000146    0.0141912     0.0044829     
6.6100000     1.1134878     -0.0000144    0.0140860     0.0044496     
6.6200000     1.1134876     -0.0000142    0.0139817     0.0044166     
6.6300000     1.1134875     -0.0000140    0.0138781     0.0043839     
6.6400000     1.1134874     -0.0000138    0.0137753     0.0043513     
6.6500000     1.1134872     -0.0000136    0.0136732     0.0043191     
6.6600000     1.1134871     -0.0000134    0.0135719     0.0042870     
6.6700000     1.1134870     -0.0000132    0.0134714     0.0042552     
6.6800000     1.1134869     -0.0000130    0.0133715     0.0042237     
6.6900000     1.1134867     -0.0000128    0.0132725     0.0041924     
6.7000000     1.1134866     -0.0000126    0.0131741     0.0041613     
6.7100000     1.1134865     -0.0000124    0.0130765     0.0041304     
6.7200000     1.1134864     -0.0000122    0.0129796     0.0040998     
6.7300000     1.1134863     -0.0000120    0.0128835     0.0040694     
6.7400000     1.1134861     -0.0000119    0.0127880     0.0040392     
6.7500000     1.1134860     -0.0000117    0.0126933     0.0040092     
6.7600000     1.1134859     -0.0000115    0.0125992     0.0039795     
6.7700000     1.1134858     -0.0000113    0.0125059     0.0039500     
6.7800000     1.1134857     -0.0000112    0.0124132     0.0039207     
6.7900000     1.1134856     -0.0000110    0.0123212     0.0038916     
6.8000000     1.1134855     -0.0000109    0.0122300     0.0038628     
6.8100000     1.1134854     -0.0000107    0.0121393     0.0038341     
6.8200000     1.1134853     -0.0000105    0.0120494     0.0038057     
6.8300000     1.1134852     -0.0000104    0.0119601     0.0037774     
6.8400000     1.1134851     -0.0000102    0.0118715     0.0037494     
6.8500000     1.1134850     -0.0000101    0.0117836     0.0037216     
6.8600000     1.1134849     -0.0000099    0.0116962     0.0036940     
6.8700000     1.1134848     -0.0000098    0.0116096     0.0036666     
6.8800000     1.1134847     -0.0000096    0.0115236     0.0036394     
6.8900000     1.1134846     -0.0000095    0.0114382     0.0036124     
6.9000000     1.1134845     -0.0000094    0.0113534     0.0035857     
6.9100000     1.1134844     -0.0000092    0.0112693     0.0035591     
6.9200000     1.1134843     -0.0000091    0.0111858     0.0035327     
6.9300000     1.1134843     -0.0000089    0.0111029     0.0035065     
6.9400000     1.1134842     -0.0000088    0.0110207     0.0034805     
6.9500000     1.1134841     -0.0000087    0.0109390     0.0034547     
6.9600000     1.1134840     -0.0000086    0.0108580     0.0034290     
6.9700000     1.1134839     -0.0000084    0.0107775     0.0034036     
6.9800000     1.1134838     -0.0000083    0.0106977     0.0033784     
6.9900000     1.1134838     -0.0000082    0.0106184     0.0033533     
7.0000000     1.1134837     -0.0000081    0.0105397     0.0033284     
7.0100000     1.1134836     -0.0000079    0.0104616     0.0033038     
7.0200000     1.1134835     -0.0000078    0.0103841     0.0032793     
7.0300000     1.1134835     -0.0000077    0.0103072     0.0032549     
7.0400000     1.1134834     -0.0000076    0.0102308     0.0032308     
7.0500000     1.1134833     -0.0000075    0.0101550     0.0032069     
7.0600000     1.1134832     -0.0000074    0.0100798     0.0031831     
7.0700000     1.1134832     -0.0000073    0.0100051     0.0031595     
7.0800000     1.1134831     -0.0000072    0.0099309     0.0031360     
7.0900000     1.1134830     -0.0000070    0.0098574     0.0031128     
7.1000000     1.1134830     -0.0000069    0.0097843     0.0030897     
7.1100000     1.1134829     -0.0000068    0.0097118     0.0030668     
7.1200000     1.1134828     -0.0000067    0.0096399     0.0030440     
7.1300000     1.1134828     -0.0000066    0.0095684     0.0030215     
7.1400000     1.1134827     -0.0000065    0.0094975     0.0029991     
7.1500000     1.1134827     -0.0000064    0.0094272     0.0029768     
7.1600000     1.1134826     -0.0000064    0.0093573     0.0029547     
7.1700000     1.1134825     -0.0000063    0.0092880     0.0029328     
7.1800000     1.1134825     -0.0000062    0.0092192     0.0029111     
7.1900000     1.1134824     -0.0000061    0.0091508     0.0028895     
7.2000000     1.1134824     -0.0000060    0.0090830     0.0028681     
7.2100000     1.1134823     -0.0000059    0.0090157     0.0028468     
7.2200000     1.1134822     -0.0000058    0.0089489     0.0028257     
7.2300000     1.1134822     -0.0000057    0.0088826     0.0028047     
7.2400000     1.1134821     -0.0000056    0.0088168     0.0027839     
7.2500000     1.1134821     -0.0000056    0.0087515     0.0027633     
7.2600000     1.1134820     -0.0000055    0.0086866     0.0027428     
7.2700000     1.1134820     -0.0000054    0.0086223     0.0027225     
7.2800000     1.1134819     -0.0000053    0.0085584     0.0027023     
7.2900000     1.1134819     -0.0000052    0.0084950     0.0026822     
7.3000000     1.1134818     -0.0000052    0.0084320     0.0026624     
7.3100000     1.1134818     -0.0000051    0.0083695     0.0026426     
7.3200000     1.1134817     -0.0000050    0.0083075     0.0026230     
7.3300000     1.1134817     -0.0000049    0.0082460     0.0026036     
7.3400000     1.1134816     -0.0000049    0.0081849     0.0025843     
7.3500000     1.1134816     -0.0000048    0.0081242     0.0025651     
7.3600000     1.1134816     -0.0000047    0.0080640     0.0025461     
7.3700000     1.1134815     -0.0000046    0.0080043     0.0025272     
7.3800000     1.1134815     -0.0000046    0.0079450     0.0025085     
7.3900000     1.1134814     -0.0000045    0.0078861     0.0024899     
7.4000000     1.1134814     -0.0000044    0.0078277     0.0024714     
7.4100000     1.1134813     -0.0000044    0.0077697     0.0024531     
7.4200000     1.1134813     -0.0000043    0.0077121     0.0024349     
7.4300000     1.1134813     -0.0000042    0.0076549     0.0024168     
7.4400000     1.1134812     -0.0000042    0.0075982     0.0023989     
7.4500000     1.1134812     -0.0000041    0.0075419     0.0023811     
7.4600000     1.1134811     -0.0000041    0.0074860     0.0023635     
7.4700000     1.1134811     -0.0000040    0.0074306     0.0023459     
7.4800000     1.1134811     -0.0000039    0.0073755     0.0023285     
7.4900000     1.1134810     -0.0000039    0.0073208     0.0023113     
7.5000000     1.1134810     -0.0000038    0.0072666     0.0022941     
7.5100000     1.1134810     -0.0000038    0.0072128     0.0022771     
7.5200000     1.1134809     -0.0000037    0.0071593     0.0022602     
7.5300000     1.1134809     -0.0000037    0.0071063     0.0022435     
7.5400000     1.1134809     -0.0000036    0.0070536     0.0022268     
7.5500000     1.1134808     -0.0000036    0.0070013     0.0022103     
7.5600000     1.1134808     -0.0000035    0.0069495     0.0021939     
7.5700000     1.1134808     -0.0000035    0.0068980     0.0021777     
7.5800000     1.1134807     -0.0000034    0.0068468     0.0021615     
7.5900000     1.1134807     -0.0000033    0.0067961     0.0021455     
7.6000000     1.1134807     -0.0000033    0.0067458     0.0021296     
7.6100000     1.1134806     -0.0000033    0.0066958     0.0021138     
7.6200000     1.1134806     -0.0000032    0.0066461     0.0020981     
7.6300000     1.1134806     -0.0000032    0.0065969     0.0020826     
7.6400000     1.1134805     -0.0000031    0.0065480     0.0020671     
7.6500000     1.1134805     -0.0000031    0.0064995     0.0020518     
7.6600000     1.1134805     -0.0000030    0.0064513     0.0020366     
7.6700000     1.1134805     -0.0000030    0.0064035     0.0020215     
7.6800000     1.1134804     -0.0000029    0.0063561     0.0020065     
7.6900000     1.1134804     -0.0000029    0.0063090     0.0019916     
7.7000000     1.1134804     -0.0000028    0.0062622     0.0019768     
7.7100000     1.1134804     -0.0000028    0.0062158     0.0019622     
7.7200000     1.1134803     -0.0000028    0.0061698     0.0019476     
7.7300000     1.1134803     -0.0000027    0.0061240     0.0019332     
7.7400000     1.1134803     -0.0000027    0.0060787     0.0019189     
7.7500000     1.1134803     -0.0000026    0.0060336     0.0019046     
7.7600000     1.1134802     -0.0000026    0.0059889     0.0018905     
7.7700000     1.1134802     -0.0000026    0.0059445     0.0018765     
7.7800000     1.1134802     -0.0000025    0.0059005     0.0018626     
7.7900000     1.1134802     -0.0000025    0.0058568     0.0018488     
7.8000000     1.1134801     -0.0000025    0.0058134     0.0018351     
7.8100000     1.1134801     -0.0000024    0.0057703     0.0018215     
7.8200000     1.1134801     -0.0000024    0.0057275     0.0018080     
7.8300000     1.1134801     -0.0000023    0.0056851     0.0017945     
7.8400000     1.1134800     -0.0000023    0.0056430     0.0017812     
7.8500000     1.1134800     -0.0000023    0.0056011     0.0017680     
7.8600000     1.1134800     -0.0000022    0.0055596     0.0017549     
7.8700000     1.1134800     -0.0000022    0.0055184     0.0017419     
7.8800000     1.1134800     -0.0000022    0.0054775     0.0017290     
7.8900000     1.1134799     -0.0000021    0.0054370     0.0017162     
7.9000000     1.1134799     -0.0000021    0.0053967     0.0017035     
7.9100000     1.1134799     -0.0000021    0.0053567     0.0016908     
7.9200000     1.1134799     -0.0000020    0.0053170     0.0016783     
7.9300000     1.1134799     -0.0000020    0.0052776     0.0016658     
7.9400000     1.1134798     -0.0000020    0.0052385     0.0016535     
7.9500000     1.1134798     -0.0000020    0.0051997     0.0016412     
7.9600000     1.1134798     -0.0000019    0.0051611     0.0016291     
7.9700000     1.1134798     -0.0000019    0.0051229     0.0016170     
7.9800000     1.1134798     -0.0000019    0.0050849     0.0016050     
7.9900000     1.1134798     -0.0000018    0.0050472     0.0015931     
8.0000000     1.1134797     -0.0000018    0.0050098     0.0015813     
8.0100000     1.1134797     -0.0000018    0.0049727     0.0015696     
8.0200000     1.1134797     -0.0000018    0.0049359     0.0015579     
8.0300000     1.1134797     -0.0000017    0.0048993     0.0015464     
8.0400000     1.1134797     -0.0000017    0.0048630     0.0015349     
8.0500000     1.1134797     -0.0000017    0.0048269     0.0015235     
8.0600000     1.1134797     -0.0000017    0.0047912     0.0015122     
8.0700000     1.1134796     -0.0000016    0.0047557     0.0015010     
8.0800000     1.1134796     -0.0000016    0.0047204     0.0014899     
8.0900000     1.1134796     -0.0000016    0.0046854     0.0014788     
8.1000000     1.1134796     -0.0000016    0.0046507     0.0014679     
8.1100000     1.1134796     -0.0000015    0.0046163     0.0014570     
8.1200000     1.1134796     -0.0000015    0.0045821     0.0014462     
8.1300000     1.1134796     -0.0000015    0.0045481     0.0014355     
8.1400000     1.1134795     -0.0000015    0.0045144     0.0014248     
8.1500000     1.1134795     -0.0000015    0.0044809     0.0014143     
8.1600000     1.1134795     -0.0000014    0.0044477     0.0014038     
8.1700000     1.1134795     -0.0000014    0.0044148     0.0013934     
8.1800000     1.1134795     -0.0000014    0.0043821     0.0013830     
8.1900000     1.1134795     -0.0000014    0.0043496     0.0013728     
8.2000000     1.1134795     -0.0000014    0.0043174     0.0013626     
8.2100000     1.1134795     -0.0000013    0.0042854     0.0013525     
8.2200000     1.1134794     -0.0000013    0.0042536     0.0013425     
8.2300000     1.1134794     -0.0000013    0.0042221     0.0013325     
8.2400000     1.1134794     -0.0000013    0.0041908     0.0013226     
8.2500000     1.1134794     -0.0000013    0.0041597     0.0013128     
8.2600000     1.1134794     -0.0000012    0.0041289     0.0013031     
8.2700000     1.1134794     -0.0000012    0.0040983     0.0012934     
8.2800000     1.1134794     -0.0000012    0.0040679     0.0012839     
8.2900000     1.1134794     -0.0000012    0.0040378     0.0012743     
8.3000000     1.1134794     -0.0000012    0.0040079     0.0012649     
8.3100000     1.1134793     -0.0000011    0.0039782     0.0012555     
8.3200000     1.1134793     -0.0000011    0.0039487     0.0012462     
8.3300000     1.1134793     -0.0000011    0.0039194     0.0012370     
8.3400000     1.1134793     -0.0000011    0.0038904     0.0012278     
8.3500000     1.1134793     -0.0000011    0.0038616     0.0012187     
8.3600000     1.1134793     -0.0000011    0.0038329     0.0012097     
8.3700000     1.1134793     -0.0000010    0.0038045     0.0012007     
8.3800000     1.1134793     -0.0000010    0.0037763     0.0011918     
8.3900000     1.1134793     -0.0000010    0.0037484     0.0011829     
8.4000000     1.1134793     -0.0000010    0.0037206     0.0011742     
8.4100000     1.1134792     -0.0000010    0.0036930     0.0011655     
8.4200000     1.1134792     -0.0000010    0.0036656     0.0011568     
8.4300000     1.1134792     -0.0000010    0.0036385     0.0011483     
8.4400000     1.1134792     -0.0000009    0.0036115     0.0011397     
8.4500000     1.1134792     -0.0000009    0.0035848     0.0011313     
8.4600000     1.1134792     -0.0000009    0.0035582     0.0011229     
8.4700000     1.1134792     -0.0000009    0.0035318     0.0011146     
8.4800000     1.1134792     -0.0000009    0.0035056     0.0011063     
8.4900000     1.1134792     -0.0000009    0.0034797     0.0010981     
8.5000000     1.1134792     -0.0000009    0.0034539     0.0010900     
8.5100000     1.1134792     -0.0000009    0.0034283     0.0010819     
8.5200000     1.1134792     -0.0000008    0.0034029     0.0010739     
8.5300000     1.1134792     -0.0000008    0.0033777     0.0010659     
8.5400000     1.1134791     -0.0000008    0.0033526     0.0010580     
8.5500000     1.1134791     -0.0000008    0.0033278     0.0010502     
8.5600000     1.1134791     -0.0000008    0.0033031     0.0010424     
8.5700000     1.1134791     -0.0000008    0.0032786     0.0010346     
8.5800000     1.1134791     -0.0000008    0.0032543     0.0010270     
8.5900000     1.1134791     -0.0000008    0.0032302     0.0010194     
8.6000000     1.1134791     -0.0000007    0.0032063     0.0010118     
8.6100000     1.1134791     -0.0000007    0.0031825     0.0010043     
8.6200000     1.1134791     -0.0000007    0.0031589     0.0009969     
8.6300000     1.1134791     -0.0000007    0.0031355     0.0009895     
8.6400000     1.1134791     -0.0000007    0.0031123     0.0009821     
8.6500000     1.1134791     -0.0000007    0.0030892     0.0009749     
8.6600000     1.1134791     -0.0000007    0.0030663     0.0009676     
8.6700000     1.1134791     -0.0000007    0.0030436     0.0009604     
8.6800000     1.1134791     -0.0000007    0.0030211     0.0009533     
8.6900000     1.1134791     -0.0000007    0.0029987     0.0009463     
8.7000000     1.1134790     -0.0000006    0.0029765     0.0009392     
8.7100000     1.1134790     -0.0000006    0.0029544     0.0009323     
8.7200000     1.1134790     -0.0000006    0.0029325     0.0009254     
8.7300000     1.1134790     -0.0000006    0.0029108     0.0009185     
8.7400000     1.1134790     -0.0000006    0.0028892     0.0009117     
8.7500000     1.1134790     -0.0000006    0.0028678     0.0009049     
8.7600000     1.1134790     -0.0000006    0.0028465     0.0008982     
8.7700000     1.1134790     -0.0000006    0.0028254     0.0008916     
8.7800000     1.1134790     -0.0000006    0.0028045     0.0008850     
8.7900000     1.1134790     -0.0000006    0.0027837     0.0008784     
8.8000000     1.1134790     -0.0000006    0.0027631     0.0008719     
8.8100000     1.1134790     -0.0000005    0.0027426     0.0008654     
8.8200000     1.1134790     -0.0000005    0.0027223     0.0008590     
8.8300000     1.1134790     -0.0000005    0.0027021     0.0008526     
8.8400000     1.1134790     -0.0000005    0.0026821     0.0008463     
8.8500000     1.1134790     -0.0000005    0.0026622     0.0008400     
8.8600000     1.1134790     -0.0000005    0.0026425     0.0008338     
8.8700000     1.1134790     -0.0000005    0.0026229     0.0008276     
8.8800000     1.1134790     -0.0000005    0.0026035     0.0008215     
8.8900000     1.1134790     -0.0000005    0.0025842     0.0008154     
8.9000000     1.1134790     -0.0000005    0.0025650     0.0008094     
8.9100000     1.1134790     -0.0000005    0.0025460     0.0008034     
8.9200000     1.1134789     -0.0000005    0.0025271     0.0007974     
8.9300000     1.1134789     -0.0000005    0.0025084     0.0007915     
8.9400000     1.1134789     -0.0000004    0.0024898     0.0007856     
8.9500000     1.1134789     -0.0000004    0.0024714     0.0007798     
8.9600000     1.1134789     -0.0000004    0.0024531     0.0007740     
8.9700000     1.1134789     -0.0000004    0.0024349     0.0007683     
8.9800000     1.1134789     -0.0000004    0.0024168     0.0007626     
8.9900000     1.1134789     -0.0000004    0.0023989     0.0007569     
9.0000000     1.1134789     -0.0000004    0.0023811     0.0007513     
9.0100000     1.1134789     -0.0000004    0.0023635     0.0007458     
9.0200000     1.1134789     -0.0000004    0.0023460     0.0007402     
9.0300000     1.1134789     -0.0000004    0.0023286     0.0007347     
9.0400000     1.1134789     -0.0000004    0.0023113     0.0007293     
9.0500000     1.1134789     -0.0000004    0.0022942     0.0007239     
9.0600000     1.1134789     -0.0000004    0.0022772     0.0007185     
9.0700000     1.1134789     -0.0000004    0.0022603     0.0007132     
9.0800000     1.1134789     -0.0000004    0.0022436     0.0007079     
9.0900000     1.1134789     -0.0000004    0.0022270     0.0007027     
9.1000000     1.1134789     -0.0000004    0.0022104     0.0006974     
9.1100000     1.1134789     -0.0000003    0.0021941     0.0006923     
9.1200000     1.1134789     -0.0000003    0.0021778     0.0006871     
9.1300000     1.1134789     -0.0000003    0.0021617     0.0006821     
9.1400000     1.1134789     -0.0000003    0.0021456     0.0006770     
9.1500000     1.1134789     -0.0000003    0.0021297     0.0006720     
9.1600000     1.1134789     -0.0000003    0.0021140     0.0006670     
9.1700000     1.1134789     -0.0000003    0.0020983     0.0006621     
9.1800000     1.1134789     -0.0000003    0.0020827     0.0006571     
9.1900000     1.1134789     -0.0000003    0.0020673     0.0006523     
9.2000000     1.1134789     -0.0000003    0.0020520     0.0006474     
9.2100000     1.1134789     -0.0000003    0.0020368     0.0006426     
9.2200000     1.1134789     -0.0000003    0.0020217     0.0006379     
9.2300000     1.1134789     -0.0000003    0.0020067     0.0006331     
9.2400000     1.1134789     -0.0000003    0.0019918     0.0006284     
9.2500000     1.1134789     -0.0000003    0.0019771     0.0006238     
9.2600000     1.1134788     -0.0000003    0.0019624     0.0006192     
9.2700000     1.1134788     -0.0000003    0.0019479     0.0006146     
9.2800000     1.1134788     -0.0000003    0.0019334     0.0006100     
9.2900000     1.1134788     -0.0000003    0.0019191     0.0006055     
9.3000000     1.1134788     -0.0000003    0.0019049     0.0006010     
9.3100000     1.1134788     -0.0000003    0.0018908     0.0005966     
9.3200000     1.1134788     -0.0000003    0.0018768     0.0005921     
9.3300000     1.1134788     -0.0000003    0.0018628     0.0005877     
9.3400000     1.1134788     -0.0000002    0.0018490     0.0005834     
9.3500000     1.1134788     -0.0000002    0.0018353     0.0005791     
9.3600000     1.1134788     -0.0000002    0.0018217     0.0005748     
9.3700000     1.1134788     -0.0000002    0.0018082     0.0005705     
9.3800000     1.1134788     -0.0000002    0.0017948     0.0005663     
9.3900000     1.1134788     -0.0000002    0.0017815     0.0005621     
9.4000000     1.1134788     -0.0000002    0.0017683     0.0005579     
9.4100000     1.1134788     -0.0000002    0.0017552     0.0005538     
9.4200000     1.1134788     -0.0000002    0.0017422     0.0005497     
9.4300000     1.1134788     -0.0000002    0.0017293     0.0005456     
9.4400000     1.1134788     -0.0000002    0.0017165     0.0005416     
9.4500000     1.1134788     -0.0000002    0.0017038     0.0005375     
9.4600000     1.1134788     -0.0000002    0.0016911     0.0005336     
9.4700000     1.1134788     -0.0000002    0.0016786     0.0005296     
9.4800000     1.1134788     -0.0000002    0.0016662     0.0005257     
9.4900000     1.1134788     -0.0000002    0.0016538     0.0005218     
9.5000000     1.1134788     -0.0000002    0.0016416     0.0005179     
9.5100000     1.1134788     -0.0000002    0.0016294     0.0005141     
9.5200000     1.1134788     -0.0000002    0.0016173     0.0005103     
9.5300000     1.1134788     -0.0000002    0.0016053     0.0005065     
9.5400000     1.1134788     -0.0000002    0.0015934     0.0005027     
9.5500000     1.1134788     -0.0000002    0.0015816     0.0004990     
9.5600000     1.1134788     -0.0000002    0.0015699     0.0004953     
9.5700000     1.1134788     -0.0000002    0.0015583     0.0004916     
9.5800000     1.1134788     -0.0000002    0.0015467     0.0004880     
9.5900000     1.1134788     -0.0000002    0.0015353     0.0004844     
9.6000000     1.1134788     -0.0000002    0.0015239     0.0004808     
9.6100000     1.1134788     -0.0000002    0.0015126     0.0004772     
9.6200000     1.1134788     -0.0000002    0.0015014     0.0004737     
9.6300000     1.1134788     -0.0000002    0.0014903     0.0004702     
9.6400000     1.1134788     -0.0000002    0.0014792     0.0004667     
9.6500000     1.1134788     -0.0000002    0.0014682     0.0004632     
9.6600000     1.1134788     -0.0000002    0.0014574     0.0004598     
9.6700000     1.1134788     -0.0000002    0.0014466     0.0004564     
9.6800000     1.1134788     -0.0000001    0.0014358     0.0004530     
9.6900000     1.1134788     -0.0000001    0.0014252     0.0004496     
9.7000000     1.1134788     -0.0000001    0.0014146     0.0004463     
9.7100000     1.1134788     -0.0000001    0.0014042     0.0004430     
9.7200000     1.1134788     -0.0000001    0.0013937     0.0004397     
9.7300000     1.1134788     -0.0000001    0.0013834     0.0004364     
9.7400000     1.1134788     -0.0000001    0.0013732     0.0004332     
9.7500000     1.1134788     -0.0000001    0.0013630     0.0004300     
9.7600000     1.1134788     -0.0000001    0.0013529     0.0004268     
9.7700000     1.1134788     -0.0000001    0.0013429     0.0004236     
9.7800000     1.1134788     -0.0000001    0.0013329     0.0004205     
9.7900000     1.1134788     -0.0000001    0.0013230     0.0004174     
9.8000000     1.1134788     -0.0000001    0.0013132     0.0004143     
9.8100000     1.1134788     -0.0000001    0.0013035     0.0004112     
9.8200000     1.1134788     -0.0000001    0.0012938     0.0004082     
9.8300000     1.1134788     -0.0000001    0.0012842     0.0004051     
9.8400000     1.1134788     -0.0000001    0.0012747     0.0004021     
9.8500000     1.1134788     -0.0000001    0.0012653     0.0003992     
9.8600000     1.1134788     -0.0000001    0.0012559     0.0003962     
9.8700000     1.1134788     -0.0000001    0.0012466     0.0003933     
9.8800000     1.1134788     -0.0000001    0.0012374     0.0003904     
9.8900000     1.1134788     -0.0000001    0.0012282     0.0003875     
9.9000000     1.1134788     -0.0000001    0.0012191     0.0003846     
9.9100000     1.1134788     -0.0000001    0.0012100     0.0003817     
9.9200000     1.1134788     -0.0000001    0.0012011     0.0003789     
9.9300000     1.1134788     -0.0000001    0.0011922     0.0003761     
9.9400000     1.1134788     -0.0000001    0.0011833     0.0003733     
9.9500000     1.1134788     -0.0000001    0.0011746     0.0003705     
9.9600000     1.1134788     -0.0000001    0.0011659     0.0003678     
9.9700000     1.1134788     -0.0000001    0.0011572     0.0003651     
9.9800000     1.1134788     -0.0000001    0.0011487     0.0003624     
9.9900000     1.1134788     -0.0000001    0.0011401     0.0003597     
10.0000000    1.1134788     -0.0000001    0.0011317     0.0003570     
