#   delta = 1.000, g = 0.100, ds = 0.010
#   s             E             dE       ||Gammaod||    ||eta2B||    

0.0000000     1.9000000     -0.0058333    0.2828427     0.0897527     
0.0100000     1.8999419     -0.0057767    0.2800968     0.0897527     
0.0200000     1.8998850     -0.0056650    0.2773776     0.0888806     
0.0300000     1.8998292     -0.0055555    0.2746849     0.0880169     
0.0400000     1.8997744     -0.0054481    0.2720183     0.0871617     
0.0500000     1.8997208     -0.0053428    0.2693776     0.0863147     
0.0600000     1.8996681     -0.0052395    0.2667627     0.0854760     
0.0700000     1.8996165     -0.0051383    0.2641731     0.0846454     
0.0800000     1.8995658     -0.0050390    0.2616088     0.0838230     
0.0900000     1.8995162     -0.0049416    0.2590693     0.0830085     
0.1000000     1.8994675     -0.0048461    0.2565546     0.0822019     
0.1100000     1.8994197     -0.0047524    0.2540643     0.0814031     
0.1200000     1.8993729     -0.0046605    0.2515982     0.0806122     
0.1300000     1.8993270     -0.0045705    0.2491561     0.0798289     
0.1400000     1.8992819     -0.0044821    0.2467377     0.0790532     
0.1500000     1.8992377     -0.0043955    0.2443429     0.0782850     
0.1600000     1.8991944     -0.0043106    0.2419713     0.0775244     
0.1700000     1.8991519     -0.0042273    0.2396227     0.0767711     
0.1800000     1.8991103     -0.0041456    0.2372970     0.0760251     
0.1900000     1.8990694     -0.0040654    0.2349939     0.0752864     
0.2000000     1.8990294     -0.0039869    0.2327131     0.0745549     
0.2100000     1.8989901     -0.0039098    0.2304545     0.0738305     
0.2200000     1.8989516     -0.0038343    0.2282179     0.0731131     
0.2300000     1.8989138     -0.0037602    0.2260030     0.0724027     
0.2400000     1.8988767     -0.0036875    0.2238096     0.0716992     
0.2500000     1.8988404     -0.0036162    0.2216376     0.0710025     
0.2600000     1.8988047     -0.0035464    0.2194866     0.0703126     
0.2700000     1.8987698     -0.0034778    0.2173565     0.0696295     
0.2800000     1.8987355     -0.0034106    0.2152472     0.0689529     
0.2900000     1.8987019     -0.0033447    0.2131583     0.0682829     
0.3000000     1.8986689     -0.0032801    0.2110897     0.0676195     
0.3100000     1.8986366     -0.0032167    0.2090412     0.0669625     
0.3200000     1.8986049     -0.0031545    0.2070126     0.0663118     
0.3300000     1.8985738     -0.0030936    0.2050037     0.0656675     
0.3400000     1.8985433     -0.0030338    0.2030143     0.0650295     
0.3500000     1.8985134     -0.0029752    0.2010443     0.0643976     
0.3600000     1.8984841     -0.0029177    0.1990934     0.0637719     
0.3700000     1.8984554     -0.0028613    0.1971614     0.0631523     
0.3800000     1.8984272     -0.0028060    0.1952482     0.0625387     
0.3900000     1.8983995     -0.0027518    0.1933536     0.0619311     
0.4000000     1.8983724     -0.0026986    0.1914774     0.0613294     
0.4100000     1.8983458     -0.0026465    0.1896194     0.0607335     
0.4200000     1.8983197     -0.0025953    0.1877794     0.0601434     
0.4300000     1.8982941     -0.0025452    0.1859573     0.0595590     
0.4400000     1.8982691     -0.0024960    0.1841529     0.0589803     
0.4500000     1.8982445     -0.0024478    0.1823660     0.0584073     
0.4600000     1.8982203     -0.0024005    0.1805965     0.0578398     
0.4700000     1.8981967     -0.0023541    0.1788442     0.0572778     
0.4800000     1.8981735     -0.0023086    0.1771089     0.0567213     
0.4900000     1.8981507     -0.0022640    0.1753904     0.0561702     
0.5000000     1.8981284     -0.0022203    0.1736886     0.0556245     
0.5100000     1.8981065     -0.0021774    0.1720033     0.0550840     
0.5200000     1.8980851     -0.0021353    0.1703344     0.0545488     
0.5300000     1.8980640     -0.0020940    0.1686817     0.0540188     
0.5400000     1.8980434     -0.0020536    0.1670451     0.0534940     
0.5500000     1.8980232     -0.0020139    0.1654243     0.0529743     
0.5600000     1.8980033     -0.0019750    0.1638193     0.0524596     
0.5700000     1.8979839     -0.0019368    0.1622298     0.0519499     
0.5800000     1.8979648     -0.0018994    0.1606558     0.0514451     
0.5900000     1.8979461     -0.0018627    0.1590971     0.0509453     
0.6000000     1.8979277     -0.0018267    0.1575535     0.0504503     
0.6100000     1.8979097     -0.0017914    0.1560249     0.0499602     
0.6200000     1.8978920     -0.0017568    0.1545111     0.0494748     
0.6300000     1.8978747     -0.0017229    0.1530120     0.0489941     
0.6400000     1.8978578     -0.0016896    0.1515275     0.0485181     
0.6500000     1.8978411     -0.0016569    0.1500573     0.0480467     
0.6600000     1.8978248     -0.0016249    0.1486015     0.0475799     
0.6700000     1.8978088     -0.0015935    0.1471598     0.0471176     
0.6800000     1.8977931     -0.0015628    0.1457320     0.0466598     
0.6900000     1.8977777     -0.0015326    0.1443182     0.0462065     
0.7000000     1.8977625     -0.0015029    0.1429180     0.0457576     
0.7100000     1.8977477     -0.0014739    0.1415315     0.0453130     
0.7200000     1.8977332     -0.0014454    0.1401584     0.0448728     
0.7300000     1.8977190     -0.0014175    0.1387986     0.0444368     
0.7400000     1.8977050     -0.0013901    0.1374521     0.0440051     
0.7500000     1.8976913     -0.0013633    0.1361185     0.0435776     
0.7600000     1.8976779     -0.0013369    0.1347980     0.0431542     
0.7700000     1.8976647     -0.0013111    0.1334902     0.0427349     
0.7800000     1.8976518     -0.0012858    0.1321952     0.0423197     
0.7900000     1.8976391     -0.0012609    0.1309127     0.0419086     
0.8000000     1.8976267     -0.0012366    0.1296427     0.0415014     
0.8100000     1.8976145     -0.0012127    0.1283850     0.0410982     
0.8200000     1.8976025     -0.0011893    0.1271395     0.0406989     
0.8300000     1.8975908     -0.0011663    0.1259061     0.0403035     
0.8400000     1.8975793     -0.0011437    0.1246846     0.0399119     
0.8500000     1.8975680     -0.0011216    0.1234750     0.0395242     
0.8600000     1.8975570     -0.0011000    0.1222772     0.0391402     
0.8700000     1.8975462     -0.0010787    0.1210909     0.0387599     
0.8800000     1.8975355     -0.0010579    0.1199162     0.0383834     
0.8900000     1.8975251     -0.0010375    0.1187529     0.0380105     
0.9000000     1.8975149     -0.0010174    0.1176009     0.0376412     
0.9100000     1.8975048     -0.0009978    0.1164600     0.0372755     
0.9200000     1.8974950     -0.0009785    0.1153303     0.0369133     
0.9300000     1.8974854     -0.0009596    0.1142114     0.0365547     
0.9400000     1.8974759     -0.0009410    0.1131035     0.0361996     
0.9500000     1.8974666     -0.0009229    0.1120063     0.0358479     
0.9600000     1.8974575     -0.0009050    0.1109197     0.0354996     
0.9700000     1.8974486     -0.0008875    0.1098437     0.0351547     
0.9800000     1.8974399     -0.0008704    0.1087781     0.0348132     
0.9900000     1.8974313     -0.0008536    0.1077229     0.0344750     
1.0000000     1.8974229     -0.0008371    0.1066779     0.0341400     
1.0100000     1.8974146     -0.0008209    0.1056430     0.0338084     
1.0200000     1.8974066     -0.0008051    0.1046182     0.0334799     
1.0300000     1.8973986     -0.0007895    0.1036034     0.0331547     
1.0400000     1.8973908     -0.0007743    0.1025983     0.0328325     
1.0500000     1.8973832     -0.0007593    0.1016031     0.0325136     
1.0600000     1.8973757     -0.0007446    0.1006174     0.0321977     
1.0700000     1.8973684     -0.0007303    0.0996414     0.0318849     
1.0800000     1.8973612     -0.0007161    0.0986748     0.0315751     
1.0900000     1.8973541     -0.0007023    0.0977176     0.0312684     
1.1000000     1.8973472     -0.0006887    0.0967697     0.0309646     
1.1100000     1.8973404     -0.0006754    0.0958310     0.0306638     
1.1200000     1.8973338     -0.0006624    0.0949014     0.0303659     
1.1300000     1.8973272     -0.0006496    0.0939808     0.0300709     
1.1400000     1.8973208     -0.0006370    0.0930691     0.0297787     
1.1500000     1.8973146     -0.0006247    0.0921663     0.0294894     
1.1600000     1.8973084     -0.0006127    0.0912723     0.0292029     
1.1700000     1.8973024     -0.0006008    0.0903869     0.0289192     
1.1800000     1.8972964     -0.0005892    0.0895101     0.0286383     
1.1900000     1.8972906     -0.0005778    0.0886418     0.0283601     
1.2000000     1.8972849     -0.0005667    0.0877819     0.0280846     
1.2100000     1.8972794     -0.0005557    0.0869304     0.0278117     
1.2200000     1.8972739     -0.0005450    0.0860872     0.0275415     
1.2300000     1.8972685     -0.0005345    0.0852521     0.0272740     
1.2400000     1.8972632     -0.0005241    0.0844251     0.0270090     
1.2500000     1.8972581     -0.0005140    0.0836062     0.0267466     
1.2600000     1.8972530     -0.0005041    0.0827952     0.0264868     
1.2700000     1.8972480     -0.0004944    0.0819920     0.0262294     
1.2800000     1.8972432     -0.0004848    0.0811967     0.0259746     
1.2900000     1.8972384     -0.0004754    0.0804091     0.0257223     
1.3000000     1.8972337     -0.0004663    0.0796291     0.0254724     
1.3100000     1.8972291     -0.0004573    0.0788567     0.0252249     
1.3200000     1.8972246     -0.0004484    0.0780917     0.0249799     
1.3300000     1.8972202     -0.0004398    0.0773342     0.0247372     
1.3400000     1.8972159     -0.0004313    0.0765841     0.0244969     
1.3500000     1.8972116     -0.0004229    0.0758412     0.0242589     
1.3600000     1.8972074     -0.0004148    0.0751055     0.0240232     
1.3700000     1.8972034     -0.0004067    0.0743770     0.0237899     
1.3800000     1.8971993     -0.0003989    0.0736555     0.0235588     
1.3900000     1.8971954     -0.0003912    0.0729411     0.0233299     
1.4000000     1.8971916     -0.0003836    0.0722335     0.0231032     
1.4100000     1.8971878     -0.0003762    0.0715329     0.0228788     
1.4200000     1.8971841     -0.0003690    0.0708390     0.0226565     
1.4300000     1.8971804     -0.0003618    0.0701518     0.0224364     
1.4400000     1.8971769     -0.0003548    0.0694714     0.0222185     
1.4500000     1.8971734     -0.0003480    0.0687975     0.0220026     
1.4600000     1.8971699     -0.0003413    0.0681301     0.0217889     
1.4700000     1.8971666     -0.0003347    0.0674693     0.0215772     
1.4800000     1.8971633     -0.0003282    0.0668148     0.0213676     
1.4900000     1.8971600     -0.0003219    0.0661667     0.0211600     
1.5000000     1.8971569     -0.0003156    0.0655249     0.0209545     
1.5100000     1.8971538     -0.0003095    0.0648893     0.0207509     
1.5200000     1.8971507     -0.0003036    0.0642599     0.0205493     
1.5300000     1.8971477     -0.0002977    0.0636366     0.0203497     
1.5400000     1.8971448     -0.0002920    0.0630193     0.0201520     
1.5500000     1.8971419     -0.0002863    0.0624080     0.0199562     
1.5600000     1.8971391     -0.0002808    0.0618027     0.0197623     
1.5700000     1.8971363     -0.0002754    0.0612032     0.0195704     
1.5800000     1.8971336     -0.0002700    0.0606095     0.0193802     
1.5900000     1.8971309     -0.0002648    0.0600216     0.0191920     
1.6000000     1.8971283     -0.0002597    0.0594394     0.0190055     
1.6100000     1.8971258     -0.0002547    0.0588628     0.0188209     
1.6200000     1.8971233     -0.0002498    0.0582919     0.0186381     
1.6300000     1.8971208     -0.0002449    0.0577265     0.0184570     
1.6400000     1.8971184     -0.0002402    0.0571665     0.0182777     
1.6500000     1.8971160     -0.0002356    0.0566120     0.0181001     
1.6600000     1.8971137     -0.0002310    0.0560629     0.0179243     
1.6700000     1.8971114     -0.0002266    0.0555191     0.0177502     
1.6800000     1.8971092     -0.0002222    0.0549805     0.0175778     
1.6900000     1.8971070     -0.0002179    0.0544472     0.0174070     
1.7000000     1.8971049     -0.0002137    0.0539191     0.0172379     
1.7100000     1.8971028     -0.0002096    0.0533961     0.0170704     
1.7200000     1.8971007     -0.0002055    0.0528782     0.0169046     
1.7300000     1.8970987     -0.0002015    0.0523653     0.0167404     
1.7400000     1.8970967     -0.0001976    0.0518573     0.0165778     
1.7500000     1.8970947     -0.0001938    0.0513543     0.0164167     
1.7600000     1.8970928     -0.0001901    0.0508562     0.0162572     
1.7700000     1.8970909     -0.0001864    0.0503629     0.0160993     
1.7800000     1.8970891     -0.0001828    0.0498744     0.0159429     
1.7900000     1.8970873     -0.0001793    0.0493906     0.0157880     
1.8000000     1.8970855     -0.0001758    0.0489115     0.0156347     
1.8100000     1.8970838     -0.0001724    0.0484371     0.0154828     
1.8200000     1.8970821     -0.0001691    0.0479673     0.0153324     
1.8300000     1.8970804     -0.0001658    0.0475020     0.0151834     
1.8400000     1.8970788     -0.0001626    0.0470412     0.0150360     
1.8500000     1.8970772     -0.0001595    0.0465850     0.0148899     
1.8600000     1.8970756     -0.0001564    0.0461331     0.0147452     
1.8700000     1.8970741     -0.0001534    0.0456856     0.0146020     
1.8800000     1.8970726     -0.0001504    0.0452425     0.0144602     
1.8900000     1.8970711     -0.0001475    0.0448036     0.0143197     
1.9000000     1.8970696     -0.0001447    0.0443690     0.0141806     
1.9100000     1.8970682     -0.0001419    0.0439387     0.0140428     
1.9200000     1.8970668     -0.0001391    0.0435125     0.0139064     
1.9300000     1.8970654     -0.0001364    0.0430904     0.0137713     
1.9400000     1.8970641     -0.0001338    0.0426725     0.0136375     
1.9500000     1.8970628     -0.0001312    0.0422585     0.0135051     
1.9600000     1.8970615     -0.0001287    0.0418486     0.0133739     
1.9700000     1.8970602     -0.0001262    0.0414427     0.0132440     
1.9800000     1.8970590     -0.0001238    0.0410407     0.0131153     
1.9900000     1.8970578     -0.0001214    0.0406427     0.0129879     
2.0000000     1.8970566     -0.0001190    0.0402484     0.0128617     
2.0100000     1.8970554     -0.0001167    0.0398580     0.0127368     
2.0200000     1.8970542     -0.0001145    0.0394714     0.0126131     
2.0300000     1.8970531     -0.0001123    0.0390886     0.0124905     
2.0400000     1.8970520     -0.0001101    0.0387094     0.0123692     
2.0500000     1.8970509     -0.0001080    0.0383339     0.0122490     
2.0600000     1.8970499     -0.0001059    0.0379621     0.0121301     
2.0700000     1.8970488     -0.0001038    0.0375939     0.0120122     
2.0800000     1.8970478     -0.0001018    0.0372293     0.0118955     
2.0900000     1.8970468     -0.0000999    0.0368681     0.0117800     
2.1000000     1.8970458     -0.0000979    0.0365105     0.0116655     
2.1100000     1.8970448     -0.0000960    0.0361564     0.0115522     
2.1200000     1.8970439     -0.0000942    0.0358057     0.0114400     
2.1300000     1.8970430     -0.0000924    0.0354584     0.0113289     
2.1400000     1.8970421     -0.0000906    0.0351144     0.0112188     
2.1500000     1.8970412     -0.0000888    0.0347738     0.0111099     
2.1600000     1.8970403     -0.0000871    0.0344366     0.0110019     
2.1700000     1.8970394     -0.0000854    0.0341025     0.0108951     
2.1800000     1.8970386     -0.0000838    0.0337717     0.0107892     
2.1900000     1.8970378     -0.0000822    0.0334442     0.0106844     
2.2000000     1.8970369     -0.0000806    0.0331198     0.0105806     
2.2100000     1.8970362     -0.0000790    0.0327985     0.0104778     
2.2200000     1.8970354     -0.0000775    0.0324804     0.0103761     
2.2300000     1.8970346     -0.0000760    0.0321653     0.0102753     
2.2400000     1.8970339     -0.0000745    0.0318533     0.0101755     
2.2500000     1.8970331     -0.0000731    0.0315444     0.0100766     
2.2600000     1.8970324     -0.0000717    0.0312384     0.0099787     
2.2700000     1.8970317     -0.0000703    0.0309354     0.0098818     
2.2800000     1.8970310     -0.0000689    0.0306353     0.0097858     
2.2900000     1.8970303     -0.0000676    0.0303382     0.0096907     
2.3000000     1.8970297     -0.0000663    0.0300439     0.0095966     
2.3100000     1.8970290     -0.0000650    0.0297525     0.0095034     
2.3200000     1.8970284     -0.0000638    0.0294639     0.0094111     
2.3300000     1.8970277     -0.0000625    0.0291781     0.0093197     
2.3400000     1.8970271     -0.0000613    0.0288951     0.0092291     
2.3500000     1.8970265     -0.0000601    0.0286148     0.0091395     
2.3600000     1.8970259     -0.0000590    0.0283373     0.0090507     
2.3700000     1.8970253     -0.0000578    0.0280624     0.0089628     
2.3800000     1.8970248     -0.0000567    0.0277902     0.0088757     
2.3900000     1.8970242     -0.0000556    0.0275207     0.0087895     
2.4000000     1.8970237     -0.0000546    0.0272537     0.0087041     
2.4100000     1.8970231     -0.0000535    0.0269894     0.0086196     
2.4200000     1.8970226     -0.0000525    0.0267276     0.0085358     
2.4300000     1.8970221     -0.0000515    0.0264683     0.0084529     
2.4400000     1.8970216     -0.0000505    0.0262116     0.0083708     
2.4500000     1.8970211     -0.0000495    0.0259574     0.0082895     
2.4600000     1.8970206     -0.0000485    0.0257056     0.0082090     
2.4700000     1.8970201     -0.0000476    0.0254563     0.0081292     
2.4800000     1.8970196     -0.0000467    0.0252093     0.0080503     
2.4900000     1.8970192     -0.0000458    0.0249648     0.0079721     
2.5000000     1.8970187     -0.0000449    0.0247227     0.0078946     
2.5100000     1.8970183     -0.0000440    0.0244829     0.0078179     
2.5200000     1.8970179     -0.0000432    0.0242454     0.0077420     
2.5300000     1.8970174     -0.0000423    0.0240102     0.0076668     
2.5400000     1.8970170     -0.0000415    0.0237773     0.0075923     
2.5500000     1.8970166     -0.0000407    0.0235467     0.0075186     
2.5600000     1.8970162     -0.0000399    0.0233183     0.0074455     
2.5700000     1.8970158     -0.0000392    0.0230921     0.0073732     
2.5800000     1.8970154     -0.0000384    0.0228681     0.0073016     
2.5900000     1.8970150     -0.0000377    0.0226463     0.0072307     
2.6000000     1.8970147     -0.0000369    0.0224267     0.0071604     
2.6100000     1.8970143     -0.0000362    0.0222091     0.0070909     
2.6200000     1.8970140     -0.0000355    0.0219937     0.0070220     
2.6300000     1.8970136     -0.0000348    0.0217804     0.0069538     
2.6400000     1.8970133     -0.0000342    0.0215691     0.0068862     
2.6500000     1.8970129     -0.0000335    0.0213599     0.0068194     
2.6600000     1.8970126     -0.0000329    0.0211527     0.0067531     
2.6700000     1.8970123     -0.0000322    0.0209476     0.0066875     
2.6800000     1.8970120     -0.0000316    0.0207444     0.0066226     
2.6900000     1.8970116     -0.0000310    0.0205432     0.0065582     
2.7000000     1.8970113     -0.0000304    0.0203439     0.0064945     
2.7100000     1.8970110     -0.0000298    0.0201466     0.0064314     
2.7200000     1.8970107     -0.0000292    0.0199512     0.0063690     
2.7300000     1.8970105     -0.0000287    0.0197576     0.0063071     
2.7400000     1.8970102     -0.0000281    0.0195660     0.0062458     
2.7500000     1.8970099     -0.0000276    0.0193762     0.0061852     
2.7600000     1.8970096     -0.0000270    0.0191883     0.0061251     
2.7700000     1.8970094     -0.0000265    0.0190022     0.0060656     
2.7800000     1.8970091     -0.0000260    0.0188178     0.0060067     
2.7900000     1.8970088     -0.0000255    0.0186353     0.0059483     
2.8000000     1.8970086     -0.0000250    0.0184546     0.0058905     
2.8100000     1.8970083     -0.0000245    0.0182756     0.0058333     
2.8200000     1.8970081     -0.0000240    0.0180983     0.0057767     
2.8300000     1.8970079     -0.0000236    0.0179227     0.0057206     
2.8400000     1.8970076     -0.0000231    0.0177489     0.0056650     
2.8500000     1.8970074     -0.0000227    0.0175767     0.0056100     
2.8600000     1.8970072     -0.0000222    0.0174063     0.0055555     
2.8700000     1.8970070     -0.0000218    0.0172374     0.0055015     
2.8800000     1.8970067     -0.0000214    0.0170702     0.0054481     
2.8900000     1.8970065     -0.0000210    0.0169047     0.0053951     
2.9000000     1.8970063     -0.0000206    0.0167407     0.0053427     
2.9100000     1.8970061     -0.0000202    0.0165783     0.0052908     
2.9200000     1.8970059     -0.0000198    0.0164175     0.0052395     
2.9300000     1.8970057     -0.0000194    0.0162583     0.0051886     
2.9400000     1.8970055     -0.0000190    0.0161006     0.0051382     
2.9500000     1.8970054     -0.0000187    0.0159444     0.0050883     
2.9600000     1.8970052     -0.0000183    0.0157897     0.0050388     
2.9700000     1.8970050     -0.0000179    0.0156366     0.0049899     
2.9800000     1.8970048     -0.0000176    0.0154849     0.0049414     
2.9900000     1.8970046     -0.0000173    0.0153347     0.0048934     
3.0000000     1.8970045     -0.0000169    0.0151860     0.0048459     
3.0100000     1.8970043     -0.0000166    0.0150387     0.0047988     
3.0200000     1.8970041     -0.0000163    0.0148928     0.0047522     
3.0300000     1.8970040     -0.0000160    0.0147484     0.0047060     
3.0400000     1.8970038     -0.0000157    0.0146053     0.0046603     
3.0500000     1.8970037     -0.0000154    0.0144636     0.0046151     
3.0600000     1.8970035     -0.0000151    0.0143233     0.0045702     
3.0700000     1.8970034     -0.0000148    0.0141844     0.0045258     
3.0800000     1.8970032     -0.0000145    0.0140468     0.0044819     
3.0900000     1.8970031     -0.0000142    0.0139106     0.0044384     
3.1000000     1.8970029     -0.0000139    0.0137757     0.0043952     
3.1100000     1.8970028     -0.0000137    0.0136420     0.0043525     
3.1200000     1.8970027     -0.0000134    0.0135097     0.0043103     
3.1300000     1.8970025     -0.0000131    0.0133787     0.0042684     
3.1400000     1.8970024     -0.0000129    0.0132489     0.0042269     
3.1500000     1.8970023     -0.0000126    0.0131204     0.0041859     
3.1600000     1.8970022     -0.0000124    0.0129931     0.0041452     
3.1700000     1.8970020     -0.0000121    0.0128671     0.0041050     
3.1800000     1.8970019     -0.0000119    0.0127423     0.0040651     
3.1900000     1.8970018     -0.0000117    0.0126187     0.0040256     
3.2000000     1.8970017     -0.0000115    0.0124963     0.0039865     
3.2100000     1.8970016     -0.0000112    0.0123751     0.0039478     
3.2200000     1.8970015     -0.0000110    0.0122551     0.0039094     
3.2300000     1.8970014     -0.0000108    0.0121362     0.0038715     
3.2400000     1.8970012     -0.0000106    0.0120185     0.0038339     
3.2500000     1.8970011     -0.0000104    0.0119019     0.0037966     
3.2600000     1.8970010     -0.0000102    0.0117865     0.0037597     
3.2700000     1.8970009     -0.0000100    0.0116721     0.0037232     
3.2800000     1.8970008     -0.0000098    0.0115589     0.0036871     
3.2900000     1.8970007     -0.0000096    0.0114468     0.0036512     
3.3000000     1.8970006     -0.0000094    0.0113358     0.0036158     
3.3100000     1.8970006     -0.0000092    0.0112258     0.0035807     
3.3200000     1.8970005     -0.0000091    0.0111169     0.0035459     
3.3300000     1.8970004     -0.0000089    0.0110091     0.0035114     
3.3400000     1.8970003     -0.0000087    0.0109023     0.0034773     
3.3500000     1.8970002     -0.0000086    0.0107966     0.0034436     
3.3600000     1.8970001     -0.0000084    0.0106919     0.0034101     
3.3700000     1.8970000     -0.0000082    0.0105881     0.0033770     
3.3800000     1.8970000     -0.0000081    0.0104854     0.0033442     
3.3900000     1.8969999     -0.0000079    0.0103837     0.0033117     
3.4000000     1.8969998     -0.0000078    0.0102830     0.0032795     
3.4100000     1.8969997     -0.0000076    0.0101833     0.0032477     
3.4200000     1.8969996     -0.0000075    0.0100845     0.0032161     
3.4300000     1.8969996     -0.0000073    0.0099867     0.0031849     
3.4400000     1.8969995     -0.0000072    0.0098898     0.0031540     
3.4500000     1.8969994     -0.0000070    0.0097939     0.0031233     
3.4600000     1.8969994     -0.0000069    0.0096989     0.0030930     
3.4700000     1.8969993     -0.0000068    0.0096048     0.0030629     
3.4800000     1.8969992     -0.0000066    0.0095117     0.0030332     
3.4900000     1.8969992     -0.0000065    0.0094194     0.0030037     
3.5000000     1.8969991     -0.0000064    0.0093280     0.0029746     
3.5100000     1.8969990     -0.0000063    0.0092376     0.0029457     
3.5200000     1.8969990     -0.0000061    0.0091480     0.0029171     
3.5300000     1.8969989     -0.0000060    0.0090592     0.0028887     
3.5400000     1.8969988     -0.0000059    0.0089714     0.0028607     
3.5500000     1.8969988     -0.0000058    0.0088843     0.0028329     
3.5600000     1.8969987     -0.0000057    0.0087982     0.0028054     
3.5700000     1.8969987     -0.0000056    0.0087128     0.0027781     
3.5800000     1.8969986     -0.0000055    0.0086283     0.0027511     
3.5900000     1.8969986     -0.0000054    0.0085446     0.0027244     
3.6000000     1.8969985     -0.0000053    0.0084617     0.0026979     
3.6100000     1.8969985     -0.0000052    0.0083797     0.0026717     
3.6200000     1.8969984     -0.0000051    0.0082984     0.0026458     
3.6300000     1.8969984     -0.0000050    0.0082179     0.0026201     
3.6400000     1.8969983     -0.0000049    0.0081382     0.0025946     
3.6500000     1.8969983     -0.0000048    0.0080592     0.0025694     
3.6600000     1.8969982     -0.0000047    0.0079811     0.0025445     
3.6700000     1.8969982     -0.0000046    0.0079037     0.0025198     
3.6800000     1.8969981     -0.0000045    0.0078270     0.0024953     
3.6900000     1.8969981     -0.0000044    0.0077511     0.0024711     
3.7000000     1.8969980     -0.0000043    0.0076759     0.0024471     
3.7100000     1.8969980     -0.0000042    0.0076014     0.0024233     
3.7200000     1.8969980     -0.0000042    0.0075277     0.0023998     
3.7300000     1.8969979     -0.0000041    0.0074547     0.0023764     
3.7400000     1.8969979     -0.0000040    0.0073824     0.0023534     
3.7500000     1.8969978     -0.0000039    0.0073108     0.0023305     
3.7600000     1.8969978     -0.0000038    0.0072399     0.0023079     
3.7700000     1.8969978     -0.0000038    0.0071696     0.0022855     
3.7800000     1.8969977     -0.0000037    0.0071001     0.0022633     
3.7900000     1.8969977     -0.0000036    0.0070312     0.0022413     
3.8000000     1.8969977     -0.0000036    0.0069630     0.0022195     
3.8100000     1.8969976     -0.0000035    0.0068955     0.0021979     
3.8200000     1.8969976     -0.0000034    0.0068286     0.0021766     
3.8300000     1.8969975     -0.0000034    0.0067624     0.0021555     
3.8400000     1.8969975     -0.0000033    0.0066968     0.0021345     
3.8500000     1.8969975     -0.0000032    0.0066318     0.0021138     
3.8600000     1.8969974     -0.0000032    0.0065675     0.0020933     
3.8700000     1.8969974     -0.0000031    0.0065038     0.0020729     
3.8800000     1.8969974     -0.0000030    0.0064407     0.0020528     
3.8900000     1.8969974     -0.0000030    0.0063782     0.0020329     
3.9000000     1.8969973     -0.0000029    0.0063164     0.0020131     
3.9100000     1.8969973     -0.0000029    0.0062551     0.0019936     
3.9200000     1.8969973     -0.0000028    0.0061944     0.0019742     
3.9300000     1.8969972     -0.0000028    0.0061344     0.0019550     
3.9400000     1.8969972     -0.0000027    0.0060749     0.0019360     
3.9500000     1.8969972     -0.0000027    0.0060159     0.0019172     
3.9600000     1.8969972     -0.0000026    0.0059576     0.0018986     
3.9700000     1.8969971     -0.0000026    0.0058998     0.0018802     
3.9800000     1.8969971     -0.0000025    0.0058426     0.0018619     
3.9900000     1.8969971     -0.0000025    0.0057859     0.0018438     
4.0000000     1.8969971     -0.0000024    0.0057298     0.0018259     
4.0100000     1.8969970     -0.0000024    0.0056742     0.0018082     
4.0200000     1.8969970     -0.0000023    0.0056192     0.0017906     
4.0300000     1.8969970     -0.0000023    0.0055647     0.0017732     
4.0400000     1.8969970     -0.0000022    0.0055107     0.0017560     
4.0500000     1.8969969     -0.0000022    0.0054572     0.0017389     
4.0600000     1.8969969     -0.0000021    0.0054043     0.0017221     
4.0700000     1.8969969     -0.0000021    0.0053519     0.0017053     
4.0800000     1.8969969     -0.0000021    0.0053000     0.0016888     
4.0900000     1.8969969     -0.0000020    0.0052486     0.0016724     
4.1000000     1.8969968     -0.0000020    0.0051976     0.0016561     
4.1100000     1.8969968     -0.0000019    0.0051472     0.0016400     
4.1200000     1.8969968     -0.0000019    0.0050973     0.0016241     
4.1300000     1.8969968     -0.0000019    0.0050479     0.0016083     
4.1400000     1.8969968     -0.0000018    0.0049989     0.0015927     
4.1500000     1.8969968     -0.0000018    0.0049504     0.0015772     
4.1600000     1.8969967     -0.0000018    0.0049024     0.0015619     
4.1700000     1.8969967     -0.0000017    0.0048548     0.0015468     
4.1800000     1.8969967     -0.0000017    0.0048078     0.0015317     
4.1900000     1.8969967     -0.0000017    0.0047611     0.0015169     
4.2000000     1.8969967     -0.0000016    0.0047149     0.0015021     
4.2100000     1.8969967     -0.0000016    0.0046692     0.0014875     
4.2200000     1.8969966     -0.0000016    0.0046239     0.0014731     
4.2300000     1.8969966     -0.0000015    0.0045791     0.0014588     
4.2400000     1.8969966     -0.0000015    0.0045346     0.0014446     
4.2500000     1.8969966     -0.0000015    0.0044907     0.0014306     
4.2600000     1.8969966     -0.0000014    0.0044471     0.0014167     
4.2700000     1.8969966     -0.0000014    0.0044040     0.0014029     
4.2800000     1.8969965     -0.0000014    0.0043613     0.0013893     
4.2900000     1.8969965     -0.0000014    0.0043190     0.0013758     
4.3000000     1.8969965     -0.0000013    0.0042771     0.0013624     
4.3100000     1.8969965     -0.0000013    0.0042356     0.0013492     
4.3200000     1.8969965     -0.0000013    0.0041945     0.0013361     
4.3300000     1.8969965     -0.0000013    0.0041538     0.0013231     
4.3400000     1.8969965     -0.0000012    0.0041135     0.0013103     
4.3500000     1.8969965     -0.0000012    0.0040736     0.0012976     
4.3600000     1.8969964     -0.0000012    0.0040341     0.0012849     
4.3700000     1.8969964     -0.0000012    0.0039950     0.0012725     
4.3800000     1.8969964     -0.0000011    0.0039562     0.0012601     
4.3900000     1.8969964     -0.0000011    0.0039178     0.0012479     
4.4000000     1.8969964     -0.0000011    0.0038798     0.0012358     
4.4100000     1.8969964     -0.0000011    0.0038422     0.0012238     
4.4200000     1.8969964     -0.0000011    0.0038049     0.0012119     
4.4300000     1.8969964     -0.0000010    0.0037680     0.0012001     
4.4400000     1.8969964     -0.0000010    0.0037315     0.0011884     
4.4500000     1.8969963     -0.0000010    0.0036953     0.0011769     
4.4600000     1.8969963     -0.0000010    0.0036595     0.0011655     
4.4700000     1.8969963     -0.0000010    0.0036240     0.0011541     
4.4800000     1.8969963     -0.0000009    0.0035888     0.0011429     
4.4900000     1.8969963     -0.0000009    0.0035540     0.0011318     
4.5000000     1.8969963     -0.0000009    0.0035195     0.0011208     
4.5100000     1.8969963     -0.0000009    0.0034854     0.0011100     
4.5200000     1.8969963     -0.0000009    0.0034516     0.0010992     
4.5300000     1.8969963     -0.0000009    0.0034181     0.0010885     
4.5400000     1.8969963     -0.0000008    0.0033849     0.0010779     
4.5500000     1.8969963     -0.0000008    0.0033521     0.0010675     
4.5600000     1.8969962     -0.0000008    0.0033196     0.0010571     
4.5700000     1.8969962     -0.0000008    0.0032874     0.0010468     
4.5800000     1.8969962     -0.0000008    0.0032555     0.0010367     
4.5900000     1.8969962     -0.0000008    0.0032239     0.0010266     
4.6000000     1.8969962     -0.0000007    0.0031927     0.0010166     
4.6100000     1.8969962     -0.0000007    0.0031617     0.0010067     
4.6200000     1.8969962     -0.0000007    0.0031310     0.0009970     
4.6300000     1.8969962     -0.0000007    0.0031007     0.0009873     
4.6400000     1.8969962     -0.0000007    0.0030706     0.0009777     
4.6500000     1.8969962     -0.0000007    0.0030408     0.0009682     
4.6600000     1.8969962     -0.0000007    0.0030113     0.0009588     
4.6700000     1.8969962     -0.0000007    0.0029821     0.0009495     
4.6800000     1.8969962     -0.0000006    0.0029532     0.0009403     
4.6900000     1.8969962     -0.0000006    0.0029245     0.0009311     
4.7000000     1.8969961     -0.0000006    0.0028962     0.0009221     
4.7100000     1.8969961     -0.0000006    0.0028681     0.0009131     
4.7200000     1.8969961     -0.0000006    0.0028402     0.0009043     
4.7300000     1.8969961     -0.0000006    0.0028127     0.0008955     
4.7400000     1.8969961     -0.0000006    0.0027854     0.0008868     
4.7500000     1.8969961     -0.0000006    0.0027584     0.0008782     
4.7600000     1.8969961     -0.0000005    0.0027316     0.0008696     
4.7700000     1.8969961     -0.0000005    0.0027051     0.0008612     
4.7800000     1.8969961     -0.0000005    0.0026789     0.0008528     
4.7900000     1.8969961     -0.0000005    0.0026529     0.0008446     
4.8000000     1.8969961     -0.0000005    0.0026272     0.0008363     
4.8100000     1.8969961     -0.0000005    0.0026017     0.0008282     
4.8200000     1.8969961     -0.0000005    0.0025765     0.0008202     
4.8300000     1.8969961     -0.0000005    0.0025515     0.0008122     
4.8400000     1.8969961     -0.0000005    0.0025267     0.0008043     
4.8500000     1.8969961     -0.0000005    0.0025022     0.0007965     
4.8600000     1.8969961     -0.0000004    0.0024780     0.0007888     
4.8700000     1.8969961     -0.0000004    0.0024539     0.0007811     
4.8800000     1.8969961     -0.0000004    0.0024301     0.0007735     
4.8900000     1.8969961     -0.0000004    0.0024065     0.0007660     
4.9000000     1.8969960     -0.0000004    0.0023832     0.0007586     
4.9100000     1.8969960     -0.0000004    0.0023601     0.0007512     
4.9200000     1.8969960     -0.0000004    0.0023372     0.0007439     
4.9300000     1.8969960     -0.0000004    0.0023145     0.0007367     
4.9400000     1.8969960     -0.0000004    0.0022921     0.0007295     
4.9500000     1.8969960     -0.0000004    0.0022698     0.0007225     
4.9600000     1.8969960     -0.0000004    0.0022478     0.0007154     
4.9700000     1.8969960     -0.0000004    0.0022260     0.0007085     
4.9800000     1.8969960     -0.0000004    0.0022044     0.0007016     
4.9900000     1.8969960     -0.0000003    0.0021830     0.0006948     
5.0000000     1.8969960     -0.0000003    0.0021619     0.0006880     
5.0100000     1.8969960     -0.0000003    0.0021409     0.0006814     
5.0200000     1.8969960     -0.0000003    0.0021201     0.0006747     
5.0300000     1.8969960     -0.0000003    0.0020996     0.0006682     
5.0400000     1.8969960     -0.0000003    0.0020792     0.0006617     
5.0500000     1.8969960     -0.0000003    0.0020590     0.0006553     
5.0600000     1.8969960     -0.0000003    0.0020391     0.0006489     
5.0700000     1.8969960     -0.0000003    0.0020193     0.0006426     
5.0800000     1.8969960     -0.0000003    0.0019997     0.0006364     
5.0900000     1.8969960     -0.0000003    0.0019803     0.0006302     
5.1000000     1.8969960     -0.0000003    0.0019611     0.0006241     
5.1100000     1.8969960     -0.0000003    0.0019421     0.0006180     
5.1200000     1.8969960     -0.0000003    0.0019232     0.0006120     
5.1300000     1.8969960     -0.0000003    0.0019046     0.0006061     
5.1400000     1.8969960     -0.0000003    0.0018861     0.0006002     
5.1500000     1.8969960     -0.0000003    0.0018678     0.0005943     
5.1600000     1.8969960     -0.0000003    0.0018497     0.0005886     
5.1700000     1.8969960     -0.0000002    0.0018318     0.0005829     
5.1800000     1.8969960     -0.0000002    0.0018140     0.0005772     
5.1900000     1.8969960     -0.0000002    0.0017964     0.0005716     
5.2000000     1.8969960     -0.0000002    0.0017790     0.0005660     
5.2100000     1.8969960     -0.0000002    0.0017617     0.0005605     
5.2200000     1.8969959     -0.0000002    0.0017446     0.0005551     
5.2300000     1.8969959     -0.0000002    0.0017277     0.0005497     
5.2400000     1.8969959     -0.0000002    0.0017109     0.0005444     
5.2500000     1.8969959     -0.0000002    0.0016943     0.0005391     
5.2600000     1.8969959     -0.0000002    0.0016779     0.0005338     
5.2700000     1.8969959     -0.0000002    0.0016616     0.0005287     
5.2800000     1.8969959     -0.0000002    0.0016455     0.0005235     
5.2900000     1.8969959     -0.0000002    0.0016296     0.0005184     
5.3000000     1.8969959     -0.0000002    0.0016138     0.0005134     
5.3100000     1.8969959     -0.0000002    0.0015981     0.0005084     
5.3200000     1.8969959     -0.0000002    0.0015826     0.0005035     
5.3300000     1.8969959     -0.0000002    0.0015672     0.0004986     
5.3400000     1.8969959     -0.0000002    0.0015520     0.0004938     
5.3500000     1.8969959     -0.0000002    0.0015370     0.0004890     
5.3600000     1.8969959     -0.0000002    0.0015221     0.0004842     
5.3700000     1.8969959     -0.0000002    0.0015073     0.0004795     
5.3800000     1.8969959     -0.0000002    0.0014927     0.0004749     
5.3900000     1.8969959     -0.0000002    0.0014782     0.0004702     
5.4000000     1.8969959     -0.0000002    0.0014639     0.0004657     
5.4100000     1.8969959     -0.0000002    0.0014497     0.0004611     
5.4200000     1.8969959     -0.0000002    0.0014356     0.0004567     
5.4300000     1.8969959     -0.0000001    0.0014217     0.0004522     
5.4400000     1.8969959     -0.0000001    0.0014079     0.0004478     
5.4500000     1.8969959     -0.0000001    0.0013942     0.0004435     
5.4600000     1.8969959     -0.0000001    0.0013807     0.0004392     
5.4700000     1.8969959     -0.0000001    0.0013673     0.0004349     
5.4800000     1.8969959     -0.0000001    0.0013541     0.0004307     
5.4900000     1.8969959     -0.0000001    0.0013409     0.0004265     
5.5000000     1.8969959     -0.0000001    0.0013279     0.0004224     
5.5100000     1.8969959     -0.0000001    0.0013150     0.0004183     
5.5200000     1.8969959     -0.0000001    0.0013023     0.0004142     
5.5300000     1.8969959     -0.0000001    0.0012897     0.0004102     
5.5400000     1.8969959     -0.0000001    0.0012771     0.0004062     
5.5500000     1.8969959     -0.0000001    0.0012648     0.0004023     
5.5600000     1.8969959     -0.0000001    0.0012525     0.0003984     
5.5700000     1.8969959     -0.0000001    0.0012403     0.0003945     
5.5800000     1.8969959     -0.0000001    0.0012283     0.0003907     
5.5900000     1.8969959     -0.0000001    0.0012164     0.0003869     
5.6000000     1.8969959     -0.0000001    0.0012046     0.0003831     
5.6100000     1.8969959     -0.0000001    0.0011929     0.0003794     
5.6200000     1.8969959     -0.0000001    0.0011813     0.0003757     
5.6300000     1.8969959     -0.0000001    0.0011699     0.0003720     
5.6400000     1.8969959     -0.0000001    0.0011585     0.0003684     
5.6500000     1.8969959     -0.0000001    0.0011473     0.0003649     
5.6600000     1.8969959     -0.0000001    0.0011362     0.0003613     
5.6700000     1.8969959     -0.0000001    0.0011252     0.0003578     
5.6800000     1.8969959     -0.0000001    0.0011142     0.0003543     
5.6900000     1.8969959     -0.0000001    0.0011034     0.0003509     
5.7000000     1.8969959     -0.0000001    0.0010927     0.0003475     
5.7100000     1.8969959     -0.0000001    0.0010821     0.0003441     
5.7200000     1.8969959     -0.0000001    0.0010716     0.0003408     
5.7300000     1.8969959     -0.0000001    0.0010612     0.0003375     
5.7400000     1.8969959     -0.0000001    0.0010509     0.0003342     
5.7500000     1.8969959     -0.0000001    0.0010408     0.0003309     
5.7600000     1.8969959     -0.0000001    0.0010307     0.0003277     
5.7700000     1.8969959     -0.0000001    0.0010207     0.0003245     
5.7800000     1.8969959     -0.0000001    0.0010108     0.0003214     
5.7900000     1.8969959     -0.0000001    0.0010010     0.0003183     
5.8000000     1.8969959     -0.0000001    0.0009912     0.0003152     
5.8100000     1.8969959     -0.0000001    0.0009816     0.0003121     
5.8200000     1.8969959     -0.0000001    0.0009721     0.0003091     
5.8300000     1.8969959     -0.0000001    0.0009627     0.0003061     
5.8400000     1.8969959     -0.0000001    0.0009533     0.0003031     
5.8500000     1.8969959     -0.0000001    0.0009441     0.0003002     
5.8600000     1.8969959     -0.0000001    0.0009349     0.0002972     
5.8700000     1.8969959     -0.0000001    0.0009259     0.0002944     
5.8800000     1.8969959     -0.0000001    0.0009169     0.0002915     
5.8900000     1.8969959     -0.0000001    0.0009080     0.0002887     
5.9000000     1.8969959     -0.0000001    0.0008992     0.0002859     
5.9100000     1.8969959     -0.0000001    0.0008905     0.0002831     
5.9200000     1.8969959     -0.0000001    0.0008818     0.0002803     
5.9300000     1.8969959     -0.0000001    0.0008733     0.0002776     
5.9400000     1.8969959     -0.0000001    0.0008648     0.0002749     
5.9500000     1.8969959     -0.0000001    0.0008564     0.0002723     
5.9600000     1.8969959     -0.0000001    0.0008481     0.0002696     
5.9700000     1.8969959     -0.0000001    0.0008399     0.0002670     
5.9800000     1.8969959     -0.0000001    0.0008317     0.0002644     
5.9900000     1.8969959     -0.0000000    0.0008237     0.0002618     
6.0000000     1.8969959     -0.0000000    0.0008157     0.0002593     
6.0100000     1.8969959     -0.0000000    0.0008078     0.0002568     
6.0200000     1.8969959     -0.0000000    0.0007999     0.0002543     
6.0300000     1.8969959     -0.0000000    0.0007922     0.0002518     
6.0400000     1.8969959     -0.0000000    0.0007845     0.0002494     
6.0500000     1.8969959     -0.0000000    0.0007769     0.0002469     
6.0600000     1.8969959     -0.0000000    0.0007693     0.0002445     
6.0700000     1.8969959     -0.0000000    0.0007619     0.0002422     
6.0800000     1.8969959     -0.0000000    0.0007545     0.0002398     
6.0900000     1.8969959     -0.0000000    0.0007472     0.0002375     
6.1000000     1.8969959     -0.0000000    0.0007399     0.0002352     
6.1100000     1.8969959     -0.0000000    0.0007327     0.0002329     
6.1200000     1.8969959     -0.0000000    0.0007256     0.0002306     
6.1300000     1.8969959     -0.0000000    0.0007186     0.0002284     
6.1400000     1.8969959     -0.0000000    0.0007116     0.0002262     
6.1500000     1.8969959     -0.0000000    0.0007047     0.0002240     
6.1600000     1.8969959     -0.0000000    0.0006979     0.0002218     
6.1700000     1.8969959     -0.0000000    0.0006911     0.0002197     
6.1800000     1.8969959     -0.0000000    0.0006844     0.0002175     
6.1900000     1.8969959     -0.0000000    0.0006778     0.0002154     
6.2000000     1.8969959     -0.0000000    0.0006712     0.0002133     
6.2100000     1.8969959     -0.0000000    0.0006647     0.0002112     
6.2200000     1.8969959     -0.0000000    0.0006582     0.0002092     
6.2300000     1.8969959     -0.0000000    0.0006519     0.0002072     
6.2400000     1.8969959     -0.0000000    0.0006455     0.0002051     
6.2500000     1.8969959     -0.0000000    0.0006393     0.0002032     
6.2600000     1.8969959     -0.0000000    0.0006331     0.0002012     
6.2700000     1.8969959     -0.0000000    0.0006269     0.0001992     
6.2800000     1.8969959     -0.0000000    0.0006209     0.0001973     
6.2900000     1.8969959     -0.0000000    0.0006148     0.0001954     
6.3000000     1.8969958     -0.0000000    0.0006089     0.0001935     
6.3100000     1.8969958     -0.0000000    0.0006030     0.0001916     
6.3200000     1.8969958     -0.0000000    0.0005971     0.0001897     
6.3300000     1.8969958     -0.0000000    0.0005913     0.0001879     
6.3400000     1.8969958     -0.0000000    0.0005856     0.0001861     
6.3500000     1.8969958     -0.0000000    0.0005799     0.0001843     
6.3600000     1.8969958     -0.0000000    0.0005743     0.0001825     
6.3700000     1.8969958     -0.0000000    0.0005687     0.0001807     
6.3800000     1.8969958     -0.0000000    0.0005632     0.0001790     
6.3900000     1.8969958     -0.0000000    0.0005577     0.0001772     
6.4000000     1.8969958     -0.0000000    0.0005523     0.0001755     
6.4100000     1.8969958     -0.0000000    0.0005470     0.0001738     
6.4200000     1.8969958     -0.0000000    0.0005417     0.0001721     
6.4300000     1.8969958     -0.0000000    0.0005364     0.0001704     
6.4400000     1.8969958     -0.0000000    0.0005312     0.0001688     
6.4500000     1.8969958     -0.0000000    0.0005261     0.0001671     
6.4600000     1.8969958     -0.0000000    0.0005209     0.0001655     
6.4700000     1.8969958     -0.0000000    0.0005159     0.0001639     
6.4800000     1.8969958     -0.0000000    0.0005109     0.0001623     
6.4900000     1.8969958     -0.0000000    0.0005059     0.0001607     
6.5000000     1.8969958     -0.0000000    0.0005010     0.0001592     
6.5100000     1.8969958     -0.0000000    0.0004962     0.0001576     
6.5200000     1.8969958     -0.0000000    0.0004914     0.0001561     
6.5300000     1.8969958     -0.0000000    0.0004866     0.0001546     
6.5400000     1.8969958     -0.0000000    0.0004819     0.0001531     
6.5500000     1.8969958     -0.0000000    0.0004772     0.0001516     
6.5600000     1.8969958     -0.0000000    0.0004726     0.0001501     
6.5700000     1.8969958     -0.0000000    0.0004680     0.0001487     
6.5800000     1.8969958     -0.0000000    0.0004634     0.0001472     
6.5900000     1.8969958     -0.0000000    0.0004589     0.0001458     
6.6000000     1.8969958     -0.0000000    0.0004545     0.0001444     
6.6100000     1.8969958     -0.0000000    0.0004501     0.0001430     
6.6200000     1.8969958     -0.0000000    0.0004457     0.0001416     
6.6300000     1.8969958     -0.0000000    0.0004414     0.0001402     
6.6400000     1.8969958     -0.0000000    0.0004371     0.0001388     
6.6500000     1.8969958     -0.0000000    0.0004329     0.0001375     
6.6600000     1.8969958     -0.0000000    0.0004287     0.0001362     
6.6700000     1.8969958     -0.0000000    0.0004245     0.0001348     
6.6800000     1.8969958     -0.0000000    0.0004204     0.0001335     
6.6900000     1.8969958     -0.0000000    0.0004163     0.0001322     
6.7000000     1.8969958     -0.0000000    0.0004123     0.0001310     
6.7100000     1.8969958     -0.0000000    0.0004083     0.0001297     
6.7200000     1.8969958     -0.0000000    0.0004043     0.0001284     
6.7300000     1.8969958     -0.0000000    0.0004004     0.0001272     
6.7400000     1.8969958     -0.0000000    0.0003965     0.0001259     
6.7500000     1.8969958     -0.0000000    0.0003927     0.0001247     
6.7600000     1.8969958     -0.0000000    0.0003889     0.0001235     
6.7700000     1.8969958     -0.0000000    0.0003851     0.0001223     
6.7800000     1.8969958     -0.0000000    0.0003814     0.0001211     
6.7900000     1.8969958     -0.0000000    0.0003777     0.0001199     
6.8000000     1.8969958     -0.0000000    0.0003740     0.0001188     
6.8100000     1.8969958     -0.0000000    0.0003704     0.0001176     
6.8200000     1.8969958     -0.0000000    0.0003668     0.0001165     
6.8300000     1.8969958     -0.0000000    0.0003632     0.0001154     
6.8400000     1.8969958     -0.0000000    0.0003597     0.0001142     
6.8500000     1.8969958     -0.0000000    0.0003562     0.0001131     
6.8600000     1.8969958     -0.0000000    0.0003528     0.0001120     
6.8700000     1.8969958     -0.0000000    0.0003493     0.0001109     
6.8800000     1.8969958     -0.0000000    0.0003459     0.0001099     
6.8900000     1.8969958     -0.0000000    0.0003426     0.0001088     
6.9000000     1.8969958     -0.0000000    0.0003393     0.0001077     
6.9100000     1.8969958     -0.0000000    0.0003360     0.0001067     
6.9200000     1.8969958     -0.0000000    0.0003327     0.0001057     
6.9300000     1.8969958     -0.0000000    0.0003295     0.0001046     
6.9400000     1.8969958     -0.0000000    0.0003263     0.0001036     
6.9500000     1.8969958     -0.0000000    0.0003231     0.0001026     
6.9600000     1.8969958     -0.0000000    0.0003200     0.0001016     
6.9700000     1.8969958     -0.0000000    0.0003169     0.0001006     
6.9800000     1.8969958     -0.0000000    0.0003138     0.0000996     
6.9900000     1.8969958     -0.0000000    0.0003108     0.0000987     
7.0000000     1.8969958     -0.0000000    0.0003078     0.0000977     
7.0100000     1.8969958     -0.0000000    0.0003048     0.0000968     
7.0200000     1.8969958     -0.0000000    0.0003018     0.0000958     
7.0300000     1.8969958     -0.0000000    0.0002989     0.0000949     
7.0400000     1.8969958     -0.0000000    0.0002960     0.0000940     
7.0500000     1.8969958     -0.0000000    0.0002931     0.0000931     
7.0600000     1.8969958     -0.0000000    0.0002903     0.0000922     
7.0700000     1.8969958     -0.0000000    0.0002875     0.0000913     
7.0800000     1.8969958     -0.0000000    0.0002847     0.0000904     
7.0900000     1.8969958     -0.0000000    0.0002819     0.0000895     
7.1000000     1.8969958     -0.0000000    0.0002792     0.0000886     
7.1100000     1.8969958     -0.0000000    0.0002765     0.0000878     
7.1200000     1.8969958     -0.0000000    0.0002738     0.0000869     
7.1300000     1.8969958     -0.0000000    0.0002711     0.0000861     
7.1400000     1.8969958     -0.0000000    0.0002685     0.0000852     
7.1500000     1.8969958     -0.0000000    0.0002659     0.0000844     
7.1600000     1.8969958     -0.0000000    0.0002633     0.0000836     
7.1700000     1.8969958     -0.0000000    0.0002608     0.0000828     
7.1800000     1.8969958     -0.0000000    0.0002582     0.0000820     
7.1900000     1.8969958     -0.0000000    0.0002557     0.0000812     
7.2000000     1.8969958     -0.0000000    0.0002532     0.0000804     
7.2100000     1.8969958     -0.0000000    0.0002508     0.0000796     
7.2200000     1.8969958     -0.0000000    0.0002484     0.0000788     
7.2300000     1.8969958     -0.0000000    0.0002459     0.0000781     
7.2400000     1.8969958     -0.0000000    0.0002436     0.0000773     
7.2500000     1.8969958     -0.0000000    0.0002412     0.0000766     
7.2600000     1.8969958     -0.0000000    0.0002389     0.0000758     
7.2700000     1.8969958     -0.0000000    0.0002365     0.0000751     
7.2800000     1.8969958     -0.0000000    0.0002342     0.0000744     
7.2900000     1.8969958     -0.0000000    0.0002320     0.0000736     
7.3000000     1.8969958     -0.0000000    0.0002297     0.0000729     
7.3100000     1.8969958     -0.0000000    0.0002275     0.0000722     
7.3200000     1.8969958     -0.0000000    0.0002253     0.0000715     
7.3300000     1.8969958     -0.0000000    0.0002231     0.0000708     
7.3400000     1.8969958     -0.0000000    0.0002209     0.0000701     
7.3500000     1.8969958     -0.0000000    0.0002188     0.0000694     
7.3600000     1.8969958     -0.0000000    0.0002167     0.0000688     
7.3700000     1.8969958     -0.0000000    0.0002146     0.0000681     
7.3800000     1.8969958     -0.0000000    0.0002125     0.0000674     
7.3900000     1.8969958     -0.0000000    0.0002104     0.0000668     
7.4000000     1.8969958     -0.0000000    0.0002084     0.0000661     
7.4100000     1.8969958     -0.0000000    0.0002064     0.0000655     
7.4200000     1.8969958     -0.0000000    0.0002044     0.0000649     
7.4300000     1.8969958     -0.0000000    0.0002024     0.0000642     
7.4400000     1.8969958     -0.0000000    0.0002004     0.0000636     
7.4500000     1.8969958     -0.0000000    0.0001985     0.0000630     
7.4600000     1.8969958     -0.0000000    0.0001966     0.0000624     
7.4700000     1.8969958     -0.0000000    0.0001946     0.0000618     
7.4800000     1.8969958     -0.0000000    0.0001928     0.0000612     
7.4900000     1.8969958     -0.0000000    0.0001909     0.0000606     
7.5000000     1.8969958     -0.0000000    0.0001890     0.0000600     
7.5100000     1.8969958     -0.0000000    0.0001872     0.0000594     
7.5200000     1.8969958     -0.0000000    0.0001854     0.0000588     
7.5300000     1.8969958     -0.0000000    0.0001836     0.0000583     
7.5400000     1.8969958     -0.0000000    0.0001818     0.0000577     
7.5500000     1.8969958     -0.0000000    0.0001800     0.0000571     
7.5600000     1.8969958     -0.0000000    0.0001783     0.0000566     
7.5700000     1.8969958     -0.0000000    0.0001766     0.0000560     
7.5800000     1.8969958     -0.0000000    0.0001749     0.0000555     
7.5900000     1.8969958     -0.0000000    0.0001732     0.0000549     
7.6000000     1.8969958     -0.0000000    0.0001715     0.0000544     
7.6100000     1.8969958     -0.0000000    0.0001698     0.0000539     
7.6200000     1.8969958     -0.0000000    0.0001682     0.0000534     
7.6300000     1.8969958     -0.0000000    0.0001665     0.0000528     
7.6400000     1.8969958     -0.0000000    0.0001649     0.0000523     
7.6500000     1.8969958     -0.0000000    0.0001633     0.0000518     
7.6600000     1.8969958     -0.0000000    0.0001617     0.0000513     
7.6700000     1.8969958     -0.0000000    0.0001602     0.0000508     
7.6800000     1.8969958     -0.0000000    0.0001586     0.0000503     
7.6900000     1.8969958     -0.0000000    0.0001571     0.0000498     
7.7000000     1.8969958     -0.0000000    0.0001556     0.0000494     
7.7100000     1.8969958     -0.0000000    0.0001540     0.0000489     
7.7200000     1.8969958     -0.0000000    0.0001526     0.0000484     
7.7300000     1.8969958     -0.0000000    0.0001511     0.0000479     
7.7400000     1.8969958     -0.0000000    0.0001496     0.0000475     
7.7500000     1.8969958     -0.0000000    0.0001482     0.0000470     
7.7600000     1.8969958     -0.0000000    0.0001467     0.0000465     
7.7700000     1.8969958     -0.0000000    0.0001453     0.0000461     
7.7800000     1.8969958     -0.0000000    0.0001439     0.0000456     
7.7900000     1.8969958     -0.0000000    0.0001425     0.0000452     
7.8000000     1.8969958     -0.0000000    0.0001411     0.0000448     
7.8100000     1.8969958     -0.0000000    0.0001397     0.0000443     
7.8200000     1.8969958     -0.0000000    0.0001384     0.0000439     
7.8300000     1.8969958     -0.0000000    0.0001370     0.0000435     
7.8400000     1.8969958     -0.0000000    0.0001357     0.0000431     
7.8500000     1.8969958     -0.0000000    0.0001344     0.0000426     
7.8600000     1.8969958     -0.0000000    0.0001331     0.0000422     
7.8700000     1.8969958     -0.0000000    0.0001318     0.0000418     
7.8800000     1.8969958     -0.0000000    0.0001305     0.0000414     
7.8900000     1.8969958     -0.0000000    0.0001293     0.0000410     
7.9000000     1.8969958     -0.0000000    0.0001280     0.0000406     
7.9100000     1.8969958     -0.0000000    0.0001268     0.0000402     
7.9200000     1.8969958     -0.0000000    0.0001255     0.0000398     
7.9300000     1.8969958     -0.0000000    0.0001243     0.0000394     
7.9400000     1.8969958     -0.0000000    0.0001231     0.0000390     
7.9500000     1.8969958     -0.0000000    0.0001219     0.0000387     
7.9600000     1.8969958     -0.0000000    0.0001207     0.0000383     
7.9700000     1.8969958     -0.0000000    0.0001196     0.0000379     
7.9800000     1.8969958     -0.0000000    0.0001184     0.0000376     
7.9900000     1.8969958     -0.0000000    0.0001173     0.0000372     
8.0000000     1.8969958     -0.0000000    0.0001161     0.0000368     
8.0100000     1.8969958     -0.0000000    0.0001150     0.0000365     
8.0200000     1.8969958     -0.0000000    0.0001139     0.0000361     
8.0300000     1.8969958     -0.0000000    0.0001128     0.0000358     
8.0400000     1.8969958     -0.0000000    0.0001117     0.0000354     
8.0500000     1.8969958     -0.0000000    0.0001106     0.0000351     
8.0600000     1.8969958     -0.0000000    0.0001095     0.0000347     
8.0700000     1.8969958     -0.0000000    0.0001085     0.0000344     
8.0800000     1.8969958     -0.0000000    0.0001074     0.0000341     
8.0900000     1.8969958     -0.0000000    0.0001064     0.0000337     
8.1000000     1.8969958     -0.0000000    0.0001053     0.0000334     
8.1100000     1.8969958     -0.0000000    0.0001043     0.0000331     
8.1200000     1.8969958     -0.0000000    0.0001033     0.0000328     
8.1300000     1.8969958     -0.0000000    0.0001023     0.0000324     
8.1400000     1.8969958     -0.0000000    0.0001013     0.0000321     
8.1500000     1.8969958     -0.0000000    0.0001003     0.0000318     
8.1600000     1.8969958     -0.0000000    0.0000993     0.0000315     
8.1700000     1.8969958     -0.0000000    0.0000984     0.0000312     
8.1800000     1.8969958     -0.0000000    0.0000974     0.0000309     
8.1900000     1.8969958     -0.0000000    0.0000965     0.0000306     
8.2000000     1.8969958     -0.0000000    0.0000955     0.0000303     
8.2100000     1.8969958     -0.0000000    0.0000946     0.0000300     
8.2200000     1.8969958     -0.0000000    0.0000937     0.0000297     
8.2300000     1.8969958     -0.0000000    0.0000928     0.0000294     
8.2400000     1.8969958     -0.0000000    0.0000919     0.0000291     
8.2500000     1.8969958     -0.0000000    0.0000910     0.0000289     
8.2600000     1.8969958     -0.0000000    0.0000901     0.0000286     
8.2700000     1.8969958     -0.0000000    0.0000892     0.0000283     
8.2800000     1.8969958     -0.0000000    0.0000884     0.0000280     
8.2900000     1.8969958     -0.0000000    0.0000875     0.0000278     
8.3000000     1.8969958     -0.0000000    0.0000867     0.0000275     
8.3100000     1.8969958     -0.0000000    0.0000858     0.0000272     
8.3200000     1.8969958     -0.0000000    0.0000850     0.0000270     
8.3300000     1.8969958     -0.0000000    0.0000842     0.0000267     
8.3400000     1.8969958     -0.0000000    0.0000834     0.0000264     
8.3500000     1.8969958     -0.0000000    0.0000826     0.0000262     
8.3600000     1.8969958     -0.0000000    0.0000818     0.0000259     
8.3700000     1.8969958     -0.0000000    0.0000810     0.0000257     
8.3800000     1.8969958     -0.0000000    0.0000802     0.0000254     
8.3900000     1.8969958     -0.0000000    0.0000794     0.0000252     
8.4000000     1.8969958     -0.0000000    0.0000786     0.0000249     
8.4100000     1.8969958     -0.0000000    0.0000779     0.0000247     
8.4200000     1.8969958     -0.0000000    0.0000771     0.0000244     
8.4300000     1.8969958     -0.0000000    0.0000764     0.0000242     
8.4400000     1.8969958     -0.0000000    0.0000756     0.0000240     
8.4500000     1.8969958     -0.0000000    0.0000749     0.0000237     
8.4600000     1.8969958     -0.0000000    0.0000742     0.0000235     
8.4700000     1.8969958     -0.0000000    0.0000734     0.0000233     
8.4800000     1.8969958     -0.0000000    0.0000727     0.0000231     
8.4900000     1.8969958     -0.0000000    0.0000720     0.0000228     
8.5000000     1.8969958     -0.0000000    0.0000713     0.0000226     
8.5100000     1.8969958     -0.0000000    0.0000706     0.0000224     
8.5200000     1.8969958     -0.0000000    0.0000699     0.0000222     
8.5300000     1.8969958     -0.0000000    0.0000693     0.0000220     
8.5400000     1.8969958     -0.0000000    0.0000686     0.0000217     
8.5500000     1.8969958     -0.0000000    0.0000679     0.0000215     
8.5600000     1.8969958     -0.0000000    0.0000673     0.0000213     
8.5700000     1.8969958     -0.0000000    0.0000666     0.0000211     
8.5800000     1.8969958     -0.0000000    0.0000660     0.0000209     
8.5900000     1.8969958     -0.0000000    0.0000653     0.0000207     
8.6000000     1.8969958     -0.0000000    0.0000647     0.0000205     
8.6100000     1.8969958     -0.0000000    0.0000641     0.0000203     
8.6200000     1.8969958     -0.0000000    0.0000634     0.0000201     
8.6300000     1.8969958     -0.0000000    0.0000628     0.0000199     
8.6400000     1.8969958     -0.0000000    0.0000622     0.0000197     
8.6500000     1.8969958     -0.0000000    0.0000616     0.0000195     
8.6600000     1.8969958     -0.0000000    0.0000610     0.0000193     
8.6700000     1.8969958     -0.0000000    0.0000604     0.0000192     
8.6800000     1.8969958     -0.0000000    0.0000598     0.0000190     
8.6900000     1.8969958     -0.0000000    0.0000593     0.0000188     
8.7000000     1.8969958     -0.0000000    0.0000587     0.0000186     
8.7100000     1.8969958     -0.0000000    0.0000581     0.0000184     
8.7200000     1.8969958     -0.0000000    0.0000576     0.0000182     
8.7300000     1.8969958     -0.0000000    0.0000570     0.0000181     
8.7400000     1.8969958     -0.0000000    0.0000564     0.0000179     
8.7500000     1.8969958     -0.0000000    0.0000559     0.0000177     
8.7600000     1.8969958     -0.0000000    0.0000554     0.0000175     
8.7700000     1.8969958     -0.0000000    0.0000548     0.0000174     
8.7800000     1.8969958     -0.0000000    0.0000543     0.0000172     
8.7900000     1.8969958     -0.0000000    0.0000538     0.0000170     
8.8000000     1.8969958     -0.0000000    0.0000532     0.0000169     
8.8100000     1.8969958     -0.0000000    0.0000527     0.0000167     
8.8200000     1.8969958     -0.0000000    0.0000522     0.0000165     
8.8300000     1.8969958     -0.0000000    0.0000517     0.0000164     
8.8400000     1.8969958     -0.0000000    0.0000512     0.0000162     
8.8500000     1.8969958     -0.0000000    0.0000507     0.0000161     
8.8600000     1.8969958     -0.0000000    0.0000502     0.0000159     
8.8700000     1.8969958     -0.0000000    0.0000497     0.0000158     
8.8800000     1.8969958     -0.0000000    0.0000492     0.0000156     
8.8900000     1.8969958     -0.0000000    0.0000488     0.0000155     
8.9000000     1.8969958     -0.0000000    0.0000483     0.0000153     
8.9100000     1.8969958     -0.0000000    0.0000478     0.0000152     
8.9200000     1.8969958     -0.0000000    0.0000474     0.0000150     
8.9300000     1.8969958     -0.0000000    0.0000469     0.0000149     
8.9400000     1.8969958     -0.0000000    0.0000464     0.0000147     
8.9500000     1.8969958     -0.0000000    0.0000460     0.0000146     
8.9600000     1.8969958     -0.0000000    0.0000456     0.0000144     
8.9700000     1.8969958     -0.0000000    0.0000451     0.0000143     
8.9800000     1.8969958     -0.0000000    0.0000447     0.0000142     
8.9900000     1.8969958     -0.0000000    0.0000442     0.0000140     
9.0000000     1.8969958     -0.0000000    0.0000438     0.0000139     
9.0100000     1.8969958     -0.0000000    0.0000434     0.0000137     
9.0200000     1.8969958     -0.0000000    0.0000430     0.0000136     
9.0300000     1.8969958     -0.0000000    0.0000425     0.0000135     
9.0400000     1.8969958     -0.0000000    0.0000421     0.0000133     
9.0500000     1.8969958     -0.0000000    0.0000417     0.0000132     
9.0600000     1.8969958     -0.0000000    0.0000413     0.0000131     
9.0700000     1.8969958     -0.0000000    0.0000409     0.0000130     
9.0800000     1.8969958     -0.0000000    0.0000405     0.0000128     
9.0900000     1.8969958     -0.0000000    0.0000401     0.0000127     
9.1000000     1.8969958     -0.0000000    0.0000397     0.0000126     
9.1100000     1.8969958     -0.0000000    0.0000394     0.0000125     
9.1200000     1.8969958     -0.0000000    0.0000390     0.0000123     
9.1300000     1.8969958     -0.0000000    0.0000386     0.0000122     
9.1400000     1.8969958     -0.0000000    0.0000382     0.0000121     
9.1500000     1.8969958     -0.0000000    0.0000379     0.0000120     
9.1600000     1.8969958     -0.0000000    0.0000375     0.0000119     
9.1700000     1.8969958     -0.0000000    0.0000371     0.0000118     
9.1800000     1.8969958     -0.0000000    0.0000368     0.0000116     
9.1900000     1.8969958     -0.0000000    0.0000364     0.0000115     
9.2000000     1.8969958     -0.0000000    0.0000360     0.0000114     
9.2100000     1.8969958     -0.0000000    0.0000357     0.0000113     
9.2200000     1.8969958     -0.0000000    0.0000354     0.0000112     
9.2300000     1.8969958     -0.0000000    0.0000350     0.0000111     
9.2400000     1.8969958     -0.0000000    0.0000347     0.0000110     
9.2500000     1.8969958     -0.0000000    0.0000343     0.0000109     
9.2600000     1.8969958     -0.0000000    0.0000340     0.0000108     
9.2700000     1.8969958     -0.0000000    0.0000337     0.0000107     
9.2800000     1.8969958     -0.0000000    0.0000333     0.0000106     
9.2900000     1.8969958     -0.0000000    0.0000330     0.0000105     
9.3000000     1.8969958     -0.0000000    0.0000327     0.0000104     
9.3100000     1.8969958     -0.0000000    0.0000324     0.0000103     
9.3200000     1.8969958     -0.0000000    0.0000321     0.0000102     
9.3300000     1.8969958     -0.0000000    0.0000318     0.0000101     
9.3400000     1.8969958     -0.0000000    0.0000315     0.0000100     
9.3500000     1.8969958     -0.0000000    0.0000311     0.0000099     
9.3600000     1.8969958     -0.0000000    0.0000308     0.0000098     
9.3700000     1.8969958     -0.0000000    0.0000305     0.0000097     
9.3800000     1.8969958     -0.0000000    0.0000302     0.0000096     
9.3900000     1.8969958     -0.0000000    0.0000300     0.0000095     
9.4000000     1.8969958     -0.0000000    0.0000297     0.0000094     
9.4100000     1.8969958     -0.0000000    0.0000294     0.0000093     
9.4200000     1.8969958     -0.0000000    0.0000291     0.0000092     
9.4300000     1.8969958     -0.0000000    0.0000288     0.0000091     
9.4400000     1.8969958     -0.0000000    0.0000285     0.0000090     
9.4500000     1.8969958     -0.0000000    0.0000283     0.0000089     
9.4600000     1.8969958     -0.0000000    0.0000280     0.0000089     
9.4700000     1.8969958     -0.0000000    0.0000277     0.0000088     
9.4800000     1.8969958     -0.0000000    0.0000274     0.0000087     
9.4900000     1.8969958     -0.0000000    0.0000272     0.0000086     
9.5000000     1.8969958     -0.0000000    0.0000269     0.0000085     
9.5100000     1.8969958     -0.0000000    0.0000266     0.0000084     
9.5200000     1.8969958     -0.0000000    0.0000264     0.0000084     
9.5300000     1.8969958     -0.0000000    0.0000261     0.0000083     
9.5400000     1.8969958     -0.0000000    0.0000259     0.0000082     
9.5500000     1.8969958     -0.0000000    0.0000256     0.0000081     
9.5600000     1.8969958     -0.0000000    0.0000254     0.0000080     
9.5700000     1.8969958     -0.0000000    0.0000251     0.0000080     
9.5800000     1.8969958     -0.0000000    0.0000249     0.0000079     
9.5900000     1.8969958     -0.0000000    0.0000246     0.0000078     
9.6000000     1.8969958     -0.0000000    0.0000244     0.0000077     
9.6100000     1.8969958     -0.0000000    0.0000242     0.0000077     
9.6200000     1.8969958     -0.0000000    0.0000239     0.0000076     
9.6300000     1.8969958     -0.0000000    0.0000237     0.0000075     
9.6400000     1.8969958     -0.0000000    0.0000235     0.0000074     
9.6500000     1.8969958     -0.0000000    0.0000232     0.0000074     
9.6600000     1.8969958     -0.0000000    0.0000230     0.0000073     
9.6700000     1.8969958     -0.0000000    0.0000228     0.0000072     
9.6800000     1.8969958     -0.0000000    0.0000226     0.0000071     
9.6900000     1.8969958     -0.0000000    0.0000224     0.0000071     
9.7000000     1.8969958     -0.0000000    0.0000221     0.0000070     
9.7100000     1.8969958     -0.0000000    0.0000219     0.0000069     
9.7200000     1.8969958     -0.0000000    0.0000217     0.0000069     
9.7300000     1.8969958     -0.0000000    0.0000215     0.0000068     
9.7400000     1.8969958     -0.0000000    0.0000213     0.0000067     
9.7500000     1.8969958     -0.0000000    0.0000211     0.0000067     
9.7600000     1.8969958     -0.0000000    0.0000209     0.0000066     
9.7700000     1.8969958     -0.0000000    0.0000207     0.0000065     
9.7800000     1.8969958     -0.0000000    0.0000205     0.0000065     
9.7900000     1.8969958     -0.0000000    0.0000203     0.0000064     
9.8000000     1.8969958     -0.0000000    0.0000201     0.0000064     
9.8100000     1.8969958     -0.0000000    0.0000199     0.0000063     
9.8200000     1.8969958     -0.0000000    0.0000197     0.0000062     
9.8300000     1.8969958     -0.0000000    0.0000195     0.0000062     
9.8400000     1.8969958     -0.0000000    0.0000193     0.0000061     
9.8500000     1.8969958     -0.0000000    0.0000191     0.0000061     
9.8600000     1.8969958     -0.0000000    0.0000189     0.0000060     
9.8700000     1.8969958     -0.0000000    0.0000188     0.0000059     
9.8800000     1.8969958     -0.0000000    0.0000186     0.0000059     
9.8900000     1.8969958     -0.0000000    0.0000184     0.0000058     
9.9000000     1.8969958     -0.0000000    0.0000182     0.0000058     
9.9100000     1.8969958     -0.0000000    0.0000180     0.0000057     
9.9200000     1.8969958     -0.0000000    0.0000179     0.0000057     
9.9300000     1.8969958     -0.0000000    0.0000177     0.0000056     
9.9400000     1.8969958     -0.0000000    0.0000175     0.0000055     
9.9500000     1.8969958     -0.0000000    0.0000174     0.0000055     
9.9600000     1.8969958     -0.0000000    0.0000172     0.0000054     
9.9700000     1.8969958     -0.0000000    0.0000170     0.0000054     
9.9800000     1.8969958     -0.0000000    0.0000169     0.0000053     
9.9900000     1.8969958     -0.0000000    0.0000167     0.0000053     
10.0000000    1.8969958     -0.0000000    0.0000165     0.0000052     
