#   delta = 1.000, g = 0.200, ds = 0.100
#   s             E             dE       ||Gammaod||    ||eta2B||    

0.0000000     1.8000000     -0.0233333    0.5656854     0.1795055     
0.1000000     1.7977766     -0.0211343    0.5124375     0.1795055     
0.2000000     1.7959522     -0.0173423    0.4642321     0.1625968     
0.3000000     1.7944551     -0.0142320    0.4205841     0.1472829     
0.4000000     1.7932264     -0.0116803    0.3810568     0.1334131     
0.5000000     1.7922180     -0.0095868    0.3452567     0.1208507     
0.6000000     1.7913903     -0.0078688    0.3128294     0.1094724     
0.7000000     1.7907108     -0.0064590    0.2834546     0.0991663     
0.8000000     1.7901531     -0.0053020    0.2568432     0.0898312     
0.9000000     1.7896953     -0.0043523    0.2327339     0.0813754     
1.0000000     1.7893195     -0.0035729    0.2108906     0.0737162     
1.1000000     1.7890110     -0.0029330    0.1910994     0.0667783     
1.2000000     1.7887577     -0.0024079    0.1731671     0.0604937     
1.3000000     1.7885498     -0.0019767    0.1569187     0.0548009     
1.4000000     1.7883791     -0.0016228    0.1421957     0.0496441     
1.5000000     1.7882390     -0.0013323    0.1288547     0.0449728     
1.6000000     1.7881240     -0.0010938    0.1167658     0.0407412     
1.7000000     1.7880295     -0.0008980    0.1058114     0.0369080     
1.8000000     1.7879520     -0.0007372    0.0958849     0.0334355     
1.9000000     1.7878883     -0.0006053    0.0868899     0.0302899     
2.0000000     1.7878360     -0.0004969    0.0787388     0.0274404     
2.1000000     1.7877931     -0.0004080    0.0713524     0.0248590     
2.2000000     1.7877579     -0.0003349    0.0646590     0.0225205     
2.3000000     1.7877290     -0.0002750    0.0585935     0.0204021     
2.4000000     1.7877052     -0.0002258    0.0530971     0.0184830     
2.5000000     1.7876857     -0.0001854    0.0481162     0.0167445     
2.6000000     1.7876697     -0.0001522    0.0436026     0.0151696     
2.7000000     1.7876566     -0.0001250    0.0395124     0.0137429     
2.8000000     1.7876458     -0.0001026    0.0358059     0.0124503     
2.9000000     1.7876369     -0.0000842    0.0324471     0.0112794     
3.0000000     1.7876297     -0.0000692    0.0294033     0.0102186     
3.1000000     1.7876237     -0.0000568    0.0266451     0.0092577     
3.2000000     1.7876188     -0.0000466    0.0241456     0.0083871     
3.3000000     1.7876148     -0.0000383    0.0218806     0.0075984     
3.4000000     1.7876115     -0.0000314    0.0198280     0.0068839     
3.5000000     1.7876087     -0.0000258    0.0179680     0.0062366     
3.6000000     1.7876065     -0.0000212    0.0162825     0.0056502     
3.7000000     1.7876047     -0.0000174    0.0147550     0.0051189     
3.8000000     1.7876032     -0.0000143    0.0133709     0.0046376     
3.9000000     1.7876020     -0.0000117    0.0121166     0.0042016     
4.0000000     1.7876009     -0.0000096    0.0109799     0.0038065     
4.1000000     1.7876001     -0.0000079    0.0099499     0.0034487     
4.2000000     1.7875994     -0.0000065    0.0090165     0.0031244     
4.3000000     1.7875989     -0.0000053    0.0081706     0.0028307     
4.4000000     1.7875984     -0.0000044    0.0074041     0.0025646     
4.5000000     1.7875980     -0.0000036    0.0067095     0.0023235     
4.6000000     1.7875977     -0.0000029    0.0060801     0.0021051     
4.7000000     1.7875975     -0.0000024    0.0055097     0.0019072     
4.8000000     1.7875973     -0.0000020    0.0049928     0.0017279     
4.9000000     1.7875971     -0.0000016    0.0045244     0.0015655     
5.0000000     1.7875969     -0.0000013    0.0041000     0.0014183     
5.1000000     1.7875968     -0.0000011    0.0037153     0.0012850     
5.2000000     1.7875967     -0.0000009    0.0033668     0.0011642     
5.3000000     1.7875967     -0.0000007    0.0030509     0.0010548     
5.4000000     1.7875966     -0.0000006    0.0027647     0.0009557     
5.5000000     1.7875965     -0.0000005    0.0025053     0.0008658     
5.6000000     1.7875965     -0.0000004    0.0022703     0.0007845     
5.7000000     1.7875965     -0.0000003    0.0020573     0.0007107     
5.8000000     1.7875964     -0.0000003    0.0018643     0.0006439     
5.9000000     1.7875964     -0.0000002    0.0016894     0.0005834     
6.0000000     1.7875964     -0.0000002    0.0015309     0.0005286     
6.1000000     1.7875964     -0.0000002    0.0013873     0.0004789     
6.2000000     1.7875964     -0.0000001    0.0012571     0.0004339     
6.3000000     1.7875964     -0.0000001    0.0011392     0.0003931     
6.4000000     1.7875963     -0.0000001    0.0010323     0.0003562     
6.5000000     1.7875963     -0.0000001    0.0009354     0.0003227     
6.6000000     1.7875963     -0.0000001    0.0008477     0.0002924     
6.7000000     1.7875963     -0.0000000    0.0007681     0.0002649     
6.8000000     1.7875963     -0.0000000    0.0006961     0.0002400     
6.9000000     1.7875963     -0.0000000    0.0006308     0.0002175     
7.0000000     1.7875963     -0.0000000    0.0005716     0.0001970     
7.1000000     1.7875963     -0.0000000    0.0005180     0.0001785     
7.2000000     1.7875963     -0.0000000    0.0004694     0.0001617     
7.3000000     1.7875963     -0.0000000    0.0004253     0.0001465     
7.4000000     1.7875963     -0.0000000    0.0003854     0.0001328     
7.5000000     1.7875963     -0.0000000    0.0003493     0.0001203     
7.6000000     1.7875963     -0.0000000    0.0003165     0.0001090     
7.7000000     1.7875963     -0.0000000    0.0002868     0.0000988     
7.8000000     1.7875963     -0.0000000    0.0002599     0.0000895     
7.9000000     1.7875963     -0.0000000    0.0002355     0.0000811     
8.0000000     1.7875963     -0.0000000    0.0002134     0.0000735     
8.1000000     1.7875963     -0.0000000    0.0001934     0.0000666     
8.2000000     1.7875963     -0.0000000    0.0001752     0.0000603     
8.3000000     1.7875963     -0.0000000    0.0001588     0.0000546     
8.4000000     1.7875963     -0.0000000    0.0001439     0.0000495     
8.5000000     1.7875963     -0.0000000    0.0001304     0.0000449     
8.6000000     1.7875963     -0.0000000    0.0001182     0.0000406     
8.7000000     1.7875963     -0.0000000    0.0001071     0.0000368     
8.8000000     1.7875963     -0.0000000    0.0000970     0.0000334     
8.9000000     1.7875963     -0.0000000    0.0000879     0.0000302     
9.0000000     1.7875963     -0.0000000    0.0000797     0.0000274     
9.1000000     1.7875963     -0.0000000    0.0000722     0.0000248     
9.2000000     1.7875963     -0.0000000    0.0000654     0.0000225     
9.3000000     1.7875963     -0.0000000    0.0000593     0.0000204     
9.4000000     1.7875963     -0.0000000    0.0000537     0.0000185     
9.5000000     1.7875963     -0.0000000    0.0000487     0.0000167     
9.6000000     1.7875963     -0.0000000    0.0000441     0.0000152     
9.7000000     1.7875963     -0.0000000    0.0000400     0.0000137     
9.8000000     1.7875963     -0.0000000    0.0000362     0.0000124     
9.9000000     1.7875963     -0.0000000    0.0000328     0.0000113     
10.0000000    1.7875963     -0.0000000    0.0000297     0.0000102     
