#   delta = 1.000, g = 0.200, ds = 0.010
#   s             E             dE       ||Gammaod||    ||eta2B||    

0.0000000     1.8000000     -0.0233333    0.5656854     0.1795055     
0.0100000     1.7997678     -0.0231133    0.5603588     0.1795055     
0.0200000     1.7995399     -0.0226800    0.5550826     0.1778145     
0.0300000     1.7993163     -0.0222547    0.5498566     0.1761395     
0.0400000     1.7990969     -0.0218375    0.5446801     0.1744803     
0.0500000     1.7988816     -0.0214281    0.5395526     0.1728367     
0.0600000     1.7986703     -0.0210264    0.5344738     0.1712087     
0.0700000     1.7984630     -0.0206323    0.5294432     0.1695960     
0.0800000     1.7982596     -0.0202455    0.5244601     0.1679985     
0.0900000     1.7980600     -0.0198661    0.5195244     0.1664161     
0.1000000     1.7978641     -0.0194937    0.5146353     0.1648486     
0.1100000     1.7976719     -0.0191284    0.5097926     0.1632959     
0.1200000     1.7974833     -0.0187699    0.5049957     0.1617579     
0.1300000     1.7972983     -0.0184182    0.5002442     0.1602343     
0.1400000     1.7971167     -0.0180730    0.4955378     0.1587251     
0.1500000     1.7969385     -0.0177344    0.4908758     0.1572302     
0.1600000     1.7967636     -0.0174021    0.4862580     0.1557493     
0.1700000     1.7965921     -0.0170760    0.4816839     0.1542824     
0.1800000     1.7964237     -0.0167561    0.4771530     0.1528294     
0.1900000     1.7962585     -0.0164421    0.4726650     0.1513900     
0.2000000     1.7960964     -0.0161341    0.4682194     0.1499643     
0.2100000     1.7959373     -0.0158318    0.4638159     0.1485519     
0.2200000     1.7957812     -0.0155353    0.4594540     0.1471529     
0.2300000     1.7956281     -0.0152443    0.4551333     0.1457671     
0.2400000     1.7954778     -0.0149587    0.4508535     0.1443944     
0.2500000     1.7953303     -0.0146785    0.4466141     0.1430345     
0.2600000     1.7951856     -0.0144036    0.4424147     0.1416876     
0.2700000     1.7950436     -0.0141338    0.4382551     0.1403533     
0.2800000     1.7949042     -0.0138691    0.4341347     0.1390316     
0.2900000     1.7947675     -0.0136093    0.4300532     0.1377223     
0.3000000     1.7946333     -0.0133545    0.4260103     0.1364254     
0.3100000     1.7945016     -0.0131044    0.4220056     0.1351407     
0.3200000     1.7943724     -0.0128590    0.4180387     0.1338681     
0.3300000     1.7942456     -0.0126182    0.4141092     0.1326076     
0.3400000     1.7941212     -0.0123819    0.4102168     0.1313589     
0.3500000     1.7939992     -0.0121501    0.4063611     0.1301220     
0.3600000     1.7938794     -0.0119226    0.4025419     0.1288967     
0.3700000     1.7937618     -0.0116993    0.3987586     0.1276830     
0.3800000     1.7936465     -0.0114803    0.3950111     0.1264807     
0.3900000     1.7935333     -0.0112653    0.3912989     0.1252898     
0.4000000     1.7934222     -0.0110544    0.3876217     0.1241101     
0.4100000     1.7933132     -0.0108475    0.3839792     0.1229415     
0.4200000     1.7932063     -0.0106444    0.3803711     0.1217839     
0.4300000     1.7931013     -0.0104451    0.3767970     0.1206372     
0.4400000     1.7929983     -0.0102496    0.3732566     0.1195014     
0.4500000     1.7928973     -0.0100577    0.3697495     0.1183762     
0.4600000     1.7927981     -0.0098694    0.3662756     0.1172617     
0.4700000     1.7927008     -0.0096847    0.3628343     0.1161576     
0.4800000     1.7926053     -0.0095034    0.3594255     0.1150640     
0.4900000     1.7925116     -0.0093255    0.3560489     0.1139806     
0.5000000     1.7924197     -0.0091510    0.3527040     0.1129075     
0.5100000     1.7923295     -0.0089797    0.3493907     0.1118445     
0.5200000     1.7922409     -0.0088116    0.3461086     0.1107915     
0.5300000     1.7921541     -0.0086467    0.3428574     0.1097484     
0.5400000     1.7920688     -0.0084849    0.3396368     0.1087152     
0.5500000     1.7919852     -0.0083261    0.3364466     0.1076917     
0.5600000     1.7919031     -0.0081703    0.3332864     0.1066778     
0.5700000     1.7918225     -0.0080174    0.3301560     0.1056735     
0.5800000     1.7917435     -0.0078673    0.3270551     0.1046786     
0.5900000     1.7916659     -0.0077201    0.3239833     0.1036932     
0.6000000     1.7915898     -0.0075756    0.3209405     0.1027170     
0.6100000     1.7915151     -0.0074339    0.3179263     0.1017500     
0.6200000     1.7914418     -0.0072947    0.3149406     0.1007921     
0.6300000     1.7913699     -0.0071582    0.3119829     0.0998432     
0.6400000     1.7912993     -0.0070243    0.3090530     0.0989033     
0.6500000     1.7912300     -0.0068929    0.3061508     0.0979723     
0.6600000     1.7911621     -0.0067639    0.3032758     0.0970500     
0.6700000     1.7910954     -0.0066373    0.3004280     0.0961364     
0.6800000     1.7910300     -0.0065131    0.2976069     0.0952314     
0.6900000     1.7909657     -0.0063913    0.2948123     0.0943349     
0.7000000     1.7909027     -0.0062717    0.2920441     0.0934469     
0.7100000     1.7908409     -0.0061543    0.2893019     0.0925672     
0.7200000     1.7907802     -0.0060392    0.2865855     0.0916958     
0.7300000     1.7907207     -0.0059262    0.2838947     0.0908327     
0.7400000     1.7906622     -0.0058153    0.2812292     0.0899777     
0.7500000     1.7906049     -0.0057065    0.2785887     0.0891307     
0.7600000     1.7905486     -0.0055998    0.2759731     0.0882917     
0.7700000     1.7904934     -0.0054950    0.2733821     0.0874606     
0.7800000     1.7904392     -0.0053922    0.2708155     0.0866373     
0.7900000     1.7903861     -0.0052913    0.2682730     0.0858218     
0.8000000     1.7903339     -0.0051923    0.2657544     0.0850140     
0.8100000     1.7902827     -0.0050952    0.2632595     0.0842138     
0.8200000     1.7902325     -0.0049999    0.2607880     0.0834211     
0.8300000     1.7901832     -0.0049064    0.2583399     0.0826359     
0.8400000     1.7901348     -0.0048146    0.2559147     0.0818580     
0.8500000     1.7900873     -0.0047245    0.2535123     0.0810876     
0.8600000     1.7900408     -0.0046361    0.2511325     0.0803243     
0.8700000     1.7899951     -0.0045494    0.2487751     0.0795683     
0.8800000     1.7899502     -0.0044643    0.2464398     0.0788193     
0.8900000     1.7899062     -0.0043808    0.2441265     0.0780775     
0.9000000     1.7898630     -0.0042989    0.2418350     0.0773426     
0.9100000     1.7898206     -0.0042185    0.2395650     0.0766146     
0.9200000     1.7897790     -0.0041396    0.2373163     0.0758935     
0.9300000     1.7897382     -0.0040621    0.2350888     0.0751792     
0.9400000     1.7896981     -0.0039861    0.2328821     0.0744716     
0.9500000     1.7896588     -0.0039116    0.2306963     0.0737707     
0.9600000     1.7896203     -0.0038384    0.2285310     0.0730764     
0.9700000     1.7895824     -0.0037666    0.2263860     0.0723886     
0.9800000     1.7895453     -0.0036962    0.2242612     0.0717073     
0.9900000     1.7895089     -0.0036271    0.2221563     0.0710324     
1.0000000     1.7894731     -0.0035592    0.2200713     0.0703638     
1.0100000     1.7894380     -0.0034927    0.2180058     0.0697016     
1.0200000     1.7894036     -0.0034273    0.2159597     0.0690456     
1.0300000     1.7893698     -0.0033632    0.2139329     0.0683958     
1.0400000     1.7893366     -0.0033003    0.2119251     0.0677521     
1.0500000     1.7893041     -0.0032386    0.2099361     0.0671144     
1.0600000     1.7892721     -0.0031780    0.2079659     0.0664828     
1.0700000     1.7892408     -0.0031186    0.2060141     0.0658571     
1.0800000     1.7892101     -0.0030603    0.2040807     0.0652373     
1.0900000     1.7891799     -0.0030030    0.2021655     0.0646233     
1.1000000     1.7891503     -0.0029469    0.2002682     0.0640152     
1.1100000     1.7891212     -0.0028918    0.1983888     0.0634127     
1.1200000     1.7890927     -0.0028377    0.1965270     0.0628159     
1.1300000     1.7890647     -0.0027846    0.1946827     0.0622248     
1.1400000     1.7890373     -0.0027326    0.1928558     0.0616392     
1.1500000     1.7890103     -0.0026814    0.1910460     0.0610591     
1.1600000     1.7889839     -0.0026313    0.1892532     0.0604845     
1.1700000     1.7889580     -0.0025821    0.1874772     0.0599153     
1.1800000     1.7889325     -0.0025338    0.1857179     0.0593514     
1.1900000     1.7889075     -0.0024864    0.1839751     0.0587929     
1.2000000     1.7888830     -0.0024399    0.1822487     0.0582396     
1.2100000     1.7888589     -0.0023943    0.1805386     0.0576915     
1.2200000     1.7888353     -0.0023495    0.1788444     0.0571486     
1.2300000     1.7888122     -0.0023056    0.1771662     0.0566108     
1.2400000     1.7887894     -0.0022625    0.1755038     0.0560781     
1.2500000     1.7887671     -0.0022202    0.1738569     0.0555503     
1.2600000     1.7887452     -0.0021787    0.1722255     0.0550276     
1.2700000     1.7887238     -0.0021379    0.1706095     0.0545098     
1.2800000     1.7887027     -0.0020979    0.1690086     0.0539968     
1.2900000     1.7886820     -0.0020587    0.1674227     0.0534887     
1.3000000     1.7886617     -0.0020202    0.1658518     0.0529853     
1.3100000     1.7886418     -0.0019824    0.1642956     0.0524867     
1.3200000     1.7886222     -0.0019454    0.1627540     0.0519928     
1.3300000     1.7886031     -0.0019090    0.1612268     0.0515036     
1.3400000     1.7885842     -0.0018733    0.1597140     0.0510189     
1.3500000     1.7885658     -0.0018383    0.1582155     0.0505388     
1.3600000     1.7885476     -0.0018039    0.1567309     0.0500633     
1.3700000     1.7885299     -0.0017702    0.1552604     0.0495922     
1.3800000     1.7885124     -0.0017371    0.1538036     0.0491255     
1.3900000     1.7884953     -0.0017046    0.1523605     0.0486633     
1.4000000     1.7884785     -0.0016727    0.1509309     0.0482053     
1.4100000     1.7884620     -0.0016414    0.1495148     0.0477517     
1.4200000     1.7884458     -0.0016108    0.1481120     0.0473024     
1.4300000     1.7884299     -0.0015806    0.1467223     0.0468573     
1.4400000     1.7884143     -0.0015511    0.1453457     0.0464164     
1.4500000     1.7883990     -0.0015221    0.1439820     0.0459796     
1.4600000     1.7883840     -0.0014936    0.1426311     0.0455470     
1.4700000     1.7883693     -0.0014657    0.1412929     0.0451184     
1.4800000     1.7883549     -0.0014383    0.1399672     0.0446939     
1.4900000     1.7883407     -0.0014114    0.1386540     0.0442733     
1.5000000     1.7883268     -0.0013850    0.1373531     0.0438568     
1.5100000     1.7883131     -0.0013591    0.1360644     0.0434441     
1.5200000     1.7882997     -0.0013337    0.1347878     0.0430353     
1.5300000     1.7882865     -0.0013088    0.1335232     0.0426304     
1.5400000     1.7882736     -0.0012843    0.1322705     0.0422293     
1.5500000     1.7882610     -0.0012603    0.1310295     0.0418319     
1.5600000     1.7882486     -0.0012367    0.1298002     0.0414383     
1.5700000     1.7882364     -0.0012136    0.1285824     0.0410484     
1.5800000     1.7882244     -0.0011909    0.1273761     0.0406622     
1.5900000     1.7882127     -0.0011687    0.1261810     0.0402796     
1.6000000     1.7882011     -0.0011468    0.1249972     0.0399006     
1.6100000     1.7881898     -0.0011254    0.1238245     0.0395252     
1.6200000     1.7881787     -0.0011043    0.1226628     0.0391533     
1.6300000     1.7881678     -0.0010837    0.1215120     0.0387849     
1.6400000     1.7881572     -0.0010634    0.1203720     0.0384200     
1.6500000     1.7881467     -0.0010435    0.1192427     0.0380585     
1.6600000     1.7881364     -0.0010240    0.1181240     0.0377004     
1.6700000     1.7881263     -0.0010049    0.1170158     0.0373457     
1.6800000     1.7881164     -0.0009861    0.1159180     0.0369943     
1.6900000     1.7881067     -0.0009677    0.1148305     0.0366463     
1.7000000     1.7880971     -0.0009496    0.1137532     0.0363015     
1.7100000     1.7880878     -0.0009318    0.1126860     0.0359599     
1.7200000     1.7880786     -0.0009144    0.1116288     0.0356216     
1.7300000     1.7880696     -0.0008973    0.1105816     0.0352865     
1.7400000     1.7880607     -0.0008805    0.1095442     0.0349545     
1.7500000     1.7880520     -0.0008641    0.1085165     0.0346256     
1.7600000     1.7880435     -0.0008479    0.1074984     0.0342998     
1.7700000     1.7880351     -0.0008321    0.1064900     0.0339771     
1.7800000     1.7880269     -0.0008165    0.1054909     0.0336575     
1.7900000     1.7880189     -0.0008012    0.1045013     0.0333408     
1.8000000     1.7880110     -0.0007863    0.1035209     0.0330271     
1.8100000     1.7880032     -0.0007716    0.1025497     0.0327164     
1.8200000     1.7879956     -0.0007571    0.1015877     0.0324086     
1.8300000     1.7879882     -0.0007430    0.1006347     0.0321037     
1.8400000     1.7879808     -0.0007291    0.0996906     0.0318017     
1.8500000     1.7879737     -0.0007155    0.0987553     0.0315025     
1.8600000     1.7879666     -0.0007021    0.0978289     0.0312061     
1.8700000     1.7879597     -0.0006890    0.0969111     0.0309125     
1.8800000     1.7879529     -0.0006761    0.0960020     0.0306217     
1.8900000     1.7879462     -0.0006634    0.0951014     0.0303336     
1.9000000     1.7879397     -0.0006510    0.0942092     0.0300482     
1.9100000     1.7879333     -0.0006389    0.0933254     0.0297655     
1.9200000     1.7879270     -0.0006269    0.0924499     0.0294855     
1.9300000     1.7879208     -0.0006152    0.0915826     0.0292081     
1.9400000     1.7879147     -0.0006037    0.0907235     0.0289333     
1.9500000     1.7879088     -0.0005924    0.0898724     0.0286611     
1.9600000     1.7879029     -0.0005813    0.0890293     0.0283915     
1.9700000     1.7878972     -0.0005705    0.0881941     0.0281244     
1.9800000     1.7878916     -0.0005598    0.0873668     0.0278598     
1.9900000     1.7878860     -0.0005493    0.0865472     0.0275977     
2.0000000     1.7878806     -0.0005391    0.0857353     0.0273381     
2.0100000     1.7878753     -0.0005290    0.0849310     0.0270809     
2.0200000     1.7878701     -0.0005191    0.0841342     0.0268261     
2.0300000     1.7878650     -0.0005094    0.0833450     0.0265738     
2.0400000     1.7878600     -0.0004999    0.0825631     0.0263238     
2.0500000     1.7878550     -0.0004905    0.0817886     0.0260761     
2.0600000     1.7878502     -0.0004814    0.0810213     0.0258308     
2.0700000     1.7878454     -0.0004724    0.0802613     0.0255878     
2.0800000     1.7878408     -0.0004635    0.0795083     0.0253471     
2.0900000     1.7878362     -0.0004549    0.0787625     0.0251087     
2.1000000     1.7878317     -0.0004464    0.0780236     0.0248725     
2.1100000     1.7878273     -0.0004380    0.0772917     0.0246385     
2.1200000     1.7878230     -0.0004298    0.0765666     0.0244067     
2.1300000     1.7878188     -0.0004218    0.0758484     0.0241771     
2.1400000     1.7878146     -0.0004139    0.0751368     0.0239497     
2.1500000     1.7878105     -0.0004062    0.0744320     0.0237244     
2.1600000     1.7878065     -0.0003986    0.0737337     0.0235012     
2.1700000     1.7878026     -0.0003911    0.0730421     0.0232801     
2.1800000     1.7877987     -0.0003838    0.0723569     0.0230611     
2.1900000     1.7877950     -0.0003767    0.0716781     0.0228442     
2.2000000     1.7877912     -0.0003696    0.0710057     0.0226293     
2.2100000     1.7877876     -0.0003627    0.0703396     0.0224164     
2.2200000     1.7877840     -0.0003559    0.0696798     0.0222056     
2.2300000     1.7877805     -0.0003493    0.0690261     0.0219967     
2.2400000     1.7877771     -0.0003427    0.0683786     0.0217898     
2.2500000     1.7877737     -0.0003363    0.0677371     0.0215848     
2.2600000     1.7877704     -0.0003300    0.0671017     0.0213817     
2.2700000     1.7877671     -0.0003239    0.0664722     0.0211806     
2.2800000     1.7877639     -0.0003178    0.0658487     0.0209814     
2.2900000     1.7877608     -0.0003119    0.0652310     0.0207840     
2.3000000     1.7877577     -0.0003061    0.0646191     0.0205885     
2.3100000     1.7877547     -0.0003003    0.0640129     0.0203948     
2.3200000     1.7877517     -0.0002947    0.0634124     0.0202030     
2.3300000     1.7877488     -0.0002892    0.0628175     0.0200129     
2.3400000     1.7877460     -0.0002838    0.0622283     0.0198247     
2.3500000     1.7877432     -0.0002785    0.0616445     0.0196382     
2.3600000     1.7877404     -0.0002733    0.0610662     0.0194535     
2.3700000     1.7877378     -0.0002682    0.0604934     0.0192705     
2.3800000     1.7877351     -0.0002632    0.0599259     0.0190892     
2.3900000     1.7877325     -0.0002583    0.0593638     0.0189097     
2.4000000     1.7877300     -0.0002534    0.0588069     0.0187318     
2.4100000     1.7877275     -0.0002487    0.0582553     0.0185556     
2.4200000     1.7877250     -0.0002440    0.0577088     0.0183811     
2.4300000     1.7877226     -0.0002395    0.0571674     0.0182082     
2.4400000     1.7877202     -0.0002350    0.0566312     0.0180369     
2.4500000     1.7877179     -0.0002306    0.0560999     0.0178672     
2.4600000     1.7877157     -0.0002263    0.0555737     0.0176992     
2.4700000     1.7877134     -0.0002221    0.0550524     0.0175327     
2.4800000     1.7877112     -0.0002179    0.0545359     0.0173678     
2.4900000     1.7877091     -0.0002138    0.0540243     0.0172044     
2.5000000     1.7877070     -0.0002098    0.0535176     0.0170426     
2.5100000     1.7877049     -0.0002059    0.0530155     0.0168823     
2.5200000     1.7877029     -0.0002021    0.0525182     0.0167235     
2.5300000     1.7877009     -0.0001983    0.0520255     0.0165662     
2.5400000     1.7876989     -0.0001946    0.0515375     0.0164104     
2.5500000     1.7876970     -0.0001910    0.0510541     0.0162560     
2.5600000     1.7876951     -0.0001874    0.0505751     0.0161031     
2.5700000     1.7876933     -0.0001839    0.0501007     0.0159517     
2.5800000     1.7876915     -0.0001804    0.0496307     0.0158016     
2.5900000     1.7876897     -0.0001771    0.0491652     0.0156530     
2.6000000     1.7876879     -0.0001738    0.0487040     0.0155058     
2.6100000     1.7876862     -0.0001705    0.0482471     0.0153599     
2.6200000     1.7876846     -0.0001673    0.0477945     0.0152155     
2.6300000     1.7876829     -0.0001642    0.0473462     0.0150723     
2.6400000     1.7876813     -0.0001611    0.0469020     0.0149306     
2.6500000     1.7876797     -0.0001581    0.0464621     0.0147901     
2.6600000     1.7876781     -0.0001552    0.0460262     0.0146510     
2.6700000     1.7876766     -0.0001523    0.0455945     0.0145132     
2.6800000     1.7876751     -0.0001494    0.0451667     0.0143767     
2.6900000     1.7876736     -0.0001466    0.0447431     0.0142415     
2.7000000     1.7876722     -0.0001439    0.0443233     0.0141076     
2.7100000     1.7876708     -0.0001412    0.0439076     0.0139749     
2.7200000     1.7876694     -0.0001386    0.0434957     0.0138434     
2.7300000     1.7876680     -0.0001360    0.0430877     0.0137132     
2.7400000     1.7876667     -0.0001334    0.0426835     0.0135842     
2.7500000     1.7876654     -0.0001309    0.0422831     0.0134565     
2.7600000     1.7876641     -0.0001285    0.0418864     0.0133299     
2.7700000     1.7876628     -0.0001261    0.0414935     0.0132046     
2.7800000     1.7876616     -0.0001237    0.0411043     0.0130804     
2.7900000     1.7876603     -0.0001214    0.0407187     0.0129573     
2.8000000     1.7876591     -0.0001191    0.0403367     0.0128355     
2.8100000     1.7876580     -0.0001169    0.0399583     0.0127147     
2.8200000     1.7876568     -0.0001147    0.0395835     0.0125952     
2.8300000     1.7876557     -0.0001126    0.0392122     0.0124767     
2.8400000     1.7876546     -0.0001105    0.0388444     0.0123594     
2.8500000     1.7876535     -0.0001084    0.0384800     0.0122431     
2.8600000     1.7876524     -0.0001064    0.0381190     0.0121280     
2.8700000     1.7876514     -0.0001044    0.0377614     0.0120139     
2.8800000     1.7876503     -0.0001024    0.0374072     0.0119009     
2.8900000     1.7876493     -0.0001005    0.0370563     0.0117890     
2.9000000     1.7876483     -0.0000987    0.0367087     0.0116781     
2.9100000     1.7876474     -0.0000968    0.0363643     0.0115683     
2.9200000     1.7876464     -0.0000950    0.0360232     0.0114595     
2.9300000     1.7876455     -0.0000932    0.0356853     0.0113517     
2.9400000     1.7876446     -0.0000915    0.0353505     0.0112449     
2.9500000     1.7876436     -0.0000898    0.0350189     0.0111392     
2.9600000     1.7876428     -0.0000881    0.0346904     0.0110344     
2.9700000     1.7876419     -0.0000864    0.0343650     0.0109307     
2.9800000     1.7876410     -0.0000848    0.0340426     0.0108279     
2.9900000     1.7876402     -0.0000832    0.0337233     0.0107260     
3.0000000     1.7876394     -0.0000817    0.0334070     0.0106251     
3.0100000     1.7876386     -0.0000802    0.0330936     0.0105252     
3.0200000     1.7876378     -0.0000787    0.0327831     0.0104262     
3.0300000     1.7876370     -0.0000772    0.0324756     0.0103282     
3.0400000     1.7876363     -0.0000758    0.0321710     0.0102310     
3.0500000     1.7876355     -0.0000743    0.0318692     0.0101348     
3.0600000     1.7876348     -0.0000729    0.0315702     0.0100395     
3.0700000     1.7876341     -0.0000716    0.0312741     0.0099451     
3.0800000     1.7876333     -0.0000702    0.0309807     0.0098516     
3.0900000     1.7876327     -0.0000689    0.0306901     0.0097589     
3.1000000     1.7876320     -0.0000676    0.0304022     0.0096671     
3.1100000     1.7876313     -0.0000664    0.0301170     0.0095762     
3.1200000     1.7876307     -0.0000651    0.0298345     0.0094862     
3.1300000     1.7876300     -0.0000639    0.0295546     0.0093970     
3.1400000     1.7876294     -0.0000627    0.0292774     0.0093086     
3.1500000     1.7876288     -0.0000616    0.0290027     0.0092210     
3.1600000     1.7876282     -0.0000604    0.0287307     0.0091343     
3.1700000     1.7876276     -0.0000593    0.0284612     0.0090484     
3.1800000     1.7876270     -0.0000582    0.0281942     0.0089633     
3.1900000     1.7876264     -0.0000571    0.0279297     0.0088790     
3.2000000     1.7876258     -0.0000560    0.0276677     0.0087955     
3.2100000     1.7876253     -0.0000550    0.0274082     0.0087128     
3.2200000     1.7876247     -0.0000539    0.0271511     0.0086309     
3.2300000     1.7876242     -0.0000529    0.0268964     0.0085497     
3.2400000     1.7876237     -0.0000519    0.0266441     0.0084693     
3.2500000     1.7876232     -0.0000510    0.0263941     0.0083897     
3.2600000     1.7876227     -0.0000500    0.0261465     0.0083108     
3.2700000     1.7876222     -0.0000491    0.0259013     0.0082326     
3.2800000     1.7876217     -0.0000482    0.0256583     0.0081552     
3.2900000     1.7876212     -0.0000473    0.0254176     0.0080785     
3.3000000     1.7876208     -0.0000464    0.0251792     0.0080025     
3.3100000     1.7876203     -0.0000455    0.0249430     0.0079273     
3.3200000     1.7876199     -0.0000447    0.0247090     0.0078527     
3.3300000     1.7876194     -0.0000438    0.0244772     0.0077789     
3.3400000     1.7876190     -0.0000430    0.0242476     0.0077057     
3.3500000     1.7876186     -0.0000422    0.0240201     0.0076333     
3.3600000     1.7876181     -0.0000414    0.0237948     0.0075615     
3.3700000     1.7876177     -0.0000406    0.0235716     0.0074904     
3.3800000     1.7876173     -0.0000399    0.0233505     0.0074200     
3.3900000     1.7876169     -0.0000391    0.0231314     0.0073502     
3.4000000     1.7876166     -0.0000384    0.0229144     0.0072811     
3.4100000     1.7876162     -0.0000377    0.0226995     0.0072126     
3.4200000     1.7876158     -0.0000370    0.0224865     0.0071448     
3.4300000     1.7876154     -0.0000363    0.0222756     0.0070776     
3.4400000     1.7876151     -0.0000356    0.0220666     0.0070110     
3.4500000     1.7876147     -0.0000349    0.0218596     0.0069451     
3.4600000     1.7876144     -0.0000343    0.0216546     0.0068798     
3.4700000     1.7876140     -0.0000337    0.0214514     0.0068151     
3.4800000     1.7876137     -0.0000330    0.0212502     0.0067510     
3.4900000     1.7876134     -0.0000324    0.0210509     0.0066875     
3.5000000     1.7876131     -0.0000318    0.0208534     0.0066246     
3.5100000     1.7876128     -0.0000312    0.0206578     0.0065623     
3.5200000     1.7876125     -0.0000306    0.0204640     0.0065006     
3.5300000     1.7876121     -0.0000301    0.0202720     0.0064395     
3.5400000     1.7876119     -0.0000295    0.0200819     0.0063790     
3.5500000     1.7876116     -0.0000289    0.0198935     0.0063190     
3.5600000     1.7876113     -0.0000284    0.0197069     0.0062596     
3.5700000     1.7876110     -0.0000279    0.0195220     0.0062007     
3.5800000     1.7876107     -0.0000273    0.0193389     0.0061424     
3.5900000     1.7876105     -0.0000268    0.0191574     0.0060846     
3.6000000     1.7876102     -0.0000263    0.0189777     0.0060274     
3.6100000     1.7876099     -0.0000258    0.0187997     0.0059707     
3.6200000     1.7876097     -0.0000254    0.0186234     0.0059146     
3.6300000     1.7876094     -0.0000249    0.0184487     0.0058590     
3.6400000     1.7876092     -0.0000244    0.0182756     0.0058039     
3.6500000     1.7876089     -0.0000240    0.0181042     0.0057493     
3.6600000     1.7876087     -0.0000235    0.0179343     0.0056952     
3.6700000     1.7876085     -0.0000231    0.0177661     0.0056417     
3.6800000     1.7876082     -0.0000226    0.0175994     0.0055886     
3.6900000     1.7876080     -0.0000222    0.0174343     0.0055361     
3.7000000     1.7876078     -0.0000218    0.0172708     0.0054840     
3.7100000     1.7876076     -0.0000214    0.0171088     0.0054325     
3.7200000     1.7876074     -0.0000210    0.0169483     0.0053814     
3.7300000     1.7876072     -0.0000206    0.0167893     0.0053308     
3.7400000     1.7876070     -0.0000202    0.0166318     0.0052807     
3.7500000     1.7876068     -0.0000198    0.0164758     0.0052310     
3.7600000     1.7876066     -0.0000195    0.0163212     0.0051818     
3.7700000     1.7876064     -0.0000191    0.0161681     0.0051331     
3.7800000     1.7876062     -0.0000188    0.0160164     0.0050848     
3.7900000     1.7876060     -0.0000184    0.0158662     0.0050370     
3.8000000     1.7876058     -0.0000181    0.0157174     0.0049897     
3.8100000     1.7876056     -0.0000177    0.0155699     0.0049427     
3.8200000     1.7876055     -0.0000174    0.0154239     0.0048963     
3.8300000     1.7876053     -0.0000171    0.0152792     0.0048502     
3.8400000     1.7876051     -0.0000167    0.0151358     0.0048046     
3.8500000     1.7876050     -0.0000164    0.0149938     0.0047595     
3.8600000     1.7876048     -0.0000161    0.0148532     0.0047147     
3.8700000     1.7876046     -0.0000158    0.0147139     0.0046704     
3.8800000     1.7876045     -0.0000155    0.0145758     0.0046265     
3.8900000     1.7876043     -0.0000152    0.0144391     0.0045830     
3.9000000     1.7876042     -0.0000150    0.0143036     0.0045399     
3.9100000     1.7876040     -0.0000147    0.0141695     0.0044972     
3.9200000     1.7876039     -0.0000144    0.0140365     0.0044549     
3.9300000     1.7876038     -0.0000141    0.0139049     0.0044130     
3.9400000     1.7876036     -0.0000139    0.0137744     0.0043715     
3.9500000     1.7876035     -0.0000136    0.0136452     0.0043304     
3.9600000     1.7876033     -0.0000134    0.0135172     0.0042897     
3.9700000     1.7876032     -0.0000131    0.0133904     0.0042494     
3.9800000     1.7876031     -0.0000129    0.0132648     0.0042094     
3.9900000     1.7876030     -0.0000126    0.0131404     0.0041698     
4.0000000     1.7876028     -0.0000124    0.0130171     0.0041306     
4.0100000     1.7876027     -0.0000122    0.0128950     0.0040918     
4.0200000     1.7876026     -0.0000119    0.0127740     0.0040533     
4.0300000     1.7876025     -0.0000117    0.0126542     0.0040152     
4.0400000     1.7876024     -0.0000115    0.0125355     0.0039774     
4.0500000     1.7876022     -0.0000113    0.0124179     0.0039401     
4.0600000     1.7876021     -0.0000111    0.0123014     0.0039030     
4.0700000     1.7876020     -0.0000108    0.0121860     0.0038663     
4.0800000     1.7876019     -0.0000106    0.0120717     0.0038300     
4.0900000     1.7876018     -0.0000104    0.0119584     0.0037939     
4.1000000     1.7876017     -0.0000103    0.0118462     0.0037583     
4.1100000     1.7876016     -0.0000101    0.0117351     0.0037229     
4.1200000     1.7876015     -0.0000099    0.0116250     0.0036879     
4.1300000     1.7876014     -0.0000097    0.0115160     0.0036533     
4.1400000     1.7876013     -0.0000095    0.0114079     0.0036189     
4.1500000     1.7876012     -0.0000093    0.0113009     0.0035849     
4.1600000     1.7876011     -0.0000092    0.0111949     0.0035512     
4.1700000     1.7876010     -0.0000090    0.0110899     0.0035178     
4.1800000     1.7876009     -0.0000088    0.0109859     0.0034847     
4.1900000     1.7876009     -0.0000087    0.0108828     0.0034520     
4.2000000     1.7876008     -0.0000085    0.0107807     0.0034195     
4.2100000     1.7876007     -0.0000083    0.0106796     0.0033874     
4.2200000     1.7876006     -0.0000082    0.0105794     0.0033555     
4.2300000     1.7876005     -0.0000080    0.0104801     0.0033240     
4.2400000     1.7876005     -0.0000079    0.0103818     0.0032927     
4.2500000     1.7876004     -0.0000077    0.0102844     0.0032618     
4.2600000     1.7876003     -0.0000076    0.0101880     0.0032311     
4.2700000     1.7876002     -0.0000074    0.0100924     0.0032007     
4.2800000     1.7876001     -0.0000073    0.0099977     0.0031706     
4.2900000     1.7876001     -0.0000072    0.0099039     0.0031408     
4.3000000     1.7876000     -0.0000070    0.0098110     0.0031113     
4.3100000     1.7875999     -0.0000069    0.0097190     0.0030820     
4.3200000     1.7875999     -0.0000068    0.0096278     0.0030530     
4.3300000     1.7875998     -0.0000066    0.0095375     0.0030243     
4.3400000     1.7875997     -0.0000065    0.0094480     0.0029959     
4.3500000     1.7875997     -0.0000064    0.0093594     0.0029677     
4.3600000     1.7875996     -0.0000063    0.0092716     0.0029398     
4.3700000     1.7875995     -0.0000062    0.0091846     0.0029122     
4.3800000     1.7875995     -0.0000060    0.0090984     0.0028848     
4.3900000     1.7875994     -0.0000059    0.0090131     0.0028577     
4.4000000     1.7875994     -0.0000058    0.0089285     0.0028308     
4.4100000     1.7875993     -0.0000057    0.0088448     0.0028042     
4.4200000     1.7875993     -0.0000056    0.0087618     0.0027779     
4.4300000     1.7875992     -0.0000055    0.0086796     0.0027517     
4.4400000     1.7875991     -0.0000054    0.0085982     0.0027259     
4.4500000     1.7875991     -0.0000053    0.0085175     0.0027002     
4.4600000     1.7875990     -0.0000052    0.0084376     0.0026749     
4.4700000     1.7875990     -0.0000051    0.0083585     0.0026497     
4.4800000     1.7875989     -0.0000050    0.0082801     0.0026248     
4.4900000     1.7875989     -0.0000049    0.0082024     0.0026001     
4.5000000     1.7875988     -0.0000048    0.0081254     0.0025757     
4.5100000     1.7875988     -0.0000047    0.0080492     0.0025515     
4.5200000     1.7875987     -0.0000046    0.0079737     0.0025275     
4.5300000     1.7875987     -0.0000046    0.0078989     0.0025037     
4.5400000     1.7875987     -0.0000045    0.0078248     0.0024802     
4.5500000     1.7875986     -0.0000044    0.0077514     0.0024569     
4.5600000     1.7875986     -0.0000043    0.0076787     0.0024338     
4.5700000     1.7875985     -0.0000042    0.0076066     0.0024109     
4.5800000     1.7875985     -0.0000041    0.0075353     0.0023882     
4.5900000     1.7875984     -0.0000041    0.0074646     0.0023658     
4.6000000     1.7875984     -0.0000040    0.0073946     0.0023435     
4.6100000     1.7875984     -0.0000039    0.0073252     0.0023215     
4.6200000     1.7875983     -0.0000038    0.0072565     0.0022997     
4.6300000     1.7875983     -0.0000038    0.0071884     0.0022781     
4.6400000     1.7875983     -0.0000037    0.0071210     0.0022566     
4.6500000     1.7875982     -0.0000036    0.0070542     0.0022354     
4.6600000     1.7875982     -0.0000036    0.0069880     0.0022144     
4.6700000     1.7875981     -0.0000035    0.0069224     0.0021936     
4.6800000     1.7875981     -0.0000034    0.0068575     0.0021730     
4.6900000     1.7875981     -0.0000034    0.0067932     0.0021525     
4.7000000     1.7875980     -0.0000033    0.0067294     0.0021323     
4.7100000     1.7875980     -0.0000032    0.0066663     0.0021123     
4.7200000     1.7875980     -0.0000032    0.0066038     0.0020924     
4.7300000     1.7875979     -0.0000031    0.0065418     0.0020727     
4.7400000     1.7875979     -0.0000031    0.0064805     0.0020532     
4.7500000     1.7875979     -0.0000030    0.0064197     0.0020339     
4.7600000     1.7875979     -0.0000030    0.0063594     0.0020148     
4.7700000     1.7875978     -0.0000029    0.0062998     0.0019959     
4.7800000     1.7875978     -0.0000028    0.0062407     0.0019771     
4.7900000     1.7875978     -0.0000028    0.0061821     0.0019585     
4.8000000     1.7875977     -0.0000027    0.0061241     0.0019401     
4.8100000     1.7875977     -0.0000027    0.0060667     0.0019219     
4.8200000     1.7875977     -0.0000026    0.0060098     0.0019038     
4.8300000     1.7875977     -0.0000026    0.0059534     0.0018859     
4.8400000     1.7875976     -0.0000025    0.0058975     0.0018682     
4.8500000     1.7875976     -0.0000025    0.0058422     0.0018506     
4.8600000     1.7875976     -0.0000024    0.0057874     0.0018332     
4.8700000     1.7875976     -0.0000024    0.0057331     0.0018160     
4.8800000     1.7875975     -0.0000024    0.0056793     0.0017989     
4.8900000     1.7875975     -0.0000023    0.0056261     0.0017820     
4.9000000     1.7875975     -0.0000023    0.0055733     0.0017653     
4.9100000     1.7875975     -0.0000022    0.0055210     0.0017487     
4.9200000     1.7875975     -0.0000022    0.0054692     0.0017322     
4.9300000     1.7875974     -0.0000021    0.0054179     0.0017159     
4.9400000     1.7875974     -0.0000021    0.0053671     0.0016998     
4.9500000     1.7875974     -0.0000021    0.0053167     0.0016838     
4.9600000     1.7875974     -0.0000020    0.0052668     0.0016680     
4.9700000     1.7875973     -0.0000020    0.0052174     0.0016523     
4.9800000     1.7875973     -0.0000019    0.0051685     0.0016368     
4.9900000     1.7875973     -0.0000019    0.0051200     0.0016214     
5.0000000     1.7875973     -0.0000019    0.0050720     0.0016062     
5.0100000     1.7875973     -0.0000018    0.0050244     0.0015911     
5.0200000     1.7875973     -0.0000018    0.0049772     0.0015761     
5.0300000     1.7875972     -0.0000018    0.0049305     0.0015613     
5.0400000     1.7875972     -0.0000017    0.0048843     0.0015466     
5.0500000     1.7875972     -0.0000017    0.0048385     0.0015321     
5.0600000     1.7875972     -0.0000017    0.0047931     0.0015177     
5.0700000     1.7875972     -0.0000016    0.0047481     0.0015034     
5.0800000     1.7875972     -0.0000016    0.0047036     0.0014893     
5.0900000     1.7875971     -0.0000016    0.0046594     0.0014753     
5.1000000     1.7875971     -0.0000016    0.0046157     0.0014614     
5.1100000     1.7875971     -0.0000015    0.0045724     0.0014477     
5.1200000     1.7875971     -0.0000015    0.0045295     0.0014341     
5.1300000     1.7875971     -0.0000015    0.0044870     0.0014206     
5.1400000     1.7875971     -0.0000014    0.0044450     0.0014072     
5.1500000     1.7875970     -0.0000014    0.0044033     0.0013940     
5.1600000     1.7875970     -0.0000014    0.0043619     0.0013809     
5.1700000     1.7875970     -0.0000014    0.0043210     0.0013679     
5.1800000     1.7875970     -0.0000013    0.0042805     0.0013551     
5.1900000     1.7875970     -0.0000013    0.0042403     0.0013423     
5.2000000     1.7875970     -0.0000013    0.0042005     0.0013297     
5.2100000     1.7875970     -0.0000013    0.0041611     0.0013172     
5.2200000     1.7875970     -0.0000012    0.0041221     0.0013048     
5.2300000     1.7875969     -0.0000012    0.0040834     0.0012926     
5.2400000     1.7875969     -0.0000012    0.0040451     0.0012804     
5.2500000     1.7875969     -0.0000012    0.0040072     0.0012684     
5.2600000     1.7875969     -0.0000011    0.0039696     0.0012565     
5.2700000     1.7875969     -0.0000011    0.0039323     0.0012446     
5.2800000     1.7875969     -0.0000011    0.0038955     0.0012329     
5.2900000     1.7875969     -0.0000011    0.0038589     0.0012214     
5.3000000     1.7875969     -0.0000011    0.0038227     0.0012099     
5.3100000     1.7875969     -0.0000010    0.0037868     0.0011985     
5.3200000     1.7875968     -0.0000010    0.0037513     0.0011872     
5.3300000     1.7875968     -0.0000010    0.0037161     0.0011761     
5.3400000     1.7875968     -0.0000010    0.0036813     0.0011650     
5.3500000     1.7875968     -0.0000010    0.0036467     0.0011541     
5.3600000     1.7875968     -0.0000010    0.0036125     0.0011432     
5.3700000     1.7875968     -0.0000009    0.0035786     0.0011325     
5.3800000     1.7875968     -0.0000009    0.0035451     0.0011218     
5.3900000     1.7875968     -0.0000009    0.0035118     0.0011113     
5.4000000     1.7875968     -0.0000009    0.0034789     0.0011008     
5.4100000     1.7875968     -0.0000009    0.0034462     0.0010905     
5.4200000     1.7875967     -0.0000008    0.0034139     0.0010802     
5.4300000     1.7875967     -0.0000008    0.0033819     0.0010701     
5.4400000     1.7875967     -0.0000008    0.0033501     0.0010600     
5.4500000     1.7875967     -0.0000008    0.0033187     0.0010501     
5.4600000     1.7875967     -0.0000008    0.0032876     0.0010402     
5.4700000     1.7875967     -0.0000008    0.0032567     0.0010304     
5.4800000     1.7875967     -0.0000008    0.0032262     0.0010207     
5.4900000     1.7875967     -0.0000007    0.0031959     0.0010111     
5.5000000     1.7875967     -0.0000007    0.0031659     0.0010016     
5.5100000     1.7875967     -0.0000007    0.0031362     0.0009922     
5.5200000     1.7875967     -0.0000007    0.0031068     0.0009829     
5.5300000     1.7875967     -0.0000007    0.0030777     0.0009737     
5.5400000     1.7875967     -0.0000007    0.0030488     0.0009645     
5.5500000     1.7875967     -0.0000007    0.0030202     0.0009554     
5.5600000     1.7875966     -0.0000007    0.0029918     0.0009465     
5.5700000     1.7875966     -0.0000006    0.0029638     0.0009376     
5.5800000     1.7875966     -0.0000006    0.0029360     0.0009287     
5.5900000     1.7875966     -0.0000006    0.0029084     0.0009200     
5.6000000     1.7875966     -0.0000006    0.0028811     0.0009114     
5.6100000     1.7875966     -0.0000006    0.0028541     0.0009028     
5.6200000     1.7875966     -0.0000006    0.0028273     0.0008943     
5.6300000     1.7875966     -0.0000006    0.0028008     0.0008859     
5.6400000     1.7875966     -0.0000006    0.0027745     0.0008776     
5.6500000     1.7875966     -0.0000006    0.0027485     0.0008693     
5.6600000     1.7875966     -0.0000005    0.0027227     0.0008612     
5.6700000     1.7875966     -0.0000005    0.0026972     0.0008531     
5.6800000     1.7875966     -0.0000005    0.0026719     0.0008451     
5.6900000     1.7875966     -0.0000005    0.0026468     0.0008371     
5.7000000     1.7875966     -0.0000005    0.0026220     0.0008292     
5.7100000     1.7875966     -0.0000005    0.0025974     0.0008214     
5.7200000     1.7875966     -0.0000005    0.0025730     0.0008137     
5.7300000     1.7875965     -0.0000005    0.0025489     0.0008061     
5.7400000     1.7875965     -0.0000005    0.0025250     0.0007985     
5.7500000     1.7875965     -0.0000005    0.0025013     0.0007910     
5.7600000     1.7875965     -0.0000004    0.0024778     0.0007836     
5.7700000     1.7875965     -0.0000004    0.0024546     0.0007762     
5.7800000     1.7875965     -0.0000004    0.0024315     0.0007689     
5.7900000     1.7875965     -0.0000004    0.0024087     0.0007617     
5.8000000     1.7875965     -0.0000004    0.0023861     0.0007545     
5.8100000     1.7875965     -0.0000004    0.0023637     0.0007474     
5.8200000     1.7875965     -0.0000004    0.0023416     0.0007404     
5.8300000     1.7875965     -0.0000004    0.0023196     0.0007334     
5.8400000     1.7875965     -0.0000004    0.0022978     0.0007265     
5.8500000     1.7875965     -0.0000004    0.0022763     0.0007197     
5.8600000     1.7875965     -0.0000004    0.0022549     0.0007130     
5.8700000     1.7875965     -0.0000004    0.0022338     0.0007063     
5.8800000     1.7875965     -0.0000004    0.0022128     0.0006996     
5.8900000     1.7875965     -0.0000004    0.0021921     0.0006930     
5.9000000     1.7875965     -0.0000003    0.0021715     0.0006865     
5.9100000     1.7875965     -0.0000003    0.0021511     0.0006801     
5.9200000     1.7875965     -0.0000003    0.0021309     0.0006737     
5.9300000     1.7875965     -0.0000003    0.0021109     0.0006674     
5.9400000     1.7875965     -0.0000003    0.0020911     0.0006611     
5.9500000     1.7875965     -0.0000003    0.0020715     0.0006549     
5.9600000     1.7875965     -0.0000003    0.0020521     0.0006487     
5.9700000     1.7875965     -0.0000003    0.0020328     0.0006426     
5.9800000     1.7875965     -0.0000003    0.0020138     0.0006366     
5.9900000     1.7875965     -0.0000003    0.0019949     0.0006306     
6.0000000     1.7875965     -0.0000003    0.0019762     0.0006247     
6.0100000     1.7875964     -0.0000003    0.0019576     0.0006188     
6.0200000     1.7875964     -0.0000003    0.0019392     0.0006130     
6.0300000     1.7875964     -0.0000003    0.0019211     0.0006072     
6.0400000     1.7875964     -0.0000003    0.0019030     0.0006015     
6.0500000     1.7875964     -0.0000003    0.0018852     0.0005959     
6.0600000     1.7875964     -0.0000003    0.0018675     0.0005903     
6.0700000     1.7875964     -0.0000002    0.0018500     0.0005847     
6.0800000     1.7875964     -0.0000002    0.0018326     0.0005792     
6.0900000     1.7875964     -0.0000002    0.0018154     0.0005738     
6.1000000     1.7875964     -0.0000002    0.0017984     0.0005684     
6.1100000     1.7875964     -0.0000002    0.0017815     0.0005630     
6.1200000     1.7875964     -0.0000002    0.0017648     0.0005577     
6.1300000     1.7875964     -0.0000002    0.0017482     0.0005525     
6.1400000     1.7875964     -0.0000002    0.0017318     0.0005473     
6.1500000     1.7875964     -0.0000002    0.0017156     0.0005422     
6.1600000     1.7875964     -0.0000002    0.0016995     0.0005371     
6.1700000     1.7875964     -0.0000002    0.0016836     0.0005320     
6.1800000     1.7875964     -0.0000002    0.0016678     0.0005270     
6.1900000     1.7875964     -0.0000002    0.0016521     0.0005221     
6.2000000     1.7875964     -0.0000002    0.0016366     0.0005172     
6.2100000     1.7875964     -0.0000002    0.0016213     0.0005123     
6.2200000     1.7875964     -0.0000002    0.0016061     0.0005075     
6.2300000     1.7875964     -0.0000002    0.0015910     0.0005027     
6.2400000     1.7875964     -0.0000002    0.0015761     0.0004980     
6.2500000     1.7875964     -0.0000002    0.0015613     0.0004933     
6.2600000     1.7875964     -0.0000002    0.0015466     0.0004887     
6.2700000     1.7875964     -0.0000002    0.0015321     0.0004841     
6.2800000     1.7875964     -0.0000002    0.0015177     0.0004795     
6.2900000     1.7875964     -0.0000002    0.0015035     0.0004750     
6.3000000     1.7875964     -0.0000002    0.0014894     0.0004706     
6.3100000     1.7875964     -0.0000002    0.0014754     0.0004661     
6.3200000     1.7875964     -0.0000002    0.0014616     0.0004618     
6.3300000     1.7875964     -0.0000002    0.0014479     0.0004574     
6.3400000     1.7875964     -0.0000001    0.0014343     0.0004531     
6.3500000     1.7875964     -0.0000001    0.0014208     0.0004489     
6.3600000     1.7875964     -0.0000001    0.0014075     0.0004446     
6.3700000     1.7875964     -0.0000001    0.0013943     0.0004405     
6.3800000     1.7875964     -0.0000001    0.0013812     0.0004363     
6.3900000     1.7875964     -0.0000001    0.0013683     0.0004322     
6.4000000     1.7875964     -0.0000001    0.0013554     0.0004282     
6.4100000     1.7875964     -0.0000001    0.0013427     0.0004241     
6.4200000     1.7875964     -0.0000001    0.0013301     0.0004202     
6.4300000     1.7875964     -0.0000001    0.0013176     0.0004162     
6.4400000     1.7875964     -0.0000001    0.0013053     0.0004123     
6.4500000     1.7875964     -0.0000001    0.0012930     0.0004084     
6.4600000     1.7875964     -0.0000001    0.0012809     0.0004046     
6.4700000     1.7875964     -0.0000001    0.0012689     0.0004008     
6.4800000     1.7875964     -0.0000001    0.0012570     0.0003970     
6.4900000     1.7875964     -0.0000001    0.0012452     0.0003933     
6.5000000     1.7875964     -0.0000001    0.0012335     0.0003896     
6.5100000     1.7875964     -0.0000001    0.0012219     0.0003859     
6.5200000     1.7875964     -0.0000001    0.0012105     0.0003823     
6.5300000     1.7875964     -0.0000001    0.0011991     0.0003787     
6.5400000     1.7875964     -0.0000001    0.0011878     0.0003751     
6.5500000     1.7875964     -0.0000001    0.0011767     0.0003716     
6.5600000     1.7875964     -0.0000001    0.0011657     0.0003681     
6.5700000     1.7875964     -0.0000001    0.0011547     0.0003647     
6.5800000     1.7875964     -0.0000001    0.0011439     0.0003612     
6.5900000     1.7875964     -0.0000001    0.0011332     0.0003578     
6.6000000     1.7875963     -0.0000001    0.0011225     0.0003545     
6.6100000     1.7875963     -0.0000001    0.0011120     0.0003512     
6.6200000     1.7875963     -0.0000001    0.0011016     0.0003479     
6.6300000     1.7875963     -0.0000001    0.0010912     0.0003446     
6.6400000     1.7875963     -0.0000001    0.0010810     0.0003413     
6.6500000     1.7875963     -0.0000001    0.0010709     0.0003381     
6.6600000     1.7875963     -0.0000001    0.0010608     0.0003350     
6.6700000     1.7875963     -0.0000001    0.0010509     0.0003318     
6.6800000     1.7875963     -0.0000001    0.0010410     0.0003287     
6.6900000     1.7875963     -0.0000001    0.0010312     0.0003256     
6.7000000     1.7875963     -0.0000001    0.0010216     0.0003225     
6.7100000     1.7875963     -0.0000001    0.0010120     0.0003195     
6.7200000     1.7875963     -0.0000001    0.0010025     0.0003165     
6.7300000     1.7875963     -0.0000001    0.0009931     0.0003135     
6.7400000     1.7875963     -0.0000001    0.0009838     0.0003106     
6.7500000     1.7875963     -0.0000001    0.0009745     0.0003077     
6.7600000     1.7875963     -0.0000001    0.0009654     0.0003048     
6.7700000     1.7875963     -0.0000001    0.0009563     0.0003019     
6.7800000     1.7875963     -0.0000001    0.0009474     0.0002991     
6.7900000     1.7875963     -0.0000001    0.0009385     0.0002963     
6.8000000     1.7875963     -0.0000001    0.0009297     0.0002935     
6.8100000     1.7875963     -0.0000001    0.0009209     0.0002907     
6.8200000     1.7875963     -0.0000001    0.0009123     0.0002880     
6.8300000     1.7875963     -0.0000001    0.0009037     0.0002853     
6.8400000     1.7875963     -0.0000001    0.0008953     0.0002826     
6.8500000     1.7875963     -0.0000001    0.0008869     0.0002800     
6.8600000     1.7875963     -0.0000001    0.0008785     0.0002773     
6.8700000     1.7875963     -0.0000001    0.0008703     0.0002747     
6.8800000     1.7875963     -0.0000001    0.0008621     0.0002721     
6.8900000     1.7875963     -0.0000001    0.0008540     0.0002696     
6.9000000     1.7875963     -0.0000001    0.0008460     0.0002670     
6.9100000     1.7875963     -0.0000001    0.0008381     0.0002645     
6.9200000     1.7875963     -0.0000001    0.0008302     0.0002620     
6.9300000     1.7875963     -0.0000000    0.0008224     0.0002596     
6.9400000     1.7875963     -0.0000000    0.0008147     0.0002571     
6.9500000     1.7875963     -0.0000000    0.0008071     0.0002547     
6.9600000     1.7875963     -0.0000000    0.0007995     0.0002523     
6.9700000     1.7875963     -0.0000000    0.0007920     0.0002500     
6.9800000     1.7875963     -0.0000000    0.0007846     0.0002476     
6.9900000     1.7875963     -0.0000000    0.0007772     0.0002453     
7.0000000     1.7875963     -0.0000000    0.0007699     0.0002430     
7.0100000     1.7875963     -0.0000000    0.0007627     0.0002407     
7.0200000     1.7875963     -0.0000000    0.0007555     0.0002384     
7.0300000     1.7875963     -0.0000000    0.0007485     0.0002362     
7.0400000     1.7875963     -0.0000000    0.0007414     0.0002340     
7.0500000     1.7875963     -0.0000000    0.0007345     0.0002318     
7.0600000     1.7875963     -0.0000000    0.0007276     0.0002296     
7.0700000     1.7875963     -0.0000000    0.0007208     0.0002274     
7.0800000     1.7875963     -0.0000000    0.0007140     0.0002253     
7.0900000     1.7875963     -0.0000000    0.0007073     0.0002232     
7.1000000     1.7875963     -0.0000000    0.0007007     0.0002211     
7.1100000     1.7875963     -0.0000000    0.0006941     0.0002190     
7.1200000     1.7875963     -0.0000000    0.0006876     0.0002170     
7.1300000     1.7875963     -0.0000000    0.0006811     0.0002149     
7.1400000     1.7875963     -0.0000000    0.0006747     0.0002129     
7.1500000     1.7875963     -0.0000000    0.0006684     0.0002109     
7.1600000     1.7875963     -0.0000000    0.0006621     0.0002089     
7.1700000     1.7875963     -0.0000000    0.0006559     0.0002070     
7.1800000     1.7875963     -0.0000000    0.0006498     0.0002050     
7.1900000     1.7875963     -0.0000000    0.0006437     0.0002031     
7.2000000     1.7875963     -0.0000000    0.0006376     0.0002012     
7.2100000     1.7875963     -0.0000000    0.0006317     0.0001993     
7.2200000     1.7875963     -0.0000000    0.0006257     0.0001974     
7.2300000     1.7875963     -0.0000000    0.0006199     0.0001956     
7.2400000     1.7875963     -0.0000000    0.0006140     0.0001937     
7.2500000     1.7875963     -0.0000000    0.0006083     0.0001919     
7.2600000     1.7875963     -0.0000000    0.0006026     0.0001901     
7.2700000     1.7875963     -0.0000000    0.0005969     0.0001883     
7.2800000     1.7875963     -0.0000000    0.0005913     0.0001865     
7.2900000     1.7875963     -0.0000000    0.0005858     0.0001848     
7.3000000     1.7875963     -0.0000000    0.0005803     0.0001830     
7.3100000     1.7875963     -0.0000000    0.0005748     0.0001813     
7.3200000     1.7875963     -0.0000000    0.0005694     0.0001796     
7.3300000     1.7875963     -0.0000000    0.0005641     0.0001779     
7.3400000     1.7875963     -0.0000000    0.0005588     0.0001763     
7.3500000     1.7875963     -0.0000000    0.0005536     0.0001746     
7.3600000     1.7875963     -0.0000000    0.0005484     0.0001730     
7.3700000     1.7875963     -0.0000000    0.0005432     0.0001713     
7.3800000     1.7875963     -0.0000000    0.0005381     0.0001697     
7.3900000     1.7875963     -0.0000000    0.0005331     0.0001681     
7.4000000     1.7875963     -0.0000000    0.0005281     0.0001666     
7.4100000     1.7875963     -0.0000000    0.0005231     0.0001650     
7.4200000     1.7875963     -0.0000000    0.0005182     0.0001634     
7.4300000     1.7875963     -0.0000000    0.0005133     0.0001619     
7.4400000     1.7875963     -0.0000000    0.0005085     0.0001604     
7.4500000     1.7875963     -0.0000000    0.0005038     0.0001589     
7.4600000     1.7875963     -0.0000000    0.0004990     0.0001574     
7.4700000     1.7875963     -0.0000000    0.0004944     0.0001559     
7.4800000     1.7875963     -0.0000000    0.0004897     0.0001544     
7.4900000     1.7875963     -0.0000000    0.0004851     0.0001530     
7.5000000     1.7875963     -0.0000000    0.0004806     0.0001516     
7.5100000     1.7875963     -0.0000000    0.0004761     0.0001501     
7.5200000     1.7875963     -0.0000000    0.0004716     0.0001487     
7.5300000     1.7875963     -0.0000000    0.0004672     0.0001473     
7.5400000     1.7875963     -0.0000000    0.0004628     0.0001459     
7.5500000     1.7875963     -0.0000000    0.0004584     0.0001446     
7.5600000     1.7875963     -0.0000000    0.0004541     0.0001432     
7.5700000     1.7875963     -0.0000000    0.0004499     0.0001419     
7.5800000     1.7875963     -0.0000000    0.0004457     0.0001405     
7.5900000     1.7875963     -0.0000000    0.0004415     0.0001392     
7.6000000     1.7875963     -0.0000000    0.0004373     0.0001379     
7.6100000     1.7875963     -0.0000000    0.0004332     0.0001366     
7.6200000     1.7875963     -0.0000000    0.0004292     0.0001353     
7.6300000     1.7875963     -0.0000000    0.0004251     0.0001340     
7.6400000     1.7875963     -0.0000000    0.0004212     0.0001328     
7.6500000     1.7875963     -0.0000000    0.0004172     0.0001315     
7.6600000     1.7875963     -0.0000000    0.0004133     0.0001303     
7.6700000     1.7875963     -0.0000000    0.0004094     0.0001291     
7.6800000     1.7875963     -0.0000000    0.0004056     0.0001279     
7.6900000     1.7875963     -0.0000000    0.0004018     0.0001267     
7.7000000     1.7875963     -0.0000000    0.0003980     0.0001255     
7.7100000     1.7875963     -0.0000000    0.0003943     0.0001243     
7.7200000     1.7875963     -0.0000000    0.0003906     0.0001231     
7.7300000     1.7875963     -0.0000000    0.0003869     0.0001220     
7.7400000     1.7875963     -0.0000000    0.0003833     0.0001208     
7.7500000     1.7875963     -0.0000000    0.0003797     0.0001197     
7.7600000     1.7875963     -0.0000000    0.0003761     0.0001186     
7.7700000     1.7875963     -0.0000000    0.0003726     0.0001175     
7.7800000     1.7875963     -0.0000000    0.0003691     0.0001163     
7.7900000     1.7875963     -0.0000000    0.0003656     0.0001153     
7.8000000     1.7875963     -0.0000000    0.0003622     0.0001142     
7.8100000     1.7875963     -0.0000000    0.0003588     0.0001131     
7.8200000     1.7875963     -0.0000000    0.0003554     0.0001120     
7.8300000     1.7875963     -0.0000000    0.0003521     0.0001110     
7.8400000     1.7875963     -0.0000000    0.0003488     0.0001099     
7.8500000     1.7875963     -0.0000000    0.0003455     0.0001089     
7.8600000     1.7875963     -0.0000000    0.0003423     0.0001079     
7.8700000     1.7875963     -0.0000000    0.0003391     0.0001069     
7.8800000     1.7875963     -0.0000000    0.0003359     0.0001059     
7.8900000     1.7875963     -0.0000000    0.0003327     0.0001049     
7.9000000     1.7875963     -0.0000000    0.0003296     0.0001039     
7.9100000     1.7875963     -0.0000000    0.0003265     0.0001029     
7.9200000     1.7875963     -0.0000000    0.0003235     0.0001019     
7.9300000     1.7875963     -0.0000000    0.0003204     0.0001010     
7.9400000     1.7875963     -0.0000000    0.0003174     0.0001000     
7.9500000     1.7875963     -0.0000000    0.0003144     0.0000991     
7.9600000     1.7875963     -0.0000000    0.0003115     0.0000982     
7.9700000     1.7875963     -0.0000000    0.0003086     0.0000972     
7.9800000     1.7875963     -0.0000000    0.0003057     0.0000963     
7.9900000     1.7875963     -0.0000000    0.0003028     0.0000954     
8.0000000     1.7875963     -0.0000000    0.0003000     0.0000945     
8.0100000     1.7875963     -0.0000000    0.0002971     0.0000936     
8.0200000     1.7875963     -0.0000000    0.0002944     0.0000928     
8.0300000     1.7875963     -0.0000000    0.0002916     0.0000919     
8.0400000     1.7875963     -0.0000000    0.0002889     0.0000910     
8.0500000     1.7875963     -0.0000000    0.0002861     0.0000902     
8.0600000     1.7875963     -0.0000000    0.0002835     0.0000893     
8.0700000     1.7875963     -0.0000000    0.0002808     0.0000885     
8.0800000     1.7875963     -0.0000000    0.0002782     0.0000877     
8.0900000     1.7875963     -0.0000000    0.0002756     0.0000868     
8.1000000     1.7875963     -0.0000000    0.0002730     0.0000860     
8.1100000     1.7875963     -0.0000000    0.0002704     0.0000852     
8.1200000     1.7875963     -0.0000000    0.0002679     0.0000844     
8.1300000     1.7875963     -0.0000000    0.0002654     0.0000836     
8.1400000     1.7875963     -0.0000000    0.0002629     0.0000828     
8.1500000     1.7875963     -0.0000000    0.0002604     0.0000820     
8.1600000     1.7875963     -0.0000000    0.0002580     0.0000813     
8.1700000     1.7875963     -0.0000000    0.0002555     0.0000805     
8.1800000     1.7875963     -0.0000000    0.0002531     0.0000798     
8.1900000     1.7875963     -0.0000000    0.0002508     0.0000790     
8.2000000     1.7875963     -0.0000000    0.0002484     0.0000783     
8.2100000     1.7875963     -0.0000000    0.0002461     0.0000775     
8.2200000     1.7875963     -0.0000000    0.0002438     0.0000768     
8.2300000     1.7875963     -0.0000000    0.0002415     0.0000761     
8.2400000     1.7875963     -0.0000000    0.0002392     0.0000754     
8.2500000     1.7875963     -0.0000000    0.0002370     0.0000747     
8.2600000     1.7875963     -0.0000000    0.0002348     0.0000740     
8.2700000     1.7875963     -0.0000000    0.0002326     0.0000733     
8.2800000     1.7875963     -0.0000000    0.0002304     0.0000726     
8.2900000     1.7875963     -0.0000000    0.0002282     0.0000719     
8.3000000     1.7875963     -0.0000000    0.0002261     0.0000712     
8.3100000     1.7875963     -0.0000000    0.0002239     0.0000705     
8.3200000     1.7875963     -0.0000000    0.0002218     0.0000699     
8.3300000     1.7875963     -0.0000000    0.0002198     0.0000692     
8.3400000     1.7875963     -0.0000000    0.0002177     0.0000686     
8.3500000     1.7875963     -0.0000000    0.0002157     0.0000679     
8.3600000     1.7875963     -0.0000000    0.0002136     0.0000673     
8.3700000     1.7875963     -0.0000000    0.0002116     0.0000667     
8.3800000     1.7875963     -0.0000000    0.0002096     0.0000660     
8.3900000     1.7875963     -0.0000000    0.0002077     0.0000654     
8.4000000     1.7875963     -0.0000000    0.0002057     0.0000648     
8.4100000     1.7875963     -0.0000000    0.0002038     0.0000642     
8.4200000     1.7875963     -0.0000000    0.0002019     0.0000636     
8.4300000     1.7875963     -0.0000000    0.0002000     0.0000630     
8.4400000     1.7875963     -0.0000000    0.0001981     0.0000624     
8.4500000     1.7875963     -0.0000000    0.0001963     0.0000618     
8.4600000     1.7875963     -0.0000000    0.0001944     0.0000612     
8.4700000     1.7875963     -0.0000000    0.0001926     0.0000607     
8.4800000     1.7875963     -0.0000000    0.0001908     0.0000601     
8.4900000     1.7875963     -0.0000000    0.0001890     0.0000595     
8.5000000     1.7875963     -0.0000000    0.0001872     0.0000590     
8.5100000     1.7875963     -0.0000000    0.0001855     0.0000584     
8.5200000     1.7875963     -0.0000000    0.0001837     0.0000579     
8.5300000     1.7875963     -0.0000000    0.0001820     0.0000573     
8.5400000     1.7875963     -0.0000000    0.0001803     0.0000568     
8.5500000     1.7875963     -0.0000000    0.0001786     0.0000562     
8.5600000     1.7875963     -0.0000000    0.0001769     0.0000557     
8.5700000     1.7875963     -0.0000000    0.0001753     0.0000552     
8.5800000     1.7875963     -0.0000000    0.0001736     0.0000547     
8.5900000     1.7875963     -0.0000000    0.0001720     0.0000542     
8.6000000     1.7875963     -0.0000000    0.0001704     0.0000537     
8.6100000     1.7875963     -0.0000000    0.0001688     0.0000531     
8.6200000     1.7875963     -0.0000000    0.0001672     0.0000526     
8.6300000     1.7875963     -0.0000000    0.0001656     0.0000522     
8.6400000     1.7875963     -0.0000000    0.0001641     0.0000517     
8.6500000     1.7875963     -0.0000000    0.0001625     0.0000512     
8.6600000     1.7875963     -0.0000000    0.0001610     0.0000507     
8.6700000     1.7875963     -0.0000000    0.0001595     0.0000502     
8.6800000     1.7875963     -0.0000000    0.0001580     0.0000497     
8.6900000     1.7875963     -0.0000000    0.0001565     0.0000493     
8.7000000     1.7875963     -0.0000000    0.0001551     0.0000488     
8.7100000     1.7875963     -0.0000000    0.0001536     0.0000484     
8.7200000     1.7875963     -0.0000000    0.0001522     0.0000479     
8.7300000     1.7875963     -0.0000000    0.0001507     0.0000475     
8.7400000     1.7875963     -0.0000000    0.0001493     0.0000470     
8.7500000     1.7875963     -0.0000000    0.0001479     0.0000466     
8.7600000     1.7875963     -0.0000000    0.0001465     0.0000461     
8.7700000     1.7875963     -0.0000000    0.0001451     0.0000457     
8.7800000     1.7875963     -0.0000000    0.0001438     0.0000453     
8.7900000     1.7875963     -0.0000000    0.0001424     0.0000448     
8.8000000     1.7875963     -0.0000000    0.0001411     0.0000444     
8.8100000     1.7875963     -0.0000000    0.0001398     0.0000440     
8.8200000     1.7875963     -0.0000000    0.0001385     0.0000436     
8.8300000     1.7875963     -0.0000000    0.0001372     0.0000432     
8.8400000     1.7875963     -0.0000000    0.0001359     0.0000428     
8.8500000     1.7875963     -0.0000000    0.0001346     0.0000424     
8.8600000     1.7875963     -0.0000000    0.0001333     0.0000420     
8.8700000     1.7875963     -0.0000000    0.0001321     0.0000416     
8.8800000     1.7875963     -0.0000000    0.0001309     0.0000412     
8.8900000     1.7875963     -0.0000000    0.0001296     0.0000408     
8.9000000     1.7875963     -0.0000000    0.0001284     0.0000404     
8.9100000     1.7875963     -0.0000000    0.0001272     0.0000400     
8.9200000     1.7875963     -0.0000000    0.0001260     0.0000397     
8.9300000     1.7875963     -0.0000000    0.0001248     0.0000393     
8.9400000     1.7875963     -0.0000000    0.0001237     0.0000389     
8.9500000     1.7875963     -0.0000000    0.0001225     0.0000386     
8.9600000     1.7875963     -0.0000000    0.0001213     0.0000382     
8.9700000     1.7875963     -0.0000000    0.0001202     0.0000378     
8.9800000     1.7875963     -0.0000000    0.0001191     0.0000375     
8.9900000     1.7875963     -0.0000000    0.0001180     0.0000371     
9.0000000     1.7875963     -0.0000000    0.0001169     0.0000368     
9.0100000     1.7875963     -0.0000000    0.0001158     0.0000364     
9.0200000     1.7875963     -0.0000000    0.0001147     0.0000361     
9.0300000     1.7875963     -0.0000000    0.0001136     0.0000358     
9.0400000     1.7875963     -0.0000000    0.0001125     0.0000354     
9.0500000     1.7875963     -0.0000000    0.0001115     0.0000351     
9.0600000     1.7875963     -0.0000000    0.0001104     0.0000348     
9.0700000     1.7875963     -0.0000000    0.0001094     0.0000344     
9.0800000     1.7875963     -0.0000000    0.0001084     0.0000341     
9.0900000     1.7875963     -0.0000000    0.0001074     0.0000338     
9.1000000     1.7875963     -0.0000000    0.0001063     0.0000335     
9.1100000     1.7875963     -0.0000000    0.0001053     0.0000332     
9.1200000     1.7875963     -0.0000000    0.0001044     0.0000328     
9.1300000     1.7875963     -0.0000000    0.0001034     0.0000325     
9.1400000     1.7875963     -0.0000000    0.0001024     0.0000322     
9.1500000     1.7875963     -0.0000000    0.0001014     0.0000319     
9.1600000     1.7875963     -0.0000000    0.0001005     0.0000316     
9.1700000     1.7875963     -0.0000000    0.0000996     0.0000313     
9.1800000     1.7875963     -0.0000000    0.0000986     0.0000310     
9.1900000     1.7875963     -0.0000000    0.0000977     0.0000307     
9.2000000     1.7875963     -0.0000000    0.0000968     0.0000305     
9.2100000     1.7875963     -0.0000000    0.0000959     0.0000302     
9.2200000     1.7875963     -0.0000000    0.0000950     0.0000299     
9.2300000     1.7875963     -0.0000000    0.0000941     0.0000296     
9.2400000     1.7875963     -0.0000000    0.0000932     0.0000293     
9.2500000     1.7875963     -0.0000000    0.0000923     0.0000290     
9.2600000     1.7875963     -0.0000000    0.0000915     0.0000288     
9.2700000     1.7875963     -0.0000000    0.0000906     0.0000285     
9.2800000     1.7875963     -0.0000000    0.0000897     0.0000282     
9.2900000     1.7875963     -0.0000000    0.0000889     0.0000280     
9.3000000     1.7875963     -0.0000000    0.0000881     0.0000277     
9.3100000     1.7875963     -0.0000000    0.0000872     0.0000274     
9.3200000     1.7875963     -0.0000000    0.0000864     0.0000272     
9.3300000     1.7875963     -0.0000000    0.0000856     0.0000269     
9.3400000     1.7875963     -0.0000000    0.0000848     0.0000267     
9.3500000     1.7875963     -0.0000000    0.0000840     0.0000264     
9.3600000     1.7875963     -0.0000000    0.0000832     0.0000262     
9.3700000     1.7875963     -0.0000000    0.0000824     0.0000259     
9.3800000     1.7875963     -0.0000000    0.0000817     0.0000257     
9.3900000     1.7875963     -0.0000000    0.0000809     0.0000255     
9.4000000     1.7875963     -0.0000000    0.0000801     0.0000252     
9.4100000     1.7875963     -0.0000000    0.0000794     0.0000250     
9.4200000     1.7875963     -0.0000000    0.0000786     0.0000247     
9.4300000     1.7875963     -0.0000000    0.0000779     0.0000245     
9.4400000     1.7875963     -0.0000000    0.0000772     0.0000243     
9.4500000     1.7875963     -0.0000000    0.0000765     0.0000241     
9.4600000     1.7875963     -0.0000000    0.0000757     0.0000238     
9.4700000     1.7875963     -0.0000000    0.0000750     0.0000236     
9.4800000     1.7875963     -0.0000000    0.0000743     0.0000234     
9.4900000     1.7875963     -0.0000000    0.0000736     0.0000232     
9.5000000     1.7875963     -0.0000000    0.0000729     0.0000229     
9.5100000     1.7875963     -0.0000000    0.0000723     0.0000227     
9.5200000     1.7875963     -0.0000000    0.0000716     0.0000225     
9.5300000     1.7875963     -0.0000000    0.0000709     0.0000223     
9.5400000     1.7875963     -0.0000000    0.0000702     0.0000221     
9.5500000     1.7875963     -0.0000000    0.0000696     0.0000219     
9.5600000     1.7875963     -0.0000000    0.0000689     0.0000217     
9.5700000     1.7875963     -0.0000000    0.0000683     0.0000215     
9.5800000     1.7875963     -0.0000000    0.0000676     0.0000213     
9.5900000     1.7875963     -0.0000000    0.0000670     0.0000211     
9.6000000     1.7875963     -0.0000000    0.0000664     0.0000209     
9.6100000     1.7875963     -0.0000000    0.0000658     0.0000207     
9.6200000     1.7875963     -0.0000000    0.0000651     0.0000205     
9.6300000     1.7875963     -0.0000000    0.0000645     0.0000203     
9.6400000     1.7875963     -0.0000000    0.0000639     0.0000201     
9.6500000     1.7875963     -0.0000000    0.0000633     0.0000199     
9.6600000     1.7875963     -0.0000000    0.0000627     0.0000197     
9.6700000     1.7875963     -0.0000000    0.0000621     0.0000195     
9.6800000     1.7875963     -0.0000000    0.0000616     0.0000194     
9.6900000     1.7875963     -0.0000000    0.0000610     0.0000192     
9.7000000     1.7875963     -0.0000000    0.0000604     0.0000190     
9.7100000     1.7875963     -0.0000000    0.0000598     0.0000188     
9.7200000     1.7875963     -0.0000000    0.0000593     0.0000186     
9.7300000     1.7875963     -0.0000000    0.0000587     0.0000185     
9.7400000     1.7875963     -0.0000000    0.0000582     0.0000183     
9.7500000     1.7875963     -0.0000000    0.0000576     0.0000181     
9.7600000     1.7875963     -0.0000000    0.0000571     0.0000179     
9.7700000     1.7875963     -0.0000000    0.0000565     0.0000178     
9.7800000     1.7875963     -0.0000000    0.0000560     0.0000176     
9.7900000     1.7875963     -0.0000000    0.0000555     0.0000174     
9.8000000     1.7875963     -0.0000000    0.0000550     0.0000173     
9.8100000     1.7875963     -0.0000000    0.0000545     0.0000171     
9.8200000     1.7875963     -0.0000000    0.0000539     0.0000170     
9.8300000     1.7875963     -0.0000000    0.0000534     0.0000168     
9.8400000     1.7875963     -0.0000000    0.0000529     0.0000166     
9.8500000     1.7875963     -0.0000000    0.0000524     0.0000165     
9.8600000     1.7875963     -0.0000000    0.0000519     0.0000163     
9.8700000     1.7875963     -0.0000000    0.0000515     0.0000162     
9.8800000     1.7875963     -0.0000000    0.0000510     0.0000160     
9.8900000     1.7875963     -0.0000000    0.0000505     0.0000159     
9.9000000     1.7875963     -0.0000000    0.0000500     0.0000157     
9.9100000     1.7875963     -0.0000000    0.0000496     0.0000156     
9.9200000     1.7875963     -0.0000000    0.0000491     0.0000154     
9.9300000     1.7875963     -0.0000000    0.0000486     0.0000153     
9.9400000     1.7875963     -0.0000000    0.0000482     0.0000151     
9.9500000     1.7875963     -0.0000000    0.0000477     0.0000150     
9.9600000     1.7875963     -0.0000000    0.0000473     0.0000149     
9.9700000     1.7875963     -0.0000000    0.0000468     0.0000147     
9.9800000     1.7875963     -0.0000000    0.0000464     0.0000146     
9.9900000     1.7875963     -0.0000000    0.0000460     0.0000144     
10.0000000    1.7875963     -0.0000000    0.0000455     0.0000143     
