#   delta = 1.000, g = 0.600, ds = 0.010
#   s             E             dE       ||Gammaod||    ||eta2B||    

0.0000000     1.4000000     -0.2100000    1.6970563     0.5385165     
0.0100000     1.3979087     -0.2082608    1.6830613     0.5385165     
0.0200000     1.3958516     -0.2048581    1.6691924     0.5341592     
0.0300000     1.3938280     -0.2015129    1.6554482     0.5298383     
0.0400000     1.3918375     -0.1982244    1.6418272     0.5255533     
0.0500000     1.3898795     -0.1949913    1.6283282     0.5213040     
0.0600000     1.3879534     -0.1918128    1.6149498     0.5170901     
0.0700000     1.3860587     -0.1886879    1.6016907     0.5129112     
0.0800000     1.3841948     -0.1856156    1.5885497     0.5087670     
0.0900000     1.3823613     -0.1825949    1.5755255     0.5046572     
0.1000000     1.3805576     -0.1796250    1.5626167     0.5005815     
0.1100000     1.3787832     -0.1767050    1.5498223     0.4965396     
0.1200000     1.3770377     -0.1738339    1.5371410     0.4925312     
0.1300000     1.3753205     -0.1710109    1.5245715     0.4885560     
0.1400000     1.3736312     -0.1682351    1.5121128     0.4846138     
0.1500000     1.3719693     -0.1655058    1.4997636     0.4807041     
0.1600000     1.3703343     -0.1628221    1.4875228     0.4768268     
0.1700000     1.3687259     -0.1601831    1.4753893     0.4729816     
0.1800000     1.3671435     -0.1575882    1.4633620     0.4691681     
0.1900000     1.3655867     -0.1550364    1.4514397     0.4653861     
0.2000000     1.3640552     -0.1525272    1.4396214     0.4616353     
0.2100000     1.3625484     -0.1500597    1.4279060     0.4579155     
0.2200000     1.3610660     -0.1476332    1.4162925     0.4542263     
0.2300000     1.3596075     -0.1452470    1.4047799     0.4505676     
0.2400000     1.3581726     -0.1429003    1.3933670     0.4469390     
0.2500000     1.3567609     -0.1405926    1.3820529     0.4433403     
0.2600000     1.3553720     -0.1383231    1.3708366     0.4397712     
0.2700000     1.3540055     -0.1360912    1.3597171     0.4362315     
0.2800000     1.3526611     -0.1338961    1.3486934     0.4327209     
0.2900000     1.3513383     -0.1317374    1.3377647     0.4292391     
0.3000000     1.3500368     -0.1296143    1.3269298     0.4257860     
0.3100000     1.3487563     -0.1275262    1.3161880     0.4223612     
0.3200000     1.3474965     -0.1254725    1.3055382     0.4189646     
0.3300000     1.3462569     -0.1234527    1.2949796     0.4155958     
0.3400000     1.3450373     -0.1214662    1.2845112     0.4122547     
0.3500000     1.3438372     -0.1195123    1.2741323     0.4089409     
0.3600000     1.3426565     -0.1175906    1.2638418     0.4056544     
0.3700000     1.3414948     -0.1157004    1.2536390     0.4023948     
0.3800000     1.3403517     -0.1138413    1.2435230     0.3991618     
0.3900000     1.3392270     -0.1120127    1.2334929     0.3959554     
0.4000000     1.3381204     -0.1102140    1.2235479     0.3927752     
0.4100000     1.3370315     -0.1084449    1.2136873     0.3896210     
0.4200000     1.3359601     -0.1067047    1.2039101     0.3864927     
0.4300000     1.3349059     -0.1049930    1.1942155     0.3833899     
0.4400000     1.3338686     -0.1033093    1.1846029     0.3803125     
0.4500000     1.3328479     -0.1016532    1.1750714     0.3772603     
0.4600000     1.3318436     -0.1000240    1.1656202     0.3742329     
0.4700000     1.3308554     -0.0984215    1.1562486     0.3712303     
0.4800000     1.3298830     -0.0968452    1.1469558     0.3682523     
0.4900000     1.3289262     -0.0952945    1.1377411     0.3652985     
0.5000000     1.3279847     -0.0937692    1.1286037     0.3623688     
0.5100000     1.3270583     -0.0922687    1.1195429     0.3594631     
0.5200000     1.3261466     -0.0907926    1.1105580     0.3565810     
0.5300000     1.3252496     -0.0893405    1.1016483     0.3537224     
0.5400000     1.3243669     -0.0879121    1.0928130     0.3508872     
0.5500000     1.3234983     -0.0865069    1.0840515     0.3480750     
0.5600000     1.3226436     -0.0851245    1.0753632     0.3452857     
0.5700000     1.3218026     -0.0837646    1.0667472     0.3425192     
0.5800000     1.3209750     -0.0824267    1.0582031     0.3397751     
0.5900000     1.3201606     -0.0811106    1.0497299     0.3370534     
0.6000000     1.3193592     -0.0798158    1.0413273     0.3343539     
0.6100000     1.3185706     -0.0785420    1.0329944     0.3316763     
0.6200000     1.3177946     -0.0772888    1.0247307     0.3290205     
0.6300000     1.3170310     -0.0760559    1.0165354     0.3263862     
0.6400000     1.3162795     -0.0748430    1.0084081     0.3237734     
0.6500000     1.3155400     -0.0736497    1.0003481     0.3211818     
0.6600000     1.3148124     -0.0724757    0.9923547     0.3186113     
0.6700000     1.3140963     -0.0713207    0.9844273     0.3160616     
0.6800000     1.3133916     -0.0701843    0.9765654     0.3135327     
0.6900000     1.3126982     -0.0690663    0.9687684     0.3110242     
0.7000000     1.3120157     -0.0679664    0.9610357     0.3085362     
0.7100000     1.3113442     -0.0668842    0.9533666     0.3060683     
0.7200000     1.3106834     -0.0658194    0.9457607     0.3036204     
0.7300000     1.3100330     -0.0647719    0.9382174     0.3011924     
0.7400000     1.3093931     -0.0637412    0.9307361     0.2987841     
0.7500000     1.3087633     -0.0627271    0.9233162     0.2963953     
0.7600000     1.3081435     -0.0617293    0.9159572     0.2940258     
0.7700000     1.3075336     -0.0607477    0.9086586     0.2916755     
0.7800000     1.3069333     -0.0597818    0.9014198     0.2893443     
0.7900000     1.3063427     -0.0588314    0.8942403     0.2870320     
0.8000000     1.3057614     -0.0578964    0.8871196     0.2847384     
0.8100000     1.3051893     -0.0569764    0.8800571     0.2824633     
0.8200000     1.3046264     -0.0560711    0.8730524     0.2802067     
0.8300000     1.3040723     -0.0551804    0.8661049     0.2779683     
0.8400000     1.3035271     -0.0543040    0.8592141     0.2757480     
0.8500000     1.3029906     -0.0534417    0.8523796     0.2735457     
0.8600000     1.3024625     -0.0525932    0.8456008     0.2713612     
0.8700000     1.3019429     -0.0517584    0.8388772     0.2691944     
0.8800000     1.3014315     -0.0509369    0.8322084     0.2670450     
0.8900000     1.3009282     -0.0501286    0.8255939     0.2649131     
0.9000000     1.3004329     -0.0493333    0.8190333     0.2627983     
0.9100000     1.2999454     -0.0485507    0.8125259     0.2607007     
0.9200000     1.2994657     -0.0477806    0.8060715     0.2586199     
0.9300000     1.2989936     -0.0470229    0.7996695     0.2565560     
0.9400000     1.2985290     -0.0462773    0.7933194     0.2545088     
0.9500000     1.2980717     -0.0455436    0.7870209     0.2524781     
0.9600000     1.2976217     -0.0448217    0.7807734     0.2504637     
0.9700000     1.2971788     -0.0441113    0.7745766     0.2484656     
0.9800000     1.2967430     -0.0434123    0.7684300     0.2464837     
0.9900000     1.2963140     -0.0427244    0.7623332     0.2445177     
1.0000000     1.2958919     -0.0420476    0.7562857     0.2425675     
1.0100000     1.2954764     -0.0413816    0.7502872     0.2406331     
1.0200000     1.2950675     -0.0407262    0.7443371     0.2387143     
1.0300000     1.2946651     -0.0400812    0.7384352     0.2368110     
1.0400000     1.2942691     -0.0394466    0.7325809     0.2349230     
1.0500000     1.2938793     -0.0388221    0.7267739     0.2330502     
1.0600000     1.2934957     -0.0382076    0.7210137     0.2311925     
1.0700000     1.2931182     -0.0376029    0.7153001     0.2293497     
1.0800000     1.2927467     -0.0370078    0.7096325     0.2275218     
1.0900000     1.2923810     -0.0364222    0.7040106     0.2257086     
1.1000000     1.2920211     -0.0358459    0.6984340     0.2239100     
1.1100000     1.2916669     -0.0352789    0.6929023     0.2221259     
1.1200000     1.2913183     -0.0347208    0.6874151     0.2203561     
1.1300000     1.2909753     -0.0341717    0.6819721     0.2186006     
1.1400000     1.2906376     -0.0336313    0.6765729     0.2168592     
1.1500000     1.2903053     -0.0330995    0.6712171     0.2151318     
1.1600000     1.2899783     -0.0325762    0.6659043     0.2134183     
1.1700000     1.2896564     -0.0320612    0.6606343     0.2117186     
1.1800000     1.2893396     -0.0315544    0.6554065     0.2100325     
1.1900000     1.2890278     -0.0310557    0.6502208     0.2083600     
1.2000000     1.2887210     -0.0305649    0.6450767     0.2067009     
1.2100000     1.2884190     -0.0300819    0.6399738     0.2050552     
1.2200000     1.2881217     -0.0296066    0.6349119     0.2034227     
1.2300000     1.2878292     -0.0291388    0.6298905     0.2018033     
1.2400000     1.2875413     -0.0286785    0.6249095     0.2001969     
1.2500000     1.2872579     -0.0282255    0.6199683     0.1986034     
1.2600000     1.2869790     -0.0277797    0.6150667     0.1970227     
1.2700000     1.2867045     -0.0273410    0.6102043     0.1954547     
1.2800000     1.2864344     -0.0269092    0.6053809     0.1938993     
1.2900000     1.2861685     -0.0264843    0.6005961     0.1923564     
1.3000000     1.2859068     -0.0260662    0.5958496     0.1908258     
1.3100000     1.2856493     -0.0256547    0.5911410     0.1893076     
1.3200000     1.2853958     -0.0252497    0.5864701     0.1878015     
1.3300000     1.2851463     -0.0248512    0.5818365     0.1863075     
1.3400000     1.2849007     -0.0244589    0.5772399     0.1848255     
1.3500000     1.2846591     -0.0240729    0.5726800     0.1833554     
1.3600000     1.2844212     -0.0236931    0.5681566     0.1818970     
1.3700000     1.2841871     -0.0233192    0.5636693     0.1804504     
1.3800000     1.2839567     -0.0229513    0.5592178     0.1790153     
1.3900000     1.2837299     -0.0225892    0.5548018     0.1775918     
1.4000000     1.2835067     -0.0222329    0.5504211     0.1761796     
1.4100000     1.2832871     -0.0218822    0.5460753     0.1747788     
1.4200000     1.2830708     -0.0215370    0.5417641     0.1733892     
1.4300000     1.2828580     -0.0211973    0.5374873     0.1720107     
1.4400000     1.2826486     -0.0208631    0.5332447     0.1706433     
1.4500000     1.2824425     -0.0205341    0.5290358     0.1692868     
1.4600000     1.2822396     -0.0202103    0.5248604     0.1679412     
1.4700000     1.2820399     -0.0198916    0.5207183     0.1666064     
1.4800000     1.2818433     -0.0195780    0.5166092     0.1652822     
1.4900000     1.2816499     -0.0192694    0.5125328     0.1639687     
1.5000000     1.2814595     -0.0189656    0.5084888     0.1626657     
1.5100000     1.2812721     -0.0186667    0.5044770     0.1613731     
1.5200000     1.2810877     -0.0183725    0.5004971     0.1600908     
1.5300000     1.2809062     -0.0180829    0.4965489     0.1588188     
1.5400000     1.2807275     -0.0177979    0.4926321     0.1575570     
1.5500000     1.2805516     -0.0175174    0.4887464     0.1563053     
1.5600000     1.2803786     -0.0172414    0.4848916     0.1550636     
1.5700000     1.2802082     -0.0169697    0.4810674     0.1538318     
1.5800000     1.2800405     -0.0167024    0.4772737     0.1526099     
1.5900000     1.2798755     -0.0164392    0.4735100     0.1513977     
1.6000000     1.2797131     -0.0161803    0.4697763     0.1501953     
1.6100000     1.2795532     -0.0159254    0.4660722     0.1490024     
1.6200000     1.2793959     -0.0156745    0.4623975     0.1478191     
1.6300000     1.2792410     -0.0154276    0.4587520     0.1466452     
1.6400000     1.2790886     -0.0151846    0.4551354     0.1454808     
1.6500000     1.2789386     -0.0149455    0.4515476     0.1443256     
1.6600000     1.2787909     -0.0147101    0.4479882     0.1431797     
1.6700000     1.2786456     -0.0144785    0.4444570     0.1420429     
1.6800000     1.2785025     -0.0142505    0.4409538     0.1409152     
1.6900000     1.2783617     -0.0140261    0.4374785     0.1397965     
1.7000000     1.2782231     -0.0138053    0.4340306     0.1386867     
1.7100000     1.2780867     -0.0135879    0.4306102     0.1375859     
1.7200000     1.2779525     -0.0133740    0.4272168     0.1364938     
1.7300000     1.2778204     -0.0131634    0.4238503     0.1354104     
1.7400000     1.2776903     -0.0129562    0.4205105     0.1343357     
1.7500000     1.2775623     -0.0127523    0.4171972     0.1332695     
1.7600000     1.2774363     -0.0125515    0.4139101     0.1322119     
1.7700000     1.2773123     -0.0123540    0.4106490     0.1311627     
1.7800000     1.2771902     -0.0121595    0.4074138     0.1301219     
1.7900000     1.2770701     -0.0119682    0.4042042     0.1290894     
1.8000000     1.2769519     -0.0117798    0.4010200     0.1280651     
1.8100000     1.2768355     -0.0115944    0.3978610     0.1270490     
1.8200000     1.2767209     -0.0114120    0.3947270     0.1260410     
1.8300000     1.2766082     -0.0112324    0.3916178     0.1250410     
1.8400000     1.2764972     -0.0110557    0.3885333     0.1240491     
1.8500000     1.2763880     -0.0108817    0.3854731     0.1230650     
1.8600000     1.2762805     -0.0107105    0.3824371     0.1220888     
1.8700000     1.2761747     -0.0105420    0.3794252     0.1211204     
1.8800000     1.2760705     -0.0103761    0.3764371     0.1201597     
1.8900000     1.2759680     -0.0102129    0.3734726     0.1192066     
1.9000000     1.2758671     -0.0100522    0.3705316     0.1182612     
1.9100000     1.2757678     -0.0098941    0.3676138     0.1173233     
1.9200000     1.2756700     -0.0097385    0.3647191     0.1163928     
1.9300000     1.2755738     -0.0095853    0.3618472     0.1154698     
1.9400000     1.2754791     -0.0094345    0.3589981     0.1145542     
1.9500000     1.2753859     -0.0092861    0.3561715     0.1136458     
1.9600000     1.2752942     -0.0091401    0.3533672     0.1127447     
1.9700000     1.2752039     -0.0089963    0.3505851     0.1118508     
1.9800000     1.2751150     -0.0088548    0.3478250     0.1109639     
1.9900000     1.2750275     -0.0087156    0.3450866     0.1100842     
2.0000000     1.2749414     -0.0085785    0.3423699     0.1092115     
2.0100000     1.2748567     -0.0084436    0.3396747     0.1083457     
2.0200000     1.2747733     -0.0083108    0.3370008     0.1074868     
2.0300000     1.2746912     -0.0081802    0.3343479     0.1066347     
2.0400000     1.2746104     -0.0080515    0.3317160     0.1057895     
2.0500000     1.2745308     -0.0079249    0.3291049     0.1049509     
2.0600000     1.2744525     -0.0078003    0.3265145     0.1041191     
2.0700000     1.2743755     -0.0076777    0.3239444     0.1032938     
2.0800000     1.2742996     -0.0075570    0.3213947     0.1024752     
2.0900000     1.2742250     -0.0074382    0.3188651     0.1016630     
2.1000000     1.2741515     -0.0073213    0.3163554     0.1008574     
2.1100000     1.2740792     -0.0072062    0.3138656     0.1000581     
2.1200000     1.2740080     -0.0070929    0.3113954     0.0992652     
2.1300000     1.2739379     -0.0069814    0.3089447     0.0984786     
2.1400000     1.2738689     -0.0068716    0.3065133     0.0976983     
2.1500000     1.2738011     -0.0067636    0.3041011     0.0969242     
2.1600000     1.2737343     -0.0066573    0.3017080     0.0961562     
2.1700000     1.2736685     -0.0065527    0.2993337     0.0953944     
2.1800000     1.2736038     -0.0064497    0.2969781     0.0946386     
2.1900000     1.2735401     -0.0063483    0.2946412     0.0938888     
2.2000000     1.2734773     -0.0062485    0.2923226     0.0931450     
2.2100000     1.2734156     -0.0061503    0.2900224     0.0924071     
2.2200000     1.2733549     -0.0060537    0.2877403     0.0916751     
2.2300000     1.2732951     -0.0059585    0.2854761     0.0909489     
2.2400000     1.2732362     -0.0058649    0.2832299     0.0902284     
2.2500000     1.2731783     -0.0057727    0.2810013     0.0895138     
2.2600000     1.2731213     -0.0056820    0.2787903     0.0888047     
2.2700000     1.2730651     -0.0055927    0.2765968     0.0881014     
2.2800000     1.2730099     -0.0055048    0.2744205     0.0874036     
2.2900000     1.2729555     -0.0054183    0.2722614     0.0867114     
2.3000000     1.2729020     -0.0053332    0.2701193     0.0860246     
2.3100000     1.2728493     -0.0052494    0.2679941     0.0853434     
2.3200000     1.2727975     -0.0051669    0.2658857     0.0846675     
2.3300000     1.2727464     -0.0050857    0.2637938     0.0839970     
2.3400000     1.2726962     -0.0050058    0.2617185     0.0833319     
2.3500000     1.2726467     -0.0049272    0.2596595     0.0826720     
2.3600000     1.2725981     -0.0048498    0.2576167     0.0820174     
2.3700000     1.2725502     -0.0047736    0.2555900     0.0813680     
2.3800000     1.2725030     -0.0046986    0.2535793     0.0807238     
2.3900000     1.2724566     -0.0046248    0.2515844     0.0800846     
2.4000000     1.2724109     -0.0045521    0.2496053     0.0794506     
2.4100000     1.2723660     -0.0044806    0.2476417     0.0788215     
2.4200000     1.2723217     -0.0044102    0.2456936     0.0781975     
2.4300000     1.2722782     -0.0043409    0.2437609     0.0775785     
2.4400000     1.2722353     -0.0042727    0.2418434     0.0769643     
2.4500000     1.2721931     -0.0042056    0.2399409     0.0763551     
2.4600000     1.2721516     -0.0041395    0.2380535     0.0757506     
2.4700000     1.2721107     -0.0040745    0.2361809     0.0751510     
2.4800000     1.2720704     -0.0040105    0.2343231     0.0745562     
2.4900000     1.2720308     -0.0039475    0.2324799     0.0739660     
2.5000000     1.2719918     -0.0038855    0.2306512     0.0733806     
2.5100000     1.2719535     -0.0038245    0.2288369     0.0727998     
2.5200000     1.2719157     -0.0037644    0.2270369     0.0722236     
2.5300000     1.2718785     -0.0037053    0.2252511     0.0716520     
2.5400000     1.2718419     -0.0036471    0.2234793     0.0710849     
2.5500000     1.2718059     -0.0035898    0.2217215     0.0705223     
2.5600000     1.2717704     -0.0035334    0.2199776     0.0699642     
2.5700000     1.2717355     -0.0034779    0.2182473     0.0694106     
2.5800000     1.2717012     -0.0034233    0.2165307     0.0688613     
2.5900000     1.2716674     -0.0033696    0.2148276     0.0683164     
2.6000000     1.2716341     -0.0033166    0.2131379     0.0677758     
2.6100000     1.2716014     -0.0032645    0.2114615     0.0672395     
2.6200000     1.2715691     -0.0032133    0.2097983     0.0667074     
2.6300000     1.2715374     -0.0031628    0.2081482     0.0661796     
2.6400000     1.2715062     -0.0031131    0.2065110     0.0656560     
2.6500000     1.2714754     -0.0030643    0.2048868     0.0651365     
2.6600000     1.2714452     -0.0030161    0.2032753     0.0646212     
2.6700000     1.2714154     -0.0029688    0.2016766     0.0641099     
2.6800000     1.2713861     -0.0029222    0.2000904     0.0636027     
2.6900000     1.2713572     -0.0028763    0.1985167     0.0630995     
2.7000000     1.2713288     -0.0028311    0.1969554     0.0626003     
2.7100000     1.2713008     -0.0027866    0.1954063     0.0621051     
2.7200000     1.2712733     -0.0027429    0.1938695     0.0616138     
2.7300000     1.2712462     -0.0026998    0.1923447     0.0611264     
2.7400000     1.2712196     -0.0026574    0.1908320     0.0606429     
2.7500000     1.2711933     -0.0026157    0.1893311     0.0601632     
2.7600000     1.2711675     -0.0025746    0.1878421     0.0596873     
2.7700000     1.2711421     -0.0025342    0.1863648     0.0592152     
2.7800000     1.2711171     -0.0024944    0.1848991     0.0587468     
2.7900000     1.2710924     -0.0024552    0.1834449     0.0582821     
2.8000000     1.2710682     -0.0024167    0.1820022     0.0578212     
2.8100000     1.2710443     -0.0023788    0.1805708     0.0573638     
2.8200000     1.2710208     -0.0023414    0.1791507     0.0569101     
2.8300000     1.2709977     -0.0023046    0.1777417     0.0564601     
2.8400000     1.2709750     -0.0022685    0.1763439     0.0560135     
2.8500000     1.2709526     -0.0022328    0.1749570     0.0555705     
2.8600000     1.2709305     -0.0021978    0.1735811     0.0551311     
2.8700000     1.2709088     -0.0021633    0.1722159     0.0546951     
2.8800000     1.2708875     -0.0021293    0.1708616     0.0542626     
2.8900000     1.2708664     -0.0020959    0.1695178     0.0538335     
2.9000000     1.2708458     -0.0020630    0.1681847     0.0534078     
2.9100000     1.2708254     -0.0020306    0.1668620     0.0529855     
2.9200000     1.2708053     -0.0019987    0.1655497     0.0525665     
2.9300000     1.2707856     -0.0019673    0.1642478     0.0521508     
2.9400000     1.2707662     -0.0019365    0.1629561     0.0517385     
2.9500000     1.2707471     -0.0019061    0.1616745     0.0513294     
2.9600000     1.2707282     -0.0018761    0.1604031     0.0509235     
2.9700000     1.2707097     -0.0018467    0.1591416     0.0505209     
2.9800000     1.2706915     -0.0018177    0.1578901     0.0501215     
2.9900000     1.2706736     -0.0017892    0.1566484     0.0497252     
3.0000000     1.2706559     -0.0017611    0.1554164     0.0493321     
3.0100000     1.2706385     -0.0017334    0.1541942     0.0489421     
3.0200000     1.2706214     -0.0017062    0.1529815     0.0485551     
3.0300000     1.2706046     -0.0016794    0.1517785     0.0481713     
3.0400000     1.2705880     -0.0016531    0.1505848     0.0477905     
3.0500000     1.2705717     -0.0016271    0.1494006     0.0474127     
3.0600000     1.2705556     -0.0016016    0.1482257     0.0470379     
3.0700000     1.2705398     -0.0015764    0.1470600     0.0466660     
3.0800000     1.2705242     -0.0015517    0.1459034     0.0462971     
3.0900000     1.2705089     -0.0015273    0.1447560     0.0459312     
3.1000000     1.2704938     -0.0015034    0.1436176     0.0455681     
3.1100000     1.2704790     -0.0014798    0.1424882     0.0452079     
3.1200000     1.2704644     -0.0014565    0.1413676     0.0448506     
3.1300000     1.2704500     -0.0014337    0.1402558     0.0444961     
3.1400000     1.2704359     -0.0014112    0.1391528     0.0441444     
3.1500000     1.2704219     -0.0013890    0.1380585     0.0437955     
3.1600000     1.2704082     -0.0013672    0.1369728     0.0434493     
3.1700000     1.2703947     -0.0013458    0.1358956     0.0431059     
3.1800000     1.2703815     -0.0013246    0.1348268     0.0427652     
3.1900000     1.2703684     -0.0013038    0.1337665     0.0424272     
3.2000000     1.2703555     -0.0012834    0.1327145     0.0420919     
3.2100000     1.2703428     -0.0012632    0.1316708     0.0417593     
3.2200000     1.2703304     -0.0012434    0.1306353     0.0414292     
3.2300000     1.2703181     -0.0012239    0.1296080     0.0411018     
3.2400000     1.2703060     -0.0012047    0.1285887     0.0407770     
3.2500000     1.2702941     -0.0011858    0.1275774     0.0404548     
3.2600000     1.2702824     -0.0011672    0.1265741     0.0401351     
3.2700000     1.2702709     -0.0011488    0.1255787     0.0398179     
3.2800000     1.2702596     -0.0011308    0.1245911     0.0395033     
3.2900000     1.2702484     -0.0011131    0.1236113     0.0391911     
3.3000000     1.2702374     -0.0010956    0.1226391     0.0388814     
3.3100000     1.2702266     -0.0010784    0.1216746     0.0385742     
3.3200000     1.2702160     -0.0010615    0.1207177     0.0382694     
3.3300000     1.2702055     -0.0010448    0.1197684     0.0379670     
3.3400000     1.2701952     -0.0010284    0.1188265     0.0376670     
3.3500000     1.2701851     -0.0010123    0.1178919     0.0373694     
3.3600000     1.2701751     -0.0009964    0.1169648     0.0370742     
3.3700000     1.2701652     -0.0009807    0.1160449     0.0367812     
3.3800000     1.2701556     -0.0009654    0.1151323     0.0364906     
3.3900000     1.2701460     -0.0009502    0.1142268     0.0362023     
3.4000000     1.2701367     -0.0009353    0.1133285     0.0359163     
3.4100000     1.2701274     -0.0009206    0.1124372     0.0356325     
3.4200000     1.2701184     -0.0009062    0.1115529     0.0353510     
3.4300000     1.2701094     -0.0008919    0.1106756     0.0350717     
3.4400000     1.2701006     -0.0008779    0.1098052     0.0347947     
3.4500000     1.2700920     -0.0008642    0.1089416     0.0345198     
3.4600000     1.2700834     -0.0008506    0.1080849     0.0342471     
3.4700000     1.2700750     -0.0008373    0.1072348     0.0339765     
3.4800000     1.2700668     -0.0008241    0.1063914     0.0337081     
3.4900000     1.2700586     -0.0008112    0.1055547     0.0334419     
3.5000000     1.2700506     -0.0007985    0.1047246     0.0331777     
3.5100000     1.2700428     -0.0007859    0.1039009     0.0329156     
3.5200000     1.2700350     -0.0007736    0.1030838     0.0326556     
3.5300000     1.2700274     -0.0007614    0.1022731     0.0323976     
3.5400000     1.2700199     -0.0007495    0.1014687     0.0321417     
3.5500000     1.2700125     -0.0007377    0.1006707     0.0318878     
3.5600000     1.2700052     -0.0007262    0.0998789     0.0316360     
3.5700000     1.2699980     -0.0007148    0.0990934     0.0313861     
3.5800000     1.2699910     -0.0007035    0.0983140     0.0311382     
3.5900000     1.2699841     -0.0006925    0.0975408     0.0308922     
3.6000000     1.2699772     -0.0006816    0.0967737     0.0306482     
3.6100000     1.2699705     -0.0006709    0.0960126     0.0304062     
3.6200000     1.2699639     -0.0006604    0.0952574     0.0301660     
3.6300000     1.2699574     -0.0006500    0.0945082     0.0299278     
3.6400000     1.2699510     -0.0006398    0.0937649     0.0296914     
3.6500000     1.2699447     -0.0006298    0.0930275     0.0294569     
3.6600000     1.2699384     -0.0006199    0.0922958     0.0292242     
3.6700000     1.2699323     -0.0006102    0.0915699     0.0289934     
3.6800000     1.2699263     -0.0006006    0.0908497     0.0287645     
3.6900000     1.2699204     -0.0005912    0.0901352     0.0285373     
3.7000000     1.2699146     -0.0005819    0.0894263     0.0283119     
3.7100000     1.2699088     -0.0005728    0.0887229     0.0280883     
3.7200000     1.2699032     -0.0005638    0.0880251     0.0278665     
3.7300000     1.2698976     -0.0005549    0.0873328     0.0276465     
3.7400000     1.2698921     -0.0005462    0.0866459     0.0274281     
3.7500000     1.2698868     -0.0005377    0.0859644     0.0272115     
3.7600000     1.2698815     -0.0005292    0.0852883     0.0269967     
3.7700000     1.2698762     -0.0005209    0.0846175     0.0267835     
3.7800000     1.2698711     -0.0005128    0.0839519     0.0265720     
3.7900000     1.2698661     -0.0005047    0.0832916     0.0263622     
3.8000000     1.2698611     -0.0004968    0.0826365     0.0261540     
3.8100000     1.2698562     -0.0004890    0.0819865     0.0259475     
3.8200000     1.2698514     -0.0004813    0.0813417     0.0257426     
3.8300000     1.2698466     -0.0004738    0.0807019     0.0255393     
3.8400000     1.2698419     -0.0004663    0.0800672     0.0253377     
3.8500000     1.2698373     -0.0004590    0.0794374     0.0251376     
3.8600000     1.2698328     -0.0004518    0.0788126     0.0249391     
3.8700000     1.2698284     -0.0004447    0.0781927     0.0247422     
3.8800000     1.2698240     -0.0004377    0.0775777     0.0245469     
3.8900000     1.2698197     -0.0004309    0.0769675     0.0243530     
3.9000000     1.2698154     -0.0004241    0.0763621     0.0241608     
3.9100000     1.2698112     -0.0004175    0.0757615     0.0239700     
3.9200000     1.2698071     -0.0004109    0.0751655     0.0237808     
3.9300000     1.2698031     -0.0004045    0.0745743     0.0235930     
3.9400000     1.2697991     -0.0003981    0.0739877     0.0234067     
3.9500000     1.2697952     -0.0003919    0.0734058     0.0232219     
3.9600000     1.2697913     -0.0003857    0.0728284     0.0230386     
3.9700000     1.2697875     -0.0003797    0.0722556     0.0228567     
3.9800000     1.2697838     -0.0003737    0.0716872     0.0226763     
3.9900000     1.2697801     -0.0003678    0.0711233     0.0224973     
4.0000000     1.2697765     -0.0003621    0.0705639     0.0223196     
4.0100000     1.2697729     -0.0003564    0.0700089     0.0221434     
4.0200000     1.2697694     -0.0003508    0.0694582     0.0219686     
4.0300000     1.2697659     -0.0003453    0.0689118     0.0217952     
4.0400000     1.2697625     -0.0003399    0.0683698     0.0216232     
4.0500000     1.2697592     -0.0003345    0.0678320     0.0214525     
4.0600000     1.2697559     -0.0003293    0.0672984     0.0212831     
4.0700000     1.2697526     -0.0003241    0.0667691     0.0211151     
4.0800000     1.2697494     -0.0003190    0.0662438     0.0209484     
4.0900000     1.2697463     -0.0003140    0.0657228     0.0207831     
4.1000000     1.2697432     -0.0003091    0.0652058     0.0206190     
4.1100000     1.2697402     -0.0003043    0.0646929     0.0204562     
4.1200000     1.2697372     -0.0002995    0.0641840     0.0202948     
4.1300000     1.2697342     -0.0002948    0.0636791     0.0201346     
4.1400000     1.2697313     -0.0002902    0.0631782     0.0199756     
4.1500000     1.2697285     -0.0002856    0.0626812     0.0198180     
4.1600000     1.2697256     -0.0002811    0.0621882     0.0196615     
4.1700000     1.2697229     -0.0002767    0.0616990     0.0195064     
4.1800000     1.2697202     -0.0002724    0.0612137     0.0193524     
4.1900000     1.2697175     -0.0002681    0.0607321     0.0191996     
4.2000000     1.2697148     -0.0002639    0.0602544     0.0190481     
4.2100000     1.2697122     -0.0002598    0.0597804     0.0188978     
4.2200000     1.2697097     -0.0002557    0.0593102     0.0187486     
4.2300000     1.2697072     -0.0002517    0.0588436     0.0186006     
4.2400000     1.2697047     -0.0002477    0.0583807     0.0184538     
4.2500000     1.2697022     -0.0002438    0.0579215     0.0183082     
4.2600000     1.2696998     -0.0002400    0.0574658     0.0181637     
4.2700000     1.2696975     -0.0002362    0.0570138     0.0180203     
4.2800000     1.2696952     -0.0002325    0.0565653     0.0178781     
4.2900000     1.2696929     -0.0002289    0.0561203     0.0177370     
4.3000000     1.2696906     -0.0002253    0.0556788     0.0175970     
4.3100000     1.2696884     -0.0002218    0.0552408     0.0174581     
4.3200000     1.2696862     -0.0002183    0.0548063     0.0173204     
4.3300000     1.2696841     -0.0002149    0.0543751     0.0171837     
4.3400000     1.2696819     -0.0002115    0.0539474     0.0170481     
4.3500000     1.2696799     -0.0002082    0.0535230     0.0169135     
4.3600000     1.2696778     -0.0002049    0.0531019     0.0167800     
4.3700000     1.2696758     -0.0002017    0.0526842     0.0166476     
4.3800000     1.2696738     -0.0001985    0.0522698     0.0165162     
4.3900000     1.2696719     -0.0001954    0.0518586     0.0163859     
4.4000000     1.2696699     -0.0001923    0.0514506     0.0162566     
4.4100000     1.2696681     -0.0001893    0.0510458     0.0161283     
4.4200000     1.2696662     -0.0001863    0.0506443     0.0160010     
4.4300000     1.2696644     -0.0001834    0.0502459     0.0158748     
4.4400000     1.2696626     -0.0001805    0.0498506     0.0157495     
4.4500000     1.2696608     -0.0001777    0.0494584     0.0156252     
4.4600000     1.2696590     -0.0001749    0.0490693     0.0155019     
4.4700000     1.2696573     -0.0001722    0.0486833     0.0153796     
4.4800000     1.2696556     -0.0001695    0.0483003     0.0152582     
4.4900000     1.2696539     -0.0001668    0.0479203     0.0151378     
4.5000000     1.2696523     -0.0001642    0.0475433     0.0150184     
4.5100000     1.2696507     -0.0001616    0.0471693     0.0148999     
4.5200000     1.2696491     -0.0001591    0.0467982     0.0147823     
4.5300000     1.2696475     -0.0001566    0.0464300     0.0146657     
4.5400000     1.2696460     -0.0001541    0.0460648     0.0145499     
4.5500000     1.2696445     -0.0001517    0.0457024     0.0144351     
4.5600000     1.2696430     -0.0001493    0.0453428     0.0143212     
4.5700000     1.2696415     -0.0001470    0.0449861     0.0142082     
4.5800000     1.2696401     -0.0001447    0.0446322     0.0140961     
4.5900000     1.2696387     -0.0001424    0.0442810     0.0139849     
4.6000000     1.2696373     -0.0001402    0.0439327     0.0138746     
4.6100000     1.2696359     -0.0001380    0.0435870     0.0137651     
4.6200000     1.2696345     -0.0001358    0.0432441     0.0136565     
4.6300000     1.2696332     -0.0001337    0.0429039     0.0135487     
4.6400000     1.2696319     -0.0001316    0.0425663     0.0134419     
4.6500000     1.2696306     -0.0001295    0.0422315     0.0133358     
4.6600000     1.2696293     -0.0001275    0.0418992     0.0132306     
4.6700000     1.2696280     -0.0001255    0.0415696     0.0131262     
4.6800000     1.2696268     -0.0001235    0.0412425     0.0130226     
4.6900000     1.2696256     -0.0001216    0.0409180     0.0129199     
4.7000000     1.2696244     -0.0001197    0.0405961     0.0128180     
4.7100000     1.2696232     -0.0001178    0.0402767     0.0127168     
4.7200000     1.2696221     -0.0001160    0.0399598     0.0126165     
4.7300000     1.2696209     -0.0001141    0.0396454     0.0125170     
4.7400000     1.2696198     -0.0001123    0.0393335     0.0124182     
4.7500000     1.2696187     -0.0001106    0.0390240     0.0123203     
4.7600000     1.2696176     -0.0001088    0.0387170     0.0122231     
4.7700000     1.2696166     -0.0001071    0.0384124     0.0121266     
4.7800000     1.2696155     -0.0001055    0.0381102     0.0120310     
4.7900000     1.2696145     -0.0001038    0.0378103     0.0119361     
4.8000000     1.2696134     -0.0001022    0.0375128     0.0118419     
4.8100000     1.2696124     -0.0001006    0.0372177     0.0117485     
4.8200000     1.2696115     -0.0000990    0.0369249     0.0116558     
4.8300000     1.2696105     -0.0000974    0.0366344     0.0115638     
4.8400000     1.2696095     -0.0000959    0.0363461     0.0114726     
4.8500000     1.2696086     -0.0000944    0.0360601     0.0113821     
4.8600000     1.2696077     -0.0000929    0.0357764     0.0112923     
4.8700000     1.2696067     -0.0000915    0.0354949     0.0112032     
4.8800000     1.2696059     -0.0000900    0.0352157     0.0111149     
4.8900000     1.2696050     -0.0000886    0.0349386     0.0110272     
4.9000000     1.2696041     -0.0000872    0.0346637     0.0109402     
4.9100000     1.2696032     -0.0000859    0.0343909     0.0108539     
4.9200000     1.2696024     -0.0000845    0.0341203     0.0107683     
4.9300000     1.2696016     -0.0000832    0.0338519     0.0106833     
4.9400000     1.2696008     -0.0000819    0.0335855     0.0105991     
4.9500000     1.2695999     -0.0000806    0.0333213     0.0105155     
4.9600000     1.2695992     -0.0000793    0.0330591     0.0104325     
4.9700000     1.2695984     -0.0000781    0.0327990     0.0103502     
4.9800000     1.2695976     -0.0000769    0.0325409     0.0102686     
4.9900000     1.2695969     -0.0000757    0.0322849     0.0101876     
5.0000000     1.2695961     -0.0000745    0.0320308     0.0101072     
5.0100000     1.2695954     -0.0000733    0.0317788     0.0100275     
5.0200000     1.2695947     -0.0000722    0.0315288     0.0099484     
5.0300000     1.2695940     -0.0000710    0.0312807     0.0098699     
5.0400000     1.2695933     -0.0000699    0.0310345     0.0097921     
5.0500000     1.2695926     -0.0000688    0.0307904     0.0097149     
5.0600000     1.2695919     -0.0000677    0.0305481     0.0096382     
5.0700000     1.2695912     -0.0000667    0.0303077     0.0095622     
5.0800000     1.2695906     -0.0000656    0.0300692     0.0094868     
5.0900000     1.2695899     -0.0000646    0.0298326     0.0094120     
5.1000000     1.2695893     -0.0000636    0.0295979     0.0093377     
5.1100000     1.2695887     -0.0000626    0.0293650     0.0092641     
5.1200000     1.2695881     -0.0000616    0.0291339     0.0091910     
5.1300000     1.2695875     -0.0000606    0.0289047     0.0091185     
5.1400000     1.2695869     -0.0000597    0.0286772     0.0090466     
5.1500000     1.2695863     -0.0000587    0.0284516     0.0089753     
5.1600000     1.2695857     -0.0000578    0.0282277     0.0089045     
5.1700000     1.2695852     -0.0000569    0.0280056     0.0088342     
5.1800000     1.2695846     -0.0000560    0.0277852     0.0087646     
5.1900000     1.2695840     -0.0000551    0.0275666     0.0086954     
5.2000000     1.2695835     -0.0000543    0.0273497     0.0086269     
5.2100000     1.2695830     -0.0000534    0.0271345     0.0085588     
5.2200000     1.2695824     -0.0000526    0.0269210     0.0084913     
5.2300000     1.2695819     -0.0000518    0.0267091     0.0084244     
5.2400000     1.2695814     -0.0000510    0.0264989     0.0083579     
5.2500000     1.2695809     -0.0000502    0.0262904     0.0082920     
5.2600000     1.2695804     -0.0000494    0.0260835     0.0082266     
5.2700000     1.2695800     -0.0000486    0.0258783     0.0081617     
5.2800000     1.2695795     -0.0000478    0.0256747     0.0080974     
5.2900000     1.2695790     -0.0000471    0.0254726     0.0080335     
5.3000000     1.2695786     -0.0000463    0.0252722     0.0079701     
5.3100000     1.2695781     -0.0000456    0.0250733     0.0079073     
5.3200000     1.2695777     -0.0000449    0.0248760     0.0078449     
5.3300000     1.2695772     -0.0000442    0.0246803     0.0077831     
5.3400000     1.2695768     -0.0000435    0.0244860     0.0077217     
5.3500000     1.2695764     -0.0000428    0.0242934     0.0076608     
5.3600000     1.2695759     -0.0000421    0.0241022     0.0076004     
5.3700000     1.2695755     -0.0000415    0.0239125     0.0075404     
5.3800000     1.2695751     -0.0000408    0.0237244     0.0074810     
5.3900000     1.2695747     -0.0000402    0.0235377     0.0074220     
5.4000000     1.2695743     -0.0000396    0.0233524     0.0073635     
5.4100000     1.2695739     -0.0000389    0.0231687     0.0073054     
5.4200000     1.2695736     -0.0000383    0.0229864     0.0072478     
5.4300000     1.2695732     -0.0000377    0.0228055     0.0071906     
5.4400000     1.2695728     -0.0000371    0.0226260     0.0071339     
5.4500000     1.2695725     -0.0000366    0.0224479     0.0070777     
5.4600000     1.2695721     -0.0000360    0.0222713     0.0070219     
5.4700000     1.2695717     -0.0000354    0.0220960     0.0069665     
5.4800000     1.2695714     -0.0000349    0.0219222     0.0069115     
5.4900000     1.2695711     -0.0000343    0.0217496     0.0068570     
5.5000000     1.2695707     -0.0000338    0.0215785     0.0068030     
5.5100000     1.2695704     -0.0000332    0.0214087     0.0067493     
5.5200000     1.2695701     -0.0000327    0.0212402     0.0066961     
5.5300000     1.2695697     -0.0000322    0.0210730     0.0066433     
5.5400000     1.2695694     -0.0000317    0.0209072     0.0065909     
5.5500000     1.2695691     -0.0000312    0.0207427     0.0065390     
5.5600000     1.2695688     -0.0000307    0.0205794     0.0064874     
5.5700000     1.2695685     -0.0000302    0.0204175     0.0064362     
5.5800000     1.2695682     -0.0000298    0.0202568     0.0063855     
5.5900000     1.2695679     -0.0000293    0.0200974     0.0063351     
5.6000000     1.2695676     -0.0000288    0.0199392     0.0062852     
5.6100000     1.2695674     -0.0000284    0.0197823     0.0062356     
5.6200000     1.2695671     -0.0000279    0.0196266     0.0061865     
5.6300000     1.2695668     -0.0000275    0.0194722     0.0061377     
5.6400000     1.2695665     -0.0000271    0.0193189     0.0060893     
5.6500000     1.2695663     -0.0000266    0.0191669     0.0060413     
5.6600000     1.2695660     -0.0000262    0.0190161     0.0059936     
5.6700000     1.2695658     -0.0000258    0.0188664     0.0059464     
5.6800000     1.2695655     -0.0000254    0.0187179     0.0058995     
5.6900000     1.2695653     -0.0000250    0.0185706     0.0058530     
5.7000000     1.2695650     -0.0000246    0.0184245     0.0058068     
5.7100000     1.2695648     -0.0000242    0.0182795     0.0057610     
5.7200000     1.2695646     -0.0000239    0.0181356     0.0057156     
5.7300000     1.2695643     -0.0000235    0.0179929     0.0056706     
5.7400000     1.2695641     -0.0000231    0.0178513     0.0056258     
5.7500000     1.2695639     -0.0000227    0.0177108     0.0055815     
5.7600000     1.2695636     -0.0000224    0.0175714     0.0055375     
5.7700000     1.2695634     -0.0000220    0.0174331     0.0054938     
5.7800000     1.2695632     -0.0000217    0.0172959     0.0054505     
5.7900000     1.2695630     -0.0000214    0.0171598     0.0054075     
5.8000000     1.2695628     -0.0000210    0.0170248     0.0053649     
5.8100000     1.2695626     -0.0000207    0.0168908     0.0053226     
5.8200000     1.2695624     -0.0000204    0.0167578     0.0052806     
5.8300000     1.2695622     -0.0000200    0.0166260     0.0052390     
5.8400000     1.2695620     -0.0000197    0.0164951     0.0051977     
5.8500000     1.2695618     -0.0000194    0.0163653     0.0051567     
5.8600000     1.2695616     -0.0000191    0.0162365     0.0051161     
5.8700000     1.2695614     -0.0000188    0.0161087     0.0050757     
5.8800000     1.2695612     -0.0000185    0.0159819     0.0050357     
5.8900000     1.2695611     -0.0000182    0.0158561     0.0049960     
5.9000000     1.2695609     -0.0000179    0.0157314     0.0049566     
5.9100000     1.2695607     -0.0000177    0.0156075     0.0049175     
5.9200000     1.2695605     -0.0000174    0.0154847     0.0048788     
5.9300000     1.2695604     -0.0000171    0.0153628     0.0048403     
5.9400000     1.2695602     -0.0000168    0.0152419     0.0048022     
5.9500000     1.2695600     -0.0000166    0.0151220     0.0047643     
5.9600000     1.2695599     -0.0000163    0.0150030     0.0047267     
5.9700000     1.2695597     -0.0000161    0.0148849     0.0046895     
5.9800000     1.2695596     -0.0000158    0.0147677     0.0046525     
5.9900000     1.2695594     -0.0000156    0.0146515     0.0046158     
6.0000000     1.2695593     -0.0000153    0.0145362     0.0045794     
6.0100000     1.2695591     -0.0000151    0.0144218     0.0045433     
6.0200000     1.2695590     -0.0000148    0.0143083     0.0045075     
6.0300000     1.2695588     -0.0000146    0.0141957     0.0044720     
6.0400000     1.2695587     -0.0000144    0.0140839     0.0044367     
6.0500000     1.2695585     -0.0000142    0.0139731     0.0044017     
6.0600000     1.2695584     -0.0000139    0.0138631     0.0043670     
6.0700000     1.2695583     -0.0000137    0.0137540     0.0043326     
6.0800000     1.2695581     -0.0000135    0.0136457     0.0042985     
6.0900000     1.2695580     -0.0000133    0.0135383     0.0042646     
6.1000000     1.2695579     -0.0000131    0.0134318     0.0042310     
6.1100000     1.2695578     -0.0000129    0.0133261     0.0041976     
6.1200000     1.2695576     -0.0000127    0.0132212     0.0041645     
6.1300000     1.2695575     -0.0000125    0.0131171     0.0041317     
6.1400000     1.2695574     -0.0000123    0.0130139     0.0040991     
6.1500000     1.2695573     -0.0000121    0.0129115     0.0040668     
6.1600000     1.2695571     -0.0000119    0.0128098     0.0040347     
6.1700000     1.2695570     -0.0000117    0.0127090     0.0040029     
6.1800000     1.2695569     -0.0000115    0.0126090     0.0039714     
6.1900000     1.2695568     -0.0000113    0.0125097     0.0039401     
6.2000000     1.2695567     -0.0000112    0.0124113     0.0039090     
6.2100000     1.2695566     -0.0000110    0.0123136     0.0038782     
6.2200000     1.2695565     -0.0000108    0.0122167     0.0038476     
6.2300000     1.2695564     -0.0000106    0.0121205     0.0038173     
6.2400000     1.2695563     -0.0000105    0.0120251     0.0037872     
6.2500000     1.2695562     -0.0000103    0.0119305     0.0037574     
6.2600000     1.2695561     -0.0000102    0.0118366     0.0037277     
6.2700000     1.2695560     -0.0000100    0.0117434     0.0036983     
6.2800000     1.2695559     -0.0000098    0.0116510     0.0036692     
6.2900000     1.2695558     -0.0000097    0.0115593     0.0036403     
6.3000000     1.2695557     -0.0000095    0.0114683     0.0036116     
6.3100000     1.2695556     -0.0000094    0.0113780     0.0035831     
6.3200000     1.2695555     -0.0000092    0.0112885     0.0035549     
6.3300000     1.2695554     -0.0000091    0.0111996     0.0035268     
6.3400000     1.2695553     -0.0000089    0.0111115     0.0034990     
6.3500000     1.2695552     -0.0000088    0.0110240     0.0034715     
6.3600000     1.2695552     -0.0000087    0.0109372     0.0034441     
6.3700000     1.2695551     -0.0000085    0.0108511     0.0034169     
6.3800000     1.2695550     -0.0000084    0.0107657     0.0033900     
6.3900000     1.2695549     -0.0000083    0.0106810     0.0033633     
6.4000000     1.2695548     -0.0000081    0.0105969     0.0033368     
6.4100000     1.2695548     -0.0000080    0.0105135     0.0033105     
6.4200000     1.2695547     -0.0000079    0.0104308     0.0032844     
6.4300000     1.2695546     -0.0000078    0.0103487     0.0032585     
6.4400000     1.2695545     -0.0000076    0.0102672     0.0032328     
6.4500000     1.2695545     -0.0000075    0.0101864     0.0032073     
6.4600000     1.2695544     -0.0000074    0.0101062     0.0031821     
6.4700000     1.2695543     -0.0000073    0.0100267     0.0031570     
6.4800000     1.2695542     -0.0000072    0.0099477     0.0031321     
6.4900000     1.2695542     -0.0000071    0.0098694     0.0031074     
6.5000000     1.2695541     -0.0000069    0.0097917     0.0030829     
6.5100000     1.2695540     -0.0000068    0.0097147     0.0030586     
6.5200000     1.2695540     -0.0000067    0.0096382     0.0030345     
6.5300000     1.2695539     -0.0000066    0.0095623     0.0030106     
6.5400000     1.2695538     -0.0000065    0.0094871     0.0029869     
6.5500000     1.2695538     -0.0000064    0.0094124     0.0029633     
6.5600000     1.2695537     -0.0000063    0.0093383     0.0029400     
6.5700000     1.2695537     -0.0000062    0.0092648     0.0029168     
6.5800000     1.2695536     -0.0000061    0.0091919     0.0028938     
6.5900000     1.2695535     -0.0000060    0.0091195     0.0028710     
6.6000000     1.2695535     -0.0000059    0.0090477     0.0028484     
6.6100000     1.2695534     -0.0000058    0.0089765     0.0028259     
6.6200000     1.2695534     -0.0000057    0.0089059     0.0028036     
6.6300000     1.2695533     -0.0000057    0.0088358     0.0027815     
6.6400000     1.2695533     -0.0000056    0.0087662     0.0027596     
6.6500000     1.2695532     -0.0000055    0.0086972     0.0027379     
6.6600000     1.2695532     -0.0000054    0.0086287     0.0027163     
6.6700000     1.2695531     -0.0000053    0.0085608     0.0026949     
6.6800000     1.2695531     -0.0000052    0.0084934     0.0026736     
6.6900000     1.2695530     -0.0000051    0.0084266     0.0026526     
6.7000000     1.2695530     -0.0000051    0.0083603     0.0026317     
6.7100000     1.2695529     -0.0000050    0.0082944     0.0026109     
6.7200000     1.2695529     -0.0000049    0.0082292     0.0025903     
6.7300000     1.2695528     -0.0000048    0.0081644     0.0025699     
6.7400000     1.2695528     -0.0000048    0.0081001     0.0025497     
6.7500000     1.2695527     -0.0000047    0.0080363     0.0025296     
6.7600000     1.2695527     -0.0000046    0.0079731     0.0025096     
6.7700000     1.2695526     -0.0000045    0.0079103     0.0024899     
6.7800000     1.2695526     -0.0000045    0.0078481     0.0024702     
6.7900000     1.2695525     -0.0000044    0.0077863     0.0024508     
6.8000000     1.2695525     -0.0000043    0.0077250     0.0024314     
6.8100000     1.2695525     -0.0000043    0.0076642     0.0024123     
6.8200000     1.2695524     -0.0000042    0.0076039     0.0023933     
6.8300000     1.2695524     -0.0000041    0.0075440     0.0023744     
6.8400000     1.2695523     -0.0000041    0.0074846     0.0023557     
6.8500000     1.2695523     -0.0000040    0.0074257     0.0023371     
6.8600000     1.2695523     -0.0000039    0.0073672     0.0023187     
6.8700000     1.2695522     -0.0000039    0.0073092     0.0023004     
6.8800000     1.2695522     -0.0000038    0.0072517     0.0022823     
6.8900000     1.2695522     -0.0000037    0.0071946     0.0022643     
6.9000000     1.2695521     -0.0000037    0.0071380     0.0022465     
6.9100000     1.2695521     -0.0000036    0.0070818     0.0022288     
6.9200000     1.2695520     -0.0000036    0.0070261     0.0022112     
6.9300000     1.2695520     -0.0000035    0.0069707     0.0021938     
6.9400000     1.2695520     -0.0000035    0.0069159     0.0021765     
6.9500000     1.2695519     -0.0000034    0.0068614     0.0021593     
6.9600000     1.2695519     -0.0000034    0.0068074     0.0021423     
6.9700000     1.2695519     -0.0000033    0.0067538     0.0021254     
6.9800000     1.2695519     -0.0000033    0.0067007     0.0021087     
6.9900000     1.2695518     -0.0000032    0.0066479     0.0020921     
7.0000000     1.2695518     -0.0000032    0.0065956     0.0020756     
7.0100000     1.2695518     -0.0000031    0.0065437     0.0020592     
7.0200000     1.2695517     -0.0000031    0.0064922     0.0020430     
7.0300000     1.2695517     -0.0000030    0.0064410     0.0020269     
7.0400000     1.2695517     -0.0000030    0.0063903     0.0020109     
7.0500000     1.2695516     -0.0000029    0.0063400     0.0019951     
7.0600000     1.2695516     -0.0000029    0.0062901     0.0019793     
7.0700000     1.2695516     -0.0000028    0.0062406     0.0019637     
7.0800000     1.2695516     -0.0000028    0.0061915     0.0019483     
7.0900000     1.2695515     -0.0000027    0.0061427     0.0019329     
7.1000000     1.2695515     -0.0000027    0.0060944     0.0019177     
7.1100000     1.2695515     -0.0000026    0.0060464     0.0019026     
7.1200000     1.2695515     -0.0000026    0.0059988     0.0018876     
7.1300000     1.2695514     -0.0000026    0.0059516     0.0018727     
7.1400000     1.2695514     -0.0000025    0.0059047     0.0018579     
7.1500000     1.2695514     -0.0000025    0.0058583     0.0018433     
7.1600000     1.2695514     -0.0000024    0.0058121     0.0018288     
7.1700000     1.2695513     -0.0000024    0.0057664     0.0018144     
7.1800000     1.2695513     -0.0000024    0.0057210     0.0018001     
7.1900000     1.2695513     -0.0000023    0.0056760     0.0017859     
7.2000000     1.2695513     -0.0000023    0.0056313     0.0017718     
7.2100000     1.2695513     -0.0000023    0.0055869     0.0017578     
7.2200000     1.2695512     -0.0000022    0.0055430     0.0017440     
7.2300000     1.2695512     -0.0000022    0.0054993     0.0017302     
7.2400000     1.2695512     -0.0000022    0.0054560     0.0017166     
7.2500000     1.2695512     -0.0000021    0.0054131     0.0017031     
7.2600000     1.2695512     -0.0000021    0.0053705     0.0016897     
7.2700000     1.2695511     -0.0000021    0.0053282     0.0016764     
7.2800000     1.2695511     -0.0000020    0.0052862     0.0016631     
7.2900000     1.2695511     -0.0000020    0.0052446     0.0016500     
7.3000000     1.2695511     -0.0000020    0.0052033     0.0016370     
7.3100000     1.2695511     -0.0000019    0.0051624     0.0016241     
7.3200000     1.2695510     -0.0000019    0.0051217     0.0016113     
7.3300000     1.2695510     -0.0000019    0.0050814     0.0015986     
7.3400000     1.2695510     -0.0000018    0.0050414     0.0015860     
7.3500000     1.2695510     -0.0000018    0.0050017     0.0015735     
7.3600000     1.2695510     -0.0000018    0.0049624     0.0015611     
7.3700000     1.2695510     -0.0000018    0.0049233     0.0015488     
7.3800000     1.2695509     -0.0000017    0.0048845     0.0015366     
7.3900000     1.2695509     -0.0000017    0.0048461     0.0015245     
7.4000000     1.2695509     -0.0000017    0.0048079     0.0015125     
7.4100000     1.2695509     -0.0000016    0.0047701     0.0015006     
7.4200000     1.2695509     -0.0000016    0.0047325     0.0014888     
7.4300000     1.2695509     -0.0000016    0.0046953     0.0014770     
7.4400000     1.2695508     -0.0000016    0.0046583     0.0014654     
7.4500000     1.2695508     -0.0000015    0.0046216     0.0014538     
7.4600000     1.2695508     -0.0000015    0.0045852     0.0014424     
7.4700000     1.2695508     -0.0000015    0.0045491     0.0014310     
7.4800000     1.2695508     -0.0000015    0.0045133     0.0014198     
7.4900000     1.2695508     -0.0000015    0.0044778     0.0014086     
7.5000000     1.2695508     -0.0000014    0.0044426     0.0013975     
7.5100000     1.2695507     -0.0000014    0.0044076     0.0013865     
7.5200000     1.2695507     -0.0000014    0.0043729     0.0013755     
7.5300000     1.2695507     -0.0000014    0.0043385     0.0013647     
7.5400000     1.2695507     -0.0000013    0.0043043     0.0013539     
7.5500000     1.2695507     -0.0000013    0.0042704     0.0013433     
7.5600000     1.2695507     -0.0000013    0.0042368     0.0013327     
7.5700000     1.2695507     -0.0000013    0.0042034     0.0013222     
7.5800000     1.2695507     -0.0000013    0.0041703     0.0013118     
7.5900000     1.2695507     -0.0000012    0.0041375     0.0013014     
7.6000000     1.2695506     -0.0000012    0.0041049     0.0012912     
7.6100000     1.2695506     -0.0000012    0.0040726     0.0012810     
7.6200000     1.2695506     -0.0000012    0.0040406     0.0012709     
7.6300000     1.2695506     -0.0000012    0.0040088     0.0012609     
7.6400000     1.2695506     -0.0000011    0.0039772     0.0012510     
7.6500000     1.2695506     -0.0000011    0.0039459     0.0012411     
7.6600000     1.2695506     -0.0000011    0.0039148     0.0012313     
7.6700000     1.2695506     -0.0000011    0.0038840     0.0012216     
7.6800000     1.2695506     -0.0000011    0.0038534     0.0012120     
7.6900000     1.2695505     -0.0000011    0.0038231     0.0012024     
7.7000000     1.2695505     -0.0000010    0.0037930     0.0011930     
7.7100000     1.2695505     -0.0000010    0.0037631     0.0011836     
7.7200000     1.2695505     -0.0000010    0.0037335     0.0011742     
7.7300000     1.2695505     -0.0000010    0.0037041     0.0011650     
7.7400000     1.2695505     -0.0000010    0.0036749     0.0011558     
7.7500000     1.2695505     -0.0000010    0.0036460     0.0011467     
7.7600000     1.2695505     -0.0000009    0.0036173     0.0011377     
7.7700000     1.2695505     -0.0000009    0.0035888     0.0011287     
7.7800000     1.2695505     -0.0000009    0.0035606     0.0011198     
7.7900000     1.2695505     -0.0000009    0.0035325     0.0011110     
7.8000000     1.2695504     -0.0000009    0.0035047     0.0011022     
7.8100000     1.2695504     -0.0000009    0.0034771     0.0010935     
7.8200000     1.2695504     -0.0000009    0.0034498     0.0010849     
7.8300000     1.2695504     -0.0000008    0.0034226     0.0010764     
7.8400000     1.2695504     -0.0000008    0.0033957     0.0010679     
7.8500000     1.2695504     -0.0000008    0.0033689     0.0010595     
7.8600000     1.2695504     -0.0000008    0.0033424     0.0010511     
7.8700000     1.2695504     -0.0000008    0.0033161     0.0010429     
7.8800000     1.2695504     -0.0000008    0.0032900     0.0010346     
7.8900000     1.2695504     -0.0000008    0.0032641     0.0010265     
7.9000000     1.2695504     -0.0000008    0.0032384     0.0010184     
7.9100000     1.2695504     -0.0000007    0.0032129     0.0010104     
7.9200000     1.2695504     -0.0000007    0.0031876     0.0010024     
7.9300000     1.2695504     -0.0000007    0.0031625     0.0009945     
7.9400000     1.2695503     -0.0000007    0.0031376     0.0009867     
7.9500000     1.2695503     -0.0000007    0.0031129     0.0009789     
7.9600000     1.2695503     -0.0000007    0.0030884     0.0009712     
7.9700000     1.2695503     -0.0000007    0.0030641     0.0009635     
7.9800000     1.2695503     -0.0000007    0.0030399     0.0009559     
7.9900000     1.2695503     -0.0000007    0.0030160     0.0009484     
8.0000000     1.2695503     -0.0000006    0.0029923     0.0009409     
8.0100000     1.2695503     -0.0000006    0.0029687     0.0009335     
8.0200000     1.2695503     -0.0000006    0.0029453     0.0009262     
8.0300000     1.2695503     -0.0000006    0.0029221     0.0009189     
8.0400000     1.2695503     -0.0000006    0.0028991     0.0009116     
8.0500000     1.2695503     -0.0000006    0.0028763     0.0009045     
8.0600000     1.2695503     -0.0000006    0.0028537     0.0008973     
8.0700000     1.2695503     -0.0000006    0.0028312     0.0008903     
8.0800000     1.2695503     -0.0000006    0.0028089     0.0008832     
8.0900000     1.2695503     -0.0000006    0.0027868     0.0008763     
8.1000000     1.2695503     -0.0000006    0.0027649     0.0008694     
8.1100000     1.2695502     -0.0000005    0.0027431     0.0008625     
8.1200000     1.2695502     -0.0000005    0.0027215     0.0008557     
8.1300000     1.2695502     -0.0000005    0.0027001     0.0008490     
8.1400000     1.2695502     -0.0000005    0.0026788     0.0008423     
8.1500000     1.2695502     -0.0000005    0.0026577     0.0008357     
8.1600000     1.2695502     -0.0000005    0.0026368     0.0008291     
8.1700000     1.2695502     -0.0000005    0.0026160     0.0008225     
8.1800000     1.2695502     -0.0000005    0.0025954     0.0008161     
8.1900000     1.2695502     -0.0000005    0.0025750     0.0008096     
8.2000000     1.2695502     -0.0000005    0.0025547     0.0008033     
8.2100000     1.2695502     -0.0000005    0.0025346     0.0007969     
8.2200000     1.2695502     -0.0000005    0.0025147     0.0007906     
8.2300000     1.2695502     -0.0000005    0.0024949     0.0007844     
8.2400000     1.2695502     -0.0000004    0.0024752     0.0007782     
8.2500000     1.2695502     -0.0000004    0.0024557     0.0007721     
8.2600000     1.2695502     -0.0000004    0.0024364     0.0007660     
8.2700000     1.2695502     -0.0000004    0.0024172     0.0007600     
8.2800000     1.2695502     -0.0000004    0.0023982     0.0007540     
8.2900000     1.2695502     -0.0000004    0.0023793     0.0007481     
8.3000000     1.2695502     -0.0000004    0.0023606     0.0007422     
8.3100000     1.2695502     -0.0000004    0.0023420     0.0007363     
8.3200000     1.2695502     -0.0000004    0.0023235     0.0007305     
8.3300000     1.2695502     -0.0000004    0.0023052     0.0007248     
8.3400000     1.2695502     -0.0000004    0.0022871     0.0007191     
8.3500000     1.2695502     -0.0000004    0.0022691     0.0007134     
8.3600000     1.2695502     -0.0000004    0.0022512     0.0007078     
8.3700000     1.2695501     -0.0000004    0.0022335     0.0007022     
8.3800000     1.2695501     -0.0000004    0.0022159     0.0006967     
8.3900000     1.2695501     -0.0000003    0.0021985     0.0006912     
8.4000000     1.2695501     -0.0000003    0.0021812     0.0006857     
8.4100000     1.2695501     -0.0000003    0.0021640     0.0006803     
8.4200000     1.2695501     -0.0000003    0.0021469     0.0006750     
8.4300000     1.2695501     -0.0000003    0.0021300     0.0006696     
8.4400000     1.2695501     -0.0000003    0.0021133     0.0006644     
8.4500000     1.2695501     -0.0000003    0.0020966     0.0006591     
8.4600000     1.2695501     -0.0000003    0.0020801     0.0006539     
8.4700000     1.2695501     -0.0000003    0.0020637     0.0006488     
8.4800000     1.2695501     -0.0000003    0.0020475     0.0006437     
8.4900000     1.2695501     -0.0000003    0.0020314     0.0006386     
8.5000000     1.2695501     -0.0000003    0.0020154     0.0006336     
8.5100000     1.2695501     -0.0000003    0.0019995     0.0006286     
8.5200000     1.2695501     -0.0000003    0.0019838     0.0006236     
8.5300000     1.2695501     -0.0000003    0.0019682     0.0006187     
8.5400000     1.2695501     -0.0000003    0.0019527     0.0006138     
8.5500000     1.2695501     -0.0000003    0.0019373     0.0006090     
8.5600000     1.2695501     -0.0000003    0.0019220     0.0006042     
8.5700000     1.2695501     -0.0000003    0.0019069     0.0005994     
8.5800000     1.2695501     -0.0000003    0.0018919     0.0005947     
8.5900000     1.2695501     -0.0000003    0.0018770     0.0005900     
8.6000000     1.2695501     -0.0000003    0.0018622     0.0005854     
8.6100000     1.2695501     -0.0000002    0.0018475     0.0005808     
8.6200000     1.2695501     -0.0000002    0.0018330     0.0005762     
8.6300000     1.2695501     -0.0000002    0.0018186     0.0005717     
8.6400000     1.2695501     -0.0000002    0.0018042     0.0005672     
8.6500000     1.2695501     -0.0000002    0.0017900     0.0005627     
8.6600000     1.2695501     -0.0000002    0.0017759     0.0005583     
8.6700000     1.2695501     -0.0000002    0.0017620     0.0005539     
8.6800000     1.2695501     -0.0000002    0.0017481     0.0005495     
8.6900000     1.2695501     -0.0000002    0.0017343     0.0005452     
8.7000000     1.2695501     -0.0000002    0.0017207     0.0005409     
8.7100000     1.2695501     -0.0000002    0.0017071     0.0005366     
8.7200000     1.2695501     -0.0000002    0.0016937     0.0005324     
8.7300000     1.2695501     -0.0000002    0.0016804     0.0005282     
8.7400000     1.2695501     -0.0000002    0.0016671     0.0005240     
8.7500000     1.2695501     -0.0000002    0.0016540     0.0005199     
8.7600000     1.2695501     -0.0000002    0.0016410     0.0005158     
8.7700000     1.2695501     -0.0000002    0.0016280     0.0005117     
8.7800000     1.2695501     -0.0000002    0.0016152     0.0005077     
8.7900000     1.2695501     -0.0000002    0.0016025     0.0005037     
8.8000000     1.2695501     -0.0000002    0.0015899     0.0004997     
8.8100000     1.2695501     -0.0000002    0.0015774     0.0004958     
8.8200000     1.2695500     -0.0000002    0.0015650     0.0004919     
8.8300000     1.2695500     -0.0000002    0.0015526     0.0004880     
8.8400000     1.2695500     -0.0000002    0.0015404     0.0004842     
8.8500000     1.2695500     -0.0000002    0.0015283     0.0004804     
8.8600000     1.2695500     -0.0000002    0.0015162     0.0004766     
8.8700000     1.2695500     -0.0000002    0.0015043     0.0004728     
8.8800000     1.2695500     -0.0000002    0.0014925     0.0004691     
8.8900000     1.2695500     -0.0000002    0.0014807     0.0004654     
8.9000000     1.2695500     -0.0000002    0.0014691     0.0004617     
8.9100000     1.2695500     -0.0000002    0.0014575     0.0004581     
8.9200000     1.2695500     -0.0000002    0.0014460     0.0004545     
8.9300000     1.2695500     -0.0000001    0.0014346     0.0004509     
8.9400000     1.2695500     -0.0000001    0.0014233     0.0004474     
8.9500000     1.2695500     -0.0000001    0.0014121     0.0004438     
8.9600000     1.2695500     -0.0000001    0.0014010     0.0004403     
8.9700000     1.2695500     -0.0000001    0.0013900     0.0004369     
8.9800000     1.2695500     -0.0000001    0.0013790     0.0004334     
8.9900000     1.2695500     -0.0000001    0.0013682     0.0004300     
9.0000000     1.2695500     -0.0000001    0.0013574     0.0004266     
9.0100000     1.2695500     -0.0000001    0.0013467     0.0004233     
9.0200000     1.2695500     -0.0000001    0.0013361     0.0004199     
9.0300000     1.2695500     -0.0000001    0.0013256     0.0004166     
9.0400000     1.2695500     -0.0000001    0.0013152     0.0004133     
9.0500000     1.2695500     -0.0000001    0.0013048     0.0004101     
9.0600000     1.2695500     -0.0000001    0.0012945     0.0004069     
9.0700000     1.2695500     -0.0000001    0.0012843     0.0004036     
9.0800000     1.2695500     -0.0000001    0.0012742     0.0004005     
9.0900000     1.2695500     -0.0000001    0.0012642     0.0003973     
9.1000000     1.2695500     -0.0000001    0.0012542     0.0003942     
9.1100000     1.2695500     -0.0000001    0.0012444     0.0003911     
9.1200000     1.2695500     -0.0000001    0.0012346     0.0003880     
9.1300000     1.2695500     -0.0000001    0.0012248     0.0003849     
9.1400000     1.2695500     -0.0000001    0.0012152     0.0003819     
9.1500000     1.2695500     -0.0000001    0.0012056     0.0003789     
9.1600000     1.2695500     -0.0000001    0.0011961     0.0003759     
9.1700000     1.2695500     -0.0000001    0.0011867     0.0003730     
9.1800000     1.2695500     -0.0000001    0.0011774     0.0003700     
9.1900000     1.2695500     -0.0000001    0.0011681     0.0003671     
9.2000000     1.2695500     -0.0000001    0.0011589     0.0003642     
9.2100000     1.2695500     -0.0000001    0.0011498     0.0003613     
9.2200000     1.2695500     -0.0000001    0.0011407     0.0003585     
9.2300000     1.2695500     -0.0000001    0.0011317     0.0003557     
9.2400000     1.2695500     -0.0000001    0.0011228     0.0003529     
9.2500000     1.2695500     -0.0000001    0.0011140     0.0003501     
9.2600000     1.2695500     -0.0000001    0.0011052     0.0003473     
9.2700000     1.2695500     -0.0000001    0.0010965     0.0003446     
9.2800000     1.2695500     -0.0000001    0.0010879     0.0003419     
9.2900000     1.2695500     -0.0000001    0.0010793     0.0003392     
9.3000000     1.2695500     -0.0000001    0.0010708     0.0003365     
9.3100000     1.2695500     -0.0000001    0.0010624     0.0003339     
9.3200000     1.2695500     -0.0000001    0.0010540     0.0003312     
9.3300000     1.2695500     -0.0000001    0.0010457     0.0003286     
9.3400000     1.2695500     -0.0000001    0.0010375     0.0003260     
9.3500000     1.2695500     -0.0000001    0.0010293     0.0003235     
9.3600000     1.2695500     -0.0000001    0.0010212     0.0003209     
9.3700000     1.2695500     -0.0000001    0.0010132     0.0003184     
9.3800000     1.2695500     -0.0000001    0.0010052     0.0003159     
9.3900000     1.2695500     -0.0000001    0.0009973     0.0003134     
9.4000000     1.2695500     -0.0000001    0.0009894     0.0003109     
9.4100000     1.2695500     -0.0000001    0.0009816     0.0003085     
9.4200000     1.2695500     -0.0000001    0.0009739     0.0003060     
9.4300000     1.2695500     -0.0000001    0.0009662     0.0003036     
9.4400000     1.2695500     -0.0000001    0.0009586     0.0003012     
9.4500000     1.2695500     -0.0000001    0.0009511     0.0002989     
9.4600000     1.2695500     -0.0000001    0.0009436     0.0002965     
9.4700000     1.2695500     -0.0000001    0.0009362     0.0002942     
9.4800000     1.2695500     -0.0000001    0.0009288     0.0002919     
9.4900000     1.2695500     -0.0000001    0.0009215     0.0002896     
9.5000000     1.2695500     -0.0000001    0.0009142     0.0002873     
9.5100000     1.2695500     -0.0000001    0.0009070     0.0002850     
9.5200000     1.2695500     -0.0000001    0.0008999     0.0002828     
9.5300000     1.2695500     -0.0000001    0.0008928     0.0002805     
9.5400000     1.2695500     -0.0000001    0.0008858     0.0002783     
9.5500000     1.2695500     -0.0000001    0.0008788     0.0002761     
9.5600000     1.2695500     -0.0000001    0.0008719     0.0002740     
9.5700000     1.2695500     -0.0000001    0.0008650     0.0002718     
9.5800000     1.2695500     -0.0000001    0.0008582     0.0002697     
9.5900000     1.2695500     -0.0000001    0.0008514     0.0002675     
9.6000000     1.2695500     -0.0000001    0.0008447     0.0002654     
9.6100000     1.2695500     -0.0000001    0.0008381     0.0002633     
9.6200000     1.2695500     -0.0000001    0.0008315     0.0002613     
9.6300000     1.2695500     -0.0000000    0.0008249     0.0002592     
9.6400000     1.2695500     -0.0000000    0.0008184     0.0002572     
9.6500000     1.2695500     -0.0000000    0.0008120     0.0002551     
9.6600000     1.2695500     -0.0000000    0.0008056     0.0002531     
9.6700000     1.2695500     -0.0000000    0.0007993     0.0002511     
9.6800000     1.2695500     -0.0000000    0.0007930     0.0002492     
9.6900000     1.2695500     -0.0000000    0.0007867     0.0002472     
9.7000000     1.2695500     -0.0000000    0.0007805     0.0002453     
9.7100000     1.2695500     -0.0000000    0.0007744     0.0002433     
9.7200000     1.2695500     -0.0000000    0.0007683     0.0002414     
9.7300000     1.2695500     -0.0000000    0.0007622     0.0002395     
9.7400000     1.2695500     -0.0000000    0.0007562     0.0002376     
9.7500000     1.2695500     -0.0000000    0.0007503     0.0002357     
9.7600000     1.2695500     -0.0000000    0.0007444     0.0002339     
9.7700000     1.2695500     -0.0000000    0.0007385     0.0002320     
9.7800000     1.2695500     -0.0000000    0.0007327     0.0002302     
9.7900000     1.2695500     -0.0000000    0.0007269     0.0002284     
9.8000000     1.2695500     -0.0000000    0.0007212     0.0002266     
9.8100000     1.2695500     -0.0000000    0.0007155     0.0002248     
9.8200000     1.2695500     -0.0000000    0.0007099     0.0002230     
9.8300000     1.2695500     -0.0000000    0.0007043     0.0002213     
9.8400000     1.2695500     -0.0000000    0.0006987     0.0002195     
9.8500000     1.2695500     -0.0000000    0.0006932     0.0002178     
9.8600000     1.2695500     -0.0000000    0.0006878     0.0002161     
9.8700000     1.2695500     -0.0000000    0.0006824     0.0002144     
9.8800000     1.2695500     -0.0000000    0.0006770     0.0002127     
9.8900000     1.2695500     -0.0000000    0.0006717     0.0002110     
9.9000000     1.2695500     -0.0000000    0.0006664     0.0002094     
9.9100000     1.2695500     -0.0000000    0.0006611     0.0002077     
9.9200000     1.2695500     -0.0000000    0.0006559     0.0002061     
9.9300000     1.2695500     -0.0000000    0.0006508     0.0002045     
9.9400000     1.2695500     -0.0000000    0.0006456     0.0002029     
9.9500000     1.2695500     -0.0000000    0.0006406     0.0002013     
9.9600000     1.2695500     -0.0000000    0.0006355     0.0001997     
9.9700000     1.2695500     -0.0000000    0.0006305     0.0001981     
9.9800000     1.2695500     -0.0000000    0.0006255     0.0001965     
9.9900000     1.2695500     -0.0000000    0.0006206     0.0001950     
10.0000000    1.2695500     -0.0000000    0.0006157     0.0001935     
