#   delta = 1.000, g = 0.400, ds = 0.010
#   s             E             dE       ||Gammaod||    ||eta2B||    

0.0000000     1.6000000     -0.0933333    1.1313708     0.3590110     
0.0100000     1.5990708     -0.0925068    1.1213788     0.3590110     
0.0200000     1.5981579     -0.0908821    1.1114781     0.3558575     
0.0300000     1.5972611     -0.0892863    1.1016678     0.3527319     
0.0400000     1.5963800     -0.0877189    1.0919470     0.3496340     
0.0500000     1.5955143     -0.0861794    1.0823149     0.3465635     
0.0600000     1.5946639     -0.0846672    1.0727705     0.3435203     
0.0700000     1.5938284     -0.0831819    1.0633130     0.3405040     
0.0800000     1.5930075     -0.0817230    1.0539416     0.3375144     
0.0900000     1.5922010     -0.0802899    1.0446553     0.3345512     
0.1000000     1.5914087     -0.0788823    1.0354533     0.3316143     
0.1100000     1.5906302     -0.0774997    1.0263348     0.3287034     
0.1200000     1.5898654     -0.0761415    1.0172990     0.3258183     
0.1300000     1.5891140     -0.0748074    1.0083451     0.3229586     
0.1400000     1.5883758     -0.0734970    0.9994723     0.3201243     
0.1500000     1.5876505     -0.0722098    0.9906797     0.3173150     
0.1600000     1.5869378     -0.0709453    0.9819666     0.3145306     
0.1700000     1.5862377     -0.0697033    0.9733322     0.3117707     
0.1800000     1.5855498     -0.0684832    0.9647758     0.3090353     
0.1900000     1.5848740     -0.0672846    0.9562965     0.3063241     
0.2000000     1.5842100     -0.0661073    0.9478938     0.3036368     
0.2100000     1.5835576     -0.0649507    0.9395667     0.3009732     
0.2200000     1.5829166     -0.0638146    0.9313146     0.2983332     
0.2300000     1.5822868     -0.0626986    0.9231367     0.2957165     
0.2400000     1.5816681     -0.0616022    0.9150324     0.2931229     
0.2500000     1.5810601     -0.0605252    0.9070010     0.2905522     
0.2600000     1.5804628     -0.0594673    0.8990417     0.2880042     
0.2700000     1.5798760     -0.0584279    0.8911538     0.2854787     
0.2800000     1.5792993     -0.0574069    0.8833367     0.2829755     
0.2900000     1.5787328     -0.0564039    0.8755896     0.2804944     
0.3000000     1.5781762     -0.0554185    0.8679120     0.2780351     
0.3100000     1.5776292     -0.0544506    0.8603032     0.2755976     
0.3200000     1.5770919     -0.0534996    0.8527624     0.2731816     
0.3300000     1.5765639     -0.0525654    0.8452892     0.2707869     
0.3400000     1.5760451     -0.0516477    0.8378827     0.2684133     
0.3500000     1.5755354     -0.0507461    0.8305424     0.2660606     
0.3600000     1.5750346     -0.0498603    0.8232677     0.2637287     
0.3700000     1.5745425     -0.0489901    0.8160580     0.2614174     
0.3800000     1.5740590     -0.0481353    0.8089126     0.2591264     
0.3900000     1.5735840     -0.0472954    0.8018309     0.2568556     
0.4000000     1.5731172     -0.0464704    0.7948123     0.2546049     
0.4100000     1.5726586     -0.0456598    0.7878563     0.2523739     
0.4200000     1.5722080     -0.0448634    0.7809622     0.2501627     
0.4300000     1.5717652     -0.0440811    0.7741296     0.2479709     
0.4400000     1.5713302     -0.0433124    0.7673577     0.2457984     
0.4500000     1.5709027     -0.0425573    0.7606460     0.2436451     
0.4600000     1.5704827     -0.0418154    0.7539940     0.2415107     
0.4700000     1.5700701     -0.0410865    0.7474012     0.2393951     
0.4800000     1.5696646     -0.0403704    0.7408669     0.2372982     
0.4900000     1.5692661     -0.0396669    0.7343906     0.2352197     
0.5000000     1.5688747     -0.0389757    0.7279718     0.2331595     
0.5100000     1.5684900     -0.0382967    0.7216099     0.2311175     
0.5200000     1.5681120     -0.0376295    0.7153045     0.2290934     
0.5300000     1.5677407     -0.0369740    0.7090550     0.2270872     
0.5400000     1.5673758     -0.0363300    0.7028608     0.2250986     
0.5500000     1.5670172     -0.0356973    0.6967216     0.2231275     
0.5600000     1.5666649     -0.0350757    0.6906367     0.2211738     
0.5700000     1.5663187     -0.0344649    0.6846056     0.2192372     
0.5800000     1.5659786     -0.0338648    0.6786280     0.2173177     
0.5900000     1.5656444     -0.0332753    0.6727032     0.2154151     
0.6000000     1.5653160     -0.0326960    0.6668308     0.2135292     
0.6100000     1.5649933     -0.0321269    0.6610103     0.2116599     
0.6200000     1.5646762     -0.0315678    0.6552413     0.2098070     
0.6300000     1.5643647     -0.0310184    0.6495232     0.2079705     
0.6400000     1.5640585     -0.0304787    0.6438556     0.2061501     
0.6500000     1.5637577     -0.0299483    0.6382381     0.2043456     
0.6600000     1.5634622     -0.0294273    0.6326701     0.2025571     
0.6700000     1.5631717     -0.0289153    0.6271513     0.2007843     
0.6800000     1.5628864     -0.0284123    0.6216812     0.1990270     
0.6900000     1.5626059     -0.0279181    0.6162593     0.1972852     
0.7000000     1.5623304     -0.0274326    0.6108852     0.1955588     
0.7100000     1.5620597     -0.0269555    0.6055584     0.1938475     
0.7200000     1.5617936     -0.0264867    0.6002786     0.1921512     
0.7300000     1.5615322     -0.0260261    0.5950453     0.1904698     
0.7400000     1.5612754     -0.0255736    0.5898581     0.1888032     
0.7500000     1.5610230     -0.0251290    0.5847166     0.1871513     
0.7600000     1.5607750     -0.0246921    0.5796203     0.1855139     
0.7700000     1.5605313     -0.0242629    0.5745688     0.1838908     
0.7800000     1.5602918     -0.0238411    0.5695618     0.1822820     
0.7900000     1.5600565     -0.0234267    0.5645988     0.1806874     
0.8000000     1.5598253     -0.0230196    0.5596795     0.1791067     
0.8100000     1.5595981     -0.0226195    0.5548034     0.1775399     
0.8200000     1.5593749     -0.0222264    0.5499701     0.1759869     
0.8300000     1.5591555     -0.0218402    0.5451794     0.1744475     
0.8400000     1.5589400     -0.0214607    0.5404307     0.1729217     
0.8500000     1.5587281     -0.0210878    0.5357237     0.1714092     
0.8600000     1.5585200     -0.0207215    0.5310580     0.1699100     
0.8700000     1.5583155     -0.0203615    0.5264333     0.1684240     
0.8800000     1.5581146     -0.0200078    0.5218492     0.1669510     
0.8900000     1.5579171     -0.0196602    0.5173054     0.1654910     
0.9000000     1.5577231     -0.0193187    0.5128014     0.1640437     
0.9100000     1.5575324     -0.0189832    0.5083369     0.1626092     
0.9200000     1.5573450     -0.0186535    0.5039115     0.1611873     
0.9300000     1.5571609     -0.0183295    0.4995250     0.1597778     
0.9400000     1.5569800     -0.0180112    0.4951769     0.1583807     
0.9500000     1.5568023     -0.0176985    0.4908669     0.1569959     
0.9600000     1.5566276     -0.0173912    0.4865947     0.1556232     
0.9700000     1.5564559     -0.0170892    0.4823599     0.1542625     
0.9800000     1.5562873     -0.0167925    0.4781622     0.1529138     
0.9900000     1.5561216     -0.0165009    0.4740013     0.1515769     
1.0000000     1.5559587     -0.0162145    0.4698768     0.1502518     
1.0100000     1.5557987     -0.0159330    0.4657884     0.1489383     
1.0200000     1.5556414     -0.0156564    0.4617358     0.1476363     
1.0300000     1.5554869     -0.0153847    0.4577187     0.1463457     
1.0400000     1.5553351     -0.0151176    0.4537368     0.1450664     
1.0500000     1.5551859     -0.0148552    0.4497897     0.1437984     
1.0600000     1.5550392     -0.0145974    0.4458771     0.1425414     
1.0700000     1.5548952     -0.0143441    0.4419988     0.1412955     
1.0800000     1.5547536     -0.0140951    0.4381543     0.1400605     
1.0900000     1.5546145     -0.0138505    0.4343435     0.1388364     
1.1000000     1.5544778     -0.0136102    0.4305660     0.1376229     
1.1100000     1.5543435     -0.0133740    0.4268215     0.1364202     
1.1200000     1.5542115     -0.0131420    0.4231098     0.1352279     
1.1300000     1.5540818     -0.0129140    0.4194305     0.1340461     
1.1400000     1.5539543     -0.0126899    0.4157833     0.1328747     
1.1500000     1.5538291     -0.0124697    0.4121681     0.1317135     
1.1600000     1.5537060     -0.0122534    0.4085844     0.1305625     
1.1700000     1.5535851     -0.0120408    0.4050320     0.1294216     
1.1800000     1.5534662     -0.0118320    0.4015106     0.1282907     
1.1900000     1.5533494     -0.0116267    0.3980200     0.1271697     
1.2000000     1.5532347     -0.0114250    0.3945599     0.1260586     
1.2100000     1.5531219     -0.0112269    0.3911299     0.1249571     
1.2200000     1.5530111     -0.0110321    0.3877300     0.1238654     
1.2300000     1.5529022     -0.0108408    0.3843597     0.1227831     
1.2400000     1.5527953     -0.0106528    0.3810188     0.1217104     
1.2500000     1.5526901     -0.0104680    0.3777071     0.1206471     
1.2600000     1.5525868     -0.0102865    0.3744242     0.1195930     
1.2700000     1.5524853     -0.0101081    0.3711700     0.1185482     
1.2800000     1.5523855     -0.0099328    0.3679442     0.1175126     
1.2900000     1.5522875     -0.0097605    0.3647466     0.1164860     
1.3000000     1.5521912     -0.0095913    0.3615768     0.1154685     
1.3100000     1.5520965     -0.0094250    0.3584347     0.1144598     
1.3200000     1.5520035     -0.0092616    0.3553200     0.1134600     
1.3300000     1.5519121     -0.0091010    0.3522324     0.1124689     
1.3400000     1.5518222     -0.0089432    0.3491718     0.1114865     
1.3500000     1.5517340     -0.0087881    0.3461378     0.1105127     
1.3600000     1.5516472     -0.0086358    0.3431303     0.1095475     
1.3700000     1.5515620     -0.0084860    0.3401490     0.1085907     
1.3800000     1.5514783     -0.0083389    0.3371937     0.1076422     
1.3900000     1.5513960     -0.0081944    0.3342642     0.1067021     
1.4000000     1.5513151     -0.0080523    0.3313602     0.1057702     
1.4100000     1.5512356     -0.0079127    0.3284814     0.1048465     
1.4200000     1.5511575     -0.0077756    0.3256278     0.1039308     
1.4300000     1.5510808     -0.0076408    0.3227990     0.1030232     
1.4400000     1.5510054     -0.0075083    0.3199949     0.1021235     
1.4500000     1.5509313     -0.0073782    0.3172152     0.1012317     
1.4600000     1.5508585     -0.0072503    0.3144597     0.1003477     
1.4700000     1.5507869     -0.0071246    0.3117282     0.0994714     
1.4800000     1.5507166     -0.0070011    0.3090205     0.0986028     
1.4900000     1.5506475     -0.0068798    0.3063364     0.0977418     
1.5000000     1.5505796     -0.0067606    0.3036757     0.0968883     
1.5100000     1.5505129     -0.0066434    0.3010381     0.0960423     
1.5200000     1.5504473     -0.0065283    0.2984235     0.0952037     
1.5300000     1.5503829     -0.0064151    0.2958316     0.0943725     
1.5400000     1.5503196     -0.0063040    0.2932623     0.0935485     
1.5500000     1.5502573     -0.0061947    0.2907154     0.0927317     
1.5600000     1.5501962     -0.0060874    0.2881906     0.0919221     
1.5700000     1.5501361     -0.0059819    0.2856878     0.0911196     
1.5800000     1.5500771     -0.0058782    0.2832068     0.0903241     
1.5900000     1.5500191     -0.0057764    0.2807474     0.0895355     
1.6000000     1.5499621     -0.0056763    0.2783094     0.0887538     
1.6100000     1.5499060     -0.0055779    0.2758926     0.0879790     
1.6200000     1.5498510     -0.0054813    0.2734969     0.0872110     
1.6300000     1.5497969     -0.0053863    0.2711219     0.0864497     
1.6400000     1.5497437     -0.0052930    0.2687677     0.0856950     
1.6500000     1.5496915     -0.0052013    0.2664339     0.0849469     
1.6600000     1.5496402     -0.0051111    0.2641204     0.0842054     
1.6700000     1.5495897     -0.0050226    0.2618271     0.0834704     
1.6800000     1.5495402     -0.0049356    0.2595537     0.0827418     
1.6900000     1.5494914     -0.0048501    0.2573000     0.0820196     
1.7000000     1.5494436     -0.0047660    0.2550660     0.0813037     
1.7100000     1.5493965     -0.0046835    0.2528514     0.0805940     
1.7200000     1.5493503     -0.0046023    0.2506561     0.0798906     
1.7300000     1.5493049     -0.0045226    0.2484798     0.0791933     
1.7400000     1.5492603     -0.0044442    0.2463225     0.0785021     
1.7500000     1.5492164     -0.0043673    0.2441839     0.0778169     
1.7600000     1.5491733     -0.0042916    0.2420640     0.0771378     
1.7700000     1.5491309     -0.0042173    0.2399624     0.0764645     
1.7800000     1.5490893     -0.0041442    0.2378792     0.0757972     
1.7900000     1.5490484     -0.0040724    0.2358140     0.0751357     
1.8000000     1.5490082     -0.0040019    0.2337668     0.0744800     
1.8100000     1.5489687     -0.0039326    0.2317374     0.0738300     
1.8200000     1.5489299     -0.0038644    0.2297256     0.0731857     
1.8300000     1.5488918     -0.0037975    0.2277314     0.0725471     
1.8400000     1.5488543     -0.0037317    0.2257544     0.0719140     
1.8500000     1.5488175     -0.0036671    0.2237947     0.0712864     
1.8600000     1.5487813     -0.0036036    0.2218519     0.0706644     
1.8700000     1.5487457     -0.0035412    0.2199261     0.0700477     
1.8800000     1.5487108     -0.0034798    0.2180170     0.0694365     
1.8900000     1.5486764     -0.0034196    0.2161245     0.0688306     
1.9000000     1.5486427     -0.0033603    0.2142484     0.0682300     
1.9100000     1.5486095     -0.0033021    0.2123887     0.0676347     
1.9200000     1.5485769     -0.0032449    0.2105451     0.0670445     
1.9300000     1.5485449     -0.0031887    0.2087175     0.0664596     
1.9400000     1.5485134     -0.0031335    0.2069058     0.0658797     
1.9500000     1.5484825     -0.0030792    0.2051098     0.0653049     
1.9600000     1.5484521     -0.0030259    0.2033294     0.0647351     
1.9700000     1.5484223     -0.0029735    0.2015646     0.0641703     
1.9800000     1.5483929     -0.0029220    0.1998150     0.0636105     
1.9900000     1.5483641     -0.0028714    0.1980807     0.0630555     
2.0000000     1.5483357     -0.0028217    0.1963614     0.0625054     
2.0100000     1.5483079     -0.0027728    0.1946570     0.0619601     
2.0200000     1.5482805     -0.0027248    0.1929675     0.0614195     
2.0300000     1.5482536     -0.0026776    0.1912926     0.0608837     
2.0400000     1.5482272     -0.0026313    0.1896323     0.0603526     
2.0500000     1.5482013     -0.0025857    0.1879864     0.0598261     
2.0600000     1.5481757     -0.0025409    0.1863548     0.0593042     
2.0700000     1.5481507     -0.0024969    0.1847374     0.0587868     
2.0800000     1.5481260     -0.0024537    0.1831340     0.0582740     
2.0900000     1.5481018     -0.0024112    0.1815445     0.0577657     
2.1000000     1.5480780     -0.0023694    0.1799689     0.0572618     
2.1100000     1.5480546     -0.0023284    0.1784069     0.0567623     
2.1200000     1.5480316     -0.0022881    0.1768585     0.0562671     
2.1300000     1.5480091     -0.0022485    0.1753236     0.0557763     
2.1400000     1.5479869     -0.0022095    0.1738019     0.0552898     
2.1500000     1.5479651     -0.0021713    0.1722935     0.0548076     
2.1600000     1.5479436     -0.0021337    0.1707982     0.0543295     
2.1700000     1.5479226     -0.0020967    0.1693159     0.0538556     
2.1800000     1.5479019     -0.0020604    0.1678465     0.0533859     
2.1900000     1.5478816     -0.0020248    0.1663898     0.0529203     
2.2000000     1.5478616     -0.0019897    0.1649457     0.0524587     
2.2100000     1.5478419     -0.0019552    0.1635142     0.0520012     
2.2200000     1.5478227     -0.0019214    0.1620952     0.0515476     
2.2300000     1.5478037     -0.0018881    0.1606884     0.0510980     
2.2400000     1.5477851     -0.0018554    0.1592939     0.0506524     
2.2500000     1.5477667     -0.0018233    0.1579114     0.0502106     
2.2600000     1.5477488     -0.0017917    0.1565410     0.0497727     
2.2700000     1.5477311     -0.0017607    0.1551825     0.0493386     
2.2800000     1.5477137     -0.0017302    0.1538358     0.0489084     
2.2900000     1.5476966     -0.0017003    0.1525007     0.0484818     
2.3000000     1.5476798     -0.0016708    0.1511773     0.0480590     
2.3100000     1.5476634     -0.0016419    0.1498653     0.0476399     
2.3200000     1.5476472     -0.0016135    0.1485648     0.0472245     
2.3300000     1.5476312     -0.0015856    0.1472755     0.0468127     
2.3400000     1.5476156     -0.0015581    0.1459974     0.0464044     
2.3500000     1.5476002     -0.0015311    0.1447304     0.0459998     
2.3600000     1.5475851     -0.0015046    0.1434744     0.0455986     
2.3700000     1.5475703     -0.0014786    0.1422293     0.0452010     
2.3800000     1.5475557     -0.0014530    0.1409951     0.0448069     
2.3900000     1.5475413     -0.0014278    0.1397715     0.0444162     
2.4000000     1.5475272     -0.0014031    0.1385586     0.0440289     
2.4100000     1.5475134     -0.0013788    0.1373562     0.0436449     
2.4200000     1.5474998     -0.0013549    0.1361642     0.0432644     
2.4300000     1.5474864     -0.0013315    0.1349826     0.0428871     
2.4400000     1.5474733     -0.0013084    0.1338112     0.0425132     
2.4500000     1.5474604     -0.0012858    0.1326500     0.0421425     
2.4600000     1.5474477     -0.0012635    0.1314989     0.0417751     
2.4700000     1.5474352     -0.0012417    0.1303577     0.0414108     
2.4800000     1.5474230     -0.0012202    0.1292265     0.0410498     
2.4900000     1.5474109     -0.0011990    0.1281051     0.0406919     
2.5000000     1.5473991     -0.0011783    0.1269934     0.0403371     
2.5100000     1.5473875     -0.0011579    0.1258914     0.0399854     
2.5200000     1.5473760     -0.0011378    0.1247989     0.0396368     
2.5300000     1.5473648     -0.0011181    0.1237160     0.0392912     
2.5400000     1.5473538     -0.0010988    0.1226424     0.0389486     
2.5500000     1.5473429     -0.0010798    0.1215781     0.0386091     
2.5600000     1.5473323     -0.0010611    0.1205231     0.0382725     
2.5700000     1.5473218     -0.0010427    0.1194772     0.0379388     
2.5800000     1.5473115     -0.0010247    0.1184404     0.0376081     
2.5900000     1.5473014     -0.0010069    0.1174127     0.0372802     
2.6000000     1.5472915     -0.0009895    0.1163938     0.0369552     
2.6100000     1.5472817     -0.0009724    0.1153838     0.0366330     
2.6200000     1.5472721     -0.0009555    0.1143825     0.0363137     
2.6300000     1.5472627     -0.0009390    0.1133899     0.0359971     
2.6400000     1.5472534     -0.0009227    0.1124060     0.0356833     
2.6500000     1.5472443     -0.0009068    0.1114305     0.0353723     
2.6600000     1.5472354     -0.0008911    0.1104636     0.0350639     
2.6700000     1.5472266     -0.0008757    0.1095050     0.0347583     
2.6800000     1.5472179     -0.0008605    0.1085548     0.0344553     
2.6900000     1.5472094     -0.0008456    0.1076128     0.0341549     
2.7000000     1.5472011     -0.0008310    0.1066790     0.0338572     
2.7100000     1.5471929     -0.0008166    0.1057533     0.0335621     
2.7200000     1.5471848     -0.0008024    0.1048356     0.0332695     
2.7300000     1.5471769     -0.0007886    0.1039259     0.0329795     
2.7400000     1.5471691     -0.0007749    0.1030240     0.0326921     
2.7500000     1.5471615     -0.0007615    0.1021300     0.0324071     
2.7600000     1.5471540     -0.0007483    0.1012438     0.0321246     
2.7700000     1.5471466     -0.0007354    0.1003652     0.0318446     
2.7800000     1.5471393     -0.0007226    0.0994943     0.0315671     
2.7900000     1.5471322     -0.0007101    0.0986309     0.0312919     
2.8000000     1.5471252     -0.0006978    0.0977751     0.0310192     
2.8100000     1.5471183     -0.0006858    0.0969266     0.0307488     
2.8200000     1.5471116     -0.0006739    0.0960855     0.0304808     
2.8300000     1.5471049     -0.0006622    0.0952517     0.0302151     
2.8400000     1.5470984     -0.0006508    0.0944252     0.0299518     
2.8500000     1.5470920     -0.0006395    0.0936058     0.0296908     
2.8600000     1.5470856     -0.0006284    0.0927935     0.0294320     
2.8700000     1.5470794     -0.0006176    0.0919883     0.0291755     
2.8800000     1.5470733     -0.0006069    0.0911901     0.0289212     
2.8900000     1.5470674     -0.0005964    0.0903988     0.0286691     
2.9000000     1.5470615     -0.0005860    0.0896143     0.0284193     
2.9100000     1.5470557     -0.0005759    0.0888367     0.0281716     
2.9200000     1.5470500     -0.0005659    0.0880658     0.0279261     
2.9300000     1.5470444     -0.0005561    0.0873016     0.0276827     
2.9400000     1.5470389     -0.0005465    0.0865440     0.0274415     
2.9500000     1.5470336     -0.0005371    0.0857930     0.0272023     
2.9600000     1.5470283     -0.0005278    0.0850486     0.0269653     
2.9700000     1.5470230     -0.0005186    0.0843106     0.0267303     
2.9800000     1.5470179     -0.0005096    0.0835789     0.0264973     
2.9900000     1.5470129     -0.0005008    0.0828537     0.0262664     
3.0000000     1.5470080     -0.0004922    0.0821347     0.0260375     
3.0100000     1.5470031     -0.0004836    0.0814220     0.0258106     
3.0200000     1.5469983     -0.0004753    0.0807154     0.0255857     
3.0300000     1.5469936     -0.0004670    0.0800150     0.0253628     
3.0400000     1.5469890     -0.0004590    0.0793207     0.0251417     
3.0500000     1.5469845     -0.0004510    0.0786323     0.0249227     
3.0600000     1.5469801     -0.0004432    0.0779500     0.0247055     
3.0700000     1.5469757     -0.0004355    0.0772736     0.0244902     
3.0800000     1.5469714     -0.0004280    0.0766030     0.0242768     
3.0900000     1.5469672     -0.0004206    0.0759383     0.0240653     
3.1000000     1.5469630     -0.0004133    0.0752793     0.0238556     
3.1100000     1.5469589     -0.0004062    0.0746261     0.0236477     
3.1200000     1.5469549     -0.0003991    0.0739785     0.0234417     
3.1300000     1.5469510     -0.0003922    0.0733365     0.0232374     
3.1400000     1.5469471     -0.0003854    0.0727001     0.0230349     
3.1500000     1.5469433     -0.0003788    0.0720693     0.0228342     
3.1600000     1.5469396     -0.0003722    0.0714439     0.0226353     
3.1700000     1.5469359     -0.0003658    0.0708239     0.0224380     
3.1800000     1.5469323     -0.0003594    0.0702093     0.0222425     
3.1900000     1.5469288     -0.0003532    0.0696001     0.0220487     
3.2000000     1.5469253     -0.0003471    0.0689961     0.0218566     
3.2100000     1.5469219     -0.0003411    0.0683974     0.0216662     
3.2200000     1.5469185     -0.0003352    0.0678038     0.0214774     
3.2300000     1.5469152     -0.0003294    0.0672154     0.0212903     
3.2400000     1.5469119     -0.0003237    0.0666322     0.0211048     
3.2500000     1.5469087     -0.0003181    0.0660539     0.0209209     
3.2600000     1.5469056     -0.0003126    0.0654807     0.0207387     
3.2700000     1.5469025     -0.0003072    0.0649125     0.0205580     
3.2800000     1.5468995     -0.0003019    0.0643492     0.0203789     
3.2900000     1.5468965     -0.0002966    0.0637908     0.0202013     
3.3000000     1.5468936     -0.0002915    0.0632372     0.0200253     
3.3100000     1.5468907     -0.0002865    0.0626885     0.0198509     
3.3200000     1.5468879     -0.0002815    0.0621445     0.0196779     
3.3300000     1.5468851     -0.0002766    0.0616052     0.0195065     
3.3400000     1.5468824     -0.0002718    0.0610706     0.0193366     
3.3500000     1.5468797     -0.0002671    0.0605406     0.0191681     
3.3600000     1.5468771     -0.0002625    0.0600153     0.0190011     
3.3700000     1.5468745     -0.0002580    0.0594944     0.0188356     
3.3800000     1.5468719     -0.0002535    0.0589782     0.0186715     
3.3900000     1.5468694     -0.0002491    0.0584664     0.0185089     
3.4000000     1.5468670     -0.0002448    0.0579590     0.0183476     
3.4100000     1.5468646     -0.0002406    0.0574560     0.0181878     
3.4200000     1.5468622     -0.0002364    0.0569574     0.0180293     
3.4300000     1.5468599     -0.0002323    0.0564631     0.0178723     
3.4400000     1.5468576     -0.0002283    0.0559732     0.0177166     
3.4500000     1.5468553     -0.0002244    0.0554874     0.0175623     
3.4600000     1.5468531     -0.0002205    0.0550059     0.0174093     
3.4700000     1.5468509     -0.0002167    0.0545286     0.0172576     
3.4800000     1.5468488     -0.0002129    0.0540554     0.0171073     
3.4900000     1.5468467     -0.0002092    0.0535863     0.0169583     
3.5000000     1.5468446     -0.0002056    0.0531212     0.0168106     
3.5100000     1.5468426     -0.0002020    0.0526602     0.0166641     
3.5200000     1.5468406     -0.0001985    0.0522033     0.0165190     
3.5300000     1.5468386     -0.0001951    0.0517502     0.0163751     
3.5400000     1.5468367     -0.0001917    0.0513011     0.0162325     
3.5500000     1.5468348     -0.0001884    0.0508559     0.0160911     
3.5600000     1.5468330     -0.0001852    0.0504146     0.0159509     
3.5700000     1.5468312     -0.0001819    0.0499771     0.0158120     
3.5800000     1.5468294     -0.0001788    0.0495434     0.0156742     
3.5900000     1.5468276     -0.0001757    0.0491134     0.0155377     
3.6000000     1.5468259     -0.0001727    0.0486872     0.0154024     
3.6100000     1.5468242     -0.0001697    0.0482647     0.0152682     
3.6200000     1.5468225     -0.0001667    0.0478459     0.0151352     
3.6300000     1.5468208     -0.0001639    0.0474306     0.0150034     
3.6400000     1.5468192     -0.0001610    0.0470190     0.0148727     
3.6500000     1.5468176     -0.0001582    0.0466110     0.0147432     
3.6600000     1.5468161     -0.0001555    0.0462065     0.0146148     
3.6700000     1.5468145     -0.0001528    0.0458055     0.0144875     
3.6800000     1.5468130     -0.0001502    0.0454080     0.0143613     
3.6900000     1.5468116     -0.0001476    0.0450139     0.0142362     
3.7000000     1.5468101     -0.0001450    0.0446233     0.0141123     
3.7100000     1.5468087     -0.0001425    0.0442360     0.0139893     
3.7200000     1.5468073     -0.0001400    0.0438521     0.0138675     
3.7300000     1.5468059     -0.0001376    0.0434715     0.0137467     
3.7400000     1.5468045     -0.0001352    0.0430943     0.0136270     
3.7500000     1.5468032     -0.0001329    0.0427203     0.0135083     
3.7600000     1.5468019     -0.0001306    0.0423495     0.0133907     
3.7700000     1.5468006     -0.0001283    0.0419820     0.0132741     
3.7800000     1.5467993     -0.0001261    0.0416177     0.0131585     
3.7900000     1.5467981     -0.0001239    0.0412565     0.0130439     
3.8000000     1.5467969     -0.0001218    0.0408984     0.0129303     
3.8100000     1.5467957     -0.0001197    0.0405435     0.0128177     
3.8200000     1.5467945     -0.0001176    0.0401917     0.0127060     
3.8300000     1.5467933     -0.0001156    0.0398429     0.0125954     
3.8400000     1.5467922     -0.0001136    0.0394971     0.0124857     
3.8500000     1.5467911     -0.0001116    0.0391543     0.0123770     
3.8600000     1.5467900     -0.0001097    0.0388145     0.0122692     
3.8700000     1.5467889     -0.0001078    0.0384776     0.0121623     
3.8800000     1.5467878     -0.0001059    0.0381437     0.0120564     
3.8900000     1.5467868     -0.0001041    0.0378127     0.0119514     
3.9000000     1.5467858     -0.0001023    0.0374845     0.0118473     
3.9100000     1.5467847     -0.0001005    0.0371592     0.0117442     
3.9200000     1.5467838     -0.0000988    0.0368367     0.0116419     
3.9300000     1.5467828     -0.0000971    0.0365170     0.0115405     
3.9400000     1.5467818     -0.0000954    0.0362001     0.0114400     
3.9500000     1.5467809     -0.0000937    0.0358859     0.0113404     
3.9600000     1.5467800     -0.0000921    0.0355745     0.0112417     
3.9700000     1.5467791     -0.0000905    0.0352657     0.0111438     
3.9800000     1.5467782     -0.0000889    0.0349597     0.0110467     
3.9900000     1.5467773     -0.0000874    0.0346563     0.0109505     
4.0000000     1.5467764     -0.0000859    0.0343555     0.0108552     
4.0100000     1.5467756     -0.0000844    0.0340573     0.0107607     
4.0200000     1.5467747     -0.0000829    0.0337617     0.0106670     
4.0300000     1.5467739     -0.0000815    0.0334687     0.0105741     
4.0400000     1.5467731     -0.0000801    0.0331783     0.0104820     
4.0500000     1.5467723     -0.0000787    0.0328903     0.0103907     
4.0600000     1.5467716     -0.0000774    0.0326049     0.0103003     
4.0700000     1.5467708     -0.0000760    0.0323219     0.0102106     
4.0800000     1.5467700     -0.0000747    0.0320414     0.0101217     
4.0900000     1.5467693     -0.0000734    0.0317633     0.0100335     
4.1000000     1.5467686     -0.0000721    0.0314876     0.0099462     
4.1100000     1.5467679     -0.0000709    0.0312143     0.0098596     
4.1200000     1.5467672     -0.0000697    0.0309434     0.0097737     
4.1300000     1.5467665     -0.0000685    0.0306749     0.0096886     
4.1400000     1.5467658     -0.0000673    0.0304086     0.0096043     
4.1500000     1.5467652     -0.0000661    0.0301447     0.0095206     
4.1600000     1.5467645     -0.0000650    0.0298831     0.0094377     
4.1700000     1.5467639     -0.0000638    0.0296237     0.0093556     
4.1800000     1.5467632     -0.0000627    0.0293666     0.0092741     
4.1900000     1.5467626     -0.0000617    0.0291118     0.0091934     
4.2000000     1.5467620     -0.0000606    0.0288591     0.0091133     
4.2100000     1.5467614     -0.0000595    0.0286086     0.0090340     
4.2200000     1.5467608     -0.0000585    0.0283603     0.0089553     
4.2300000     1.5467603     -0.0000575    0.0281142     0.0088773     
4.2400000     1.5467597     -0.0000565    0.0278702     0.0088001     
4.2500000     1.5467591     -0.0000555    0.0276283     0.0087234     
4.2600000     1.5467586     -0.0000546    0.0273885     0.0086475     
4.2700000     1.5467580     -0.0000536    0.0271508     0.0085722     
4.2800000     1.5467575     -0.0000527    0.0269151     0.0084976     
4.2900000     1.5467570     -0.0000518    0.0266815     0.0084236     
4.3000000     1.5467565     -0.0000509    0.0264500     0.0083502     
4.3100000     1.5467560     -0.0000500    0.0262204     0.0082776     
4.3200000     1.5467555     -0.0000491    0.0259928     0.0082055     
4.3300000     1.5467550     -0.0000483    0.0257672     0.0081340     
4.3400000     1.5467545     -0.0000475    0.0255436     0.0080632     
4.3500000     1.5467541     -0.0000466    0.0253219     0.0079930     
4.3600000     1.5467536     -0.0000458    0.0251021     0.0079235     
4.3700000     1.5467532     -0.0000450    0.0248842     0.0078545     
4.3800000     1.5467527     -0.0000443    0.0246682     0.0077861     
4.3900000     1.5467523     -0.0000435    0.0244541     0.0077183     
4.4000000     1.5467518     -0.0000427    0.0242419     0.0076511     
4.4100000     1.5467514     -0.0000420    0.0240315     0.0075845     
4.4200000     1.5467510     -0.0000413    0.0238229     0.0075185     
4.4300000     1.5467506     -0.0000406    0.0236161     0.0074530     
4.4400000     1.5467502     -0.0000399    0.0234112     0.0073881     
4.4500000     1.5467498     -0.0000392    0.0232080     0.0073238     
4.4600000     1.5467494     -0.0000385    0.0230065     0.0072601     
4.4700000     1.5467491     -0.0000378    0.0228068     0.0071969     
4.4800000     1.5467487     -0.0000372    0.0226089     0.0071342     
4.4900000     1.5467483     -0.0000365    0.0224126     0.0070721     
4.5000000     1.5467480     -0.0000359    0.0222181     0.0070106     
4.5100000     1.5467476     -0.0000353    0.0220253     0.0069495     
4.5200000     1.5467473     -0.0000347    0.0218341     0.0068890     
4.5300000     1.5467469     -0.0000341    0.0216446     0.0068291     
4.5400000     1.5467466     -0.0000335    0.0214567     0.0067696     
4.5500000     1.5467462     -0.0000329    0.0212705     0.0067107     
4.5600000     1.5467459     -0.0000323    0.0210859     0.0066523     
4.5700000     1.5467456     -0.0000318    0.0209028     0.0065944     
4.5800000     1.5467453     -0.0000312    0.0207214     0.0065370     
4.5900000     1.5467450     -0.0000307    0.0205416     0.0064801     
4.6000000     1.5467447     -0.0000301    0.0203633     0.0064236     
4.6100000     1.5467444     -0.0000296    0.0201865     0.0063677     
4.6200000     1.5467441     -0.0000291    0.0200113     0.0063123     
4.6300000     1.5467438     -0.0000286    0.0198376     0.0062574     
4.6400000     1.5467435     -0.0000281    0.0196654     0.0062029     
4.6500000     1.5467432     -0.0000276    0.0194947     0.0061489     
4.6600000     1.5467430     -0.0000271    0.0193255     0.0060954     
4.6700000     1.5467427     -0.0000267    0.0191578     0.0060423     
4.6800000     1.5467424     -0.0000262    0.0189915     0.0059897     
4.6900000     1.5467422     -0.0000258    0.0188266     0.0059376     
4.7000000     1.5467419     -0.0000253    0.0186632     0.0058859     
4.7100000     1.5467417     -0.0000249    0.0185012     0.0058347     
4.7200000     1.5467414     -0.0000244    0.0183406     0.0057839     
4.7300000     1.5467412     -0.0000240    0.0181815     0.0057335     
4.7400000     1.5467410     -0.0000236    0.0180236     0.0056836     
4.7500000     1.5467407     -0.0000232    0.0178672     0.0056342     
4.7600000     1.5467405     -0.0000228    0.0177121     0.0055851     
4.7700000     1.5467403     -0.0000224    0.0175584     0.0055365     
4.7800000     1.5467401     -0.0000220    0.0174060     0.0054883     
4.7900000     1.5467398     -0.0000216    0.0172549     0.0054406     
4.8000000     1.5467396     -0.0000213    0.0171051     0.0053932     
4.8100000     1.5467394     -0.0000209    0.0169566     0.0053463     
4.8200000     1.5467392     -0.0000205    0.0168094     0.0052997     
4.8300000     1.5467390     -0.0000202    0.0166635     0.0052536     
4.8400000     1.5467388     -0.0000198    0.0165189     0.0052079     
4.8500000     1.5467386     -0.0000195    0.0163755     0.0051625     
4.8600000     1.5467384     -0.0000191    0.0162334     0.0051176     
4.8700000     1.5467382     -0.0000188    0.0160925     0.0050731     
4.8800000     1.5467381     -0.0000185    0.0159528     0.0050289     
4.8900000     1.5467379     -0.0000182    0.0158143     0.0049852     
4.9000000     1.5467377     -0.0000179    0.0156770     0.0049418     
4.9100000     1.5467375     -0.0000175    0.0155409     0.0048988     
4.9200000     1.5467373     -0.0000172    0.0154060     0.0048561     
4.9300000     1.5467372     -0.0000169    0.0152723     0.0048139     
4.9400000     1.5467370     -0.0000167    0.0151397     0.0047720     
4.9500000     1.5467368     -0.0000164    0.0150083     0.0047304     
4.9600000     1.5467367     -0.0000161    0.0148781     0.0046893     
4.9700000     1.5467365     -0.0000158    0.0147489     0.0046484     
4.9800000     1.5467364     -0.0000155    0.0146209     0.0046080     
4.9900000     1.5467362     -0.0000153    0.0144940     0.0045679     
5.0000000     1.5467361     -0.0000150    0.0143682     0.0045281     
5.0100000     1.5467359     -0.0000147    0.0142434     0.0044887     
5.0200000     1.5467358     -0.0000145    0.0141198     0.0044497     
5.0300000     1.5467356     -0.0000142    0.0139972     0.0044109     
5.0400000     1.5467355     -0.0000140    0.0138757     0.0043725     
5.0500000     1.5467354     -0.0000137    0.0137553     0.0043345     
5.0600000     1.5467352     -0.0000135    0.0136359     0.0042968     
5.0700000     1.5467351     -0.0000133    0.0135175     0.0042594     
5.0800000     1.5467350     -0.0000130    0.0134002     0.0042223     
5.0900000     1.5467348     -0.0000128    0.0132839     0.0041856     
5.1000000     1.5467347     -0.0000126    0.0131685     0.0041491     
5.1100000     1.5467346     -0.0000124    0.0130542     0.0041130     
5.1200000     1.5467345     -0.0000122    0.0129409     0.0040772     
5.1300000     1.5467343     -0.0000120    0.0128286     0.0040418     
5.1400000     1.5467342     -0.0000117    0.0127172     0.0040066     
5.1500000     1.5467341     -0.0000115    0.0126068     0.0039717     
5.1600000     1.5467340     -0.0000113    0.0124974     0.0039372     
5.1700000     1.5467339     -0.0000111    0.0123889     0.0039029     
5.1800000     1.5467338     -0.0000110    0.0122814     0.0038689     
5.1900000     1.5467337     -0.0000108    0.0121748     0.0038353     
5.2000000     1.5467336     -0.0000106    0.0120691     0.0038019     
5.2100000     1.5467335     -0.0000104    0.0119643     0.0037688     
5.2200000     1.5467334     -0.0000102    0.0118604     0.0037360     
5.2300000     1.5467333     -0.0000100    0.0117575     0.0037035     
5.2400000     1.5467332     -0.0000099    0.0116554     0.0036713     
5.2500000     1.5467331     -0.0000097    0.0115542     0.0036393     
5.2600000     1.5467330     -0.0000095    0.0114539     0.0036076     
5.2700000     1.5467329     -0.0000094    0.0113545     0.0035763     
5.2800000     1.5467328     -0.0000092    0.0112559     0.0035451     
5.2900000     1.5467327     -0.0000090    0.0111582     0.0035143     
5.3000000     1.5467326     -0.0000089    0.0110614     0.0034837     
5.3100000     1.5467325     -0.0000087    0.0109654     0.0034534     
5.3200000     1.5467324     -0.0000086    0.0108702     0.0034233     
5.3300000     1.5467323     -0.0000084    0.0107758     0.0033935     
5.3400000     1.5467323     -0.0000083    0.0106823     0.0033640     
5.3500000     1.5467322     -0.0000081    0.0105895     0.0033347     
5.3600000     1.5467321     -0.0000080    0.0104976     0.0033057     
5.3700000     1.5467320     -0.0000079    0.0104065     0.0032770     
5.3800000     1.5467319     -0.0000077    0.0103161     0.0032484     
5.3900000     1.5467319     -0.0000076    0.0102266     0.0032202     
5.4000000     1.5467318     -0.0000075    0.0101378     0.0031922     
5.4100000     1.5467317     -0.0000073    0.0100498     0.0031644     
5.4200000     1.5467316     -0.0000072    0.0099626     0.0031369     
5.4300000     1.5467316     -0.0000071    0.0098761     0.0031096     
5.4400000     1.5467315     -0.0000070    0.0097903     0.0030825     
5.4500000     1.5467314     -0.0000068    0.0097053     0.0030557     
5.4600000     1.5467314     -0.0000067    0.0096211     0.0030291     
5.4700000     1.5467313     -0.0000066    0.0095376     0.0030027     
5.4800000     1.5467312     -0.0000065    0.0094548     0.0029766     
5.4900000     1.5467312     -0.0000064    0.0093727     0.0029507     
5.5000000     1.5467311     -0.0000063    0.0092913     0.0029250     
5.5100000     1.5467311     -0.0000062    0.0092107     0.0028996     
5.5200000     1.5467310     -0.0000061    0.0091307     0.0028744     
5.5300000     1.5467309     -0.0000059    0.0090514     0.0028493     
5.5400000     1.5467309     -0.0000058    0.0089729     0.0028245     
5.5500000     1.5467308     -0.0000057    0.0088950     0.0028000     
5.5600000     1.5467308     -0.0000056    0.0088178     0.0027756     
5.5700000     1.5467307     -0.0000055    0.0087412     0.0027515     
5.5800000     1.5467307     -0.0000054    0.0086653     0.0027275     
5.5900000     1.5467306     -0.0000054    0.0085901     0.0027038     
5.6000000     1.5467305     -0.0000053    0.0085155     0.0026803     
5.6100000     1.5467305     -0.0000052    0.0084416     0.0026569     
5.6200000     1.5467304     -0.0000051    0.0083683     0.0026338     
5.6300000     1.5467304     -0.0000050    0.0082957     0.0026109     
5.6400000     1.5467303     -0.0000049    0.0082236     0.0025882     
5.6500000     1.5467303     -0.0000048    0.0081523     0.0025657     
5.6600000     1.5467303     -0.0000047    0.0080815     0.0025434     
5.6700000     1.5467302     -0.0000047    0.0080113     0.0025212     
5.6800000     1.5467302     -0.0000046    0.0079418     0.0024993     
5.6900000     1.5467301     -0.0000045    0.0078728     0.0024775     
5.7000000     1.5467301     -0.0000044    0.0078045     0.0024560     
5.7100000     1.5467300     -0.0000043    0.0077367     0.0024346     
5.7200000     1.5467300     -0.0000043    0.0076696     0.0024134     
5.7300000     1.5467299     -0.0000042    0.0076030     0.0023924     
5.7400000     1.5467299     -0.0000041    0.0075370     0.0023716     
5.7500000     1.5467299     -0.0000041    0.0074715     0.0023510     
5.7600000     1.5467298     -0.0000040    0.0074067     0.0023305     
5.7700000     1.5467298     -0.0000039    0.0073424     0.0023103     
5.7800000     1.5467297     -0.0000038    0.0072786     0.0022902     
5.7900000     1.5467297     -0.0000038    0.0072154     0.0022702     
5.8000000     1.5467297     -0.0000037    0.0071528     0.0022505     
5.8100000     1.5467296     -0.0000036    0.0070907     0.0022309     
5.8200000     1.5467296     -0.0000036    0.0070291     0.0022115     
5.8300000     1.5467296     -0.0000035    0.0069681     0.0021923     
5.8400000     1.5467295     -0.0000035    0.0069076     0.0021732     
5.8500000     1.5467295     -0.0000034    0.0068477     0.0021543     
5.8600000     1.5467295     -0.0000033    0.0067882     0.0021355     
5.8700000     1.5467294     -0.0000033    0.0067293     0.0021170     
5.8800000     1.5467294     -0.0000032    0.0066709     0.0020985     
5.8900000     1.5467294     -0.0000032    0.0066129     0.0020803     
5.9000000     1.5467293     -0.0000031    0.0065555     0.0020622     
5.9100000     1.5467293     -0.0000031    0.0064986     0.0020442     
5.9200000     1.5467293     -0.0000030    0.0064422     0.0020265     
5.9300000     1.5467292     -0.0000030    0.0063863     0.0020088     
5.9400000     1.5467292     -0.0000029    0.0063308     0.0019914     
5.9500000     1.5467292     -0.0000029    0.0062759     0.0019740     
5.9600000     1.5467292     -0.0000028    0.0062214     0.0019569     
5.9700000     1.5467291     -0.0000028    0.0061674     0.0019398     
5.9800000     1.5467291     -0.0000027    0.0061138     0.0019230     
5.9900000     1.5467291     -0.0000027    0.0060607     0.0019062     
6.0000000     1.5467291     -0.0000026    0.0060081     0.0018896     
6.0100000     1.5467290     -0.0000026    0.0059560     0.0018732     
6.0200000     1.5467290     -0.0000025    0.0059043     0.0018569     
6.0300000     1.5467290     -0.0000025    0.0058530     0.0018408     
6.0400000     1.5467290     -0.0000024    0.0058022     0.0018247     
6.0500000     1.5467289     -0.0000024    0.0057518     0.0018089     
6.0600000     1.5467289     -0.0000024    0.0057019     0.0017931     
6.0700000     1.5467289     -0.0000023    0.0056524     0.0017775     
6.0800000     1.5467289     -0.0000023    0.0056033     0.0017621     
6.0900000     1.5467288     -0.0000022    0.0055546     0.0017467     
6.1000000     1.5467288     -0.0000022    0.0055064     0.0017315     
6.1100000     1.5467288     -0.0000022    0.0054586     0.0017165     
6.1200000     1.5467288     -0.0000021    0.0054112     0.0017016     
6.1300000     1.5467288     -0.0000021    0.0053642     0.0016868     
6.1400000     1.5467287     -0.0000021    0.0053177     0.0016721     
6.1500000     1.5467287     -0.0000020    0.0052715     0.0016575     
6.1600000     1.5467287     -0.0000020    0.0052257     0.0016431     
6.1700000     1.5467287     -0.0000019    0.0051804     0.0016288     
6.1800000     1.5467287     -0.0000019    0.0051354     0.0016147     
6.1900000     1.5467286     -0.0000019    0.0050908     0.0016006     
6.2000000     1.5467286     -0.0000018    0.0050466     0.0015867     
6.2100000     1.5467286     -0.0000018    0.0050028     0.0015729     
6.2200000     1.5467286     -0.0000018    0.0049594     0.0015592     
6.2300000     1.5467286     -0.0000018    0.0049163     0.0015456     
6.2400000     1.5467285     -0.0000017    0.0048736     0.0015322     
6.2500000     1.5467285     -0.0000017    0.0048313     0.0015189     
6.2600000     1.5467285     -0.0000017    0.0047894     0.0015056     
6.2700000     1.5467285     -0.0000016    0.0047478     0.0014926     
6.2800000     1.5467285     -0.0000016    0.0047066     0.0014796     
6.2900000     1.5467285     -0.0000016    0.0046657     0.0014667     
6.3000000     1.5467285     -0.0000016    0.0046252     0.0014539     
6.3100000     1.5467284     -0.0000015    0.0045850     0.0014413     
6.3200000     1.5467284     -0.0000015    0.0045452     0.0014288     
6.3300000     1.5467284     -0.0000015    0.0045058     0.0014163     
6.3400000     1.5467284     -0.0000014    0.0044666     0.0014040     
6.3500000     1.5467284     -0.0000014    0.0044279     0.0013918     
6.3600000     1.5467284     -0.0000014    0.0043894     0.0013797     
6.3700000     1.5467284     -0.0000014    0.0043513     0.0013677     
6.3800000     1.5467283     -0.0000013    0.0043135     0.0013558     
6.3900000     1.5467283     -0.0000013    0.0042761     0.0013440     
6.4000000     1.5467283     -0.0000013    0.0042389     0.0013323     
6.4100000     1.5467283     -0.0000013    0.0042021     0.0013207     
6.4200000     1.5467283     -0.0000013    0.0041657     0.0013092     
6.4300000     1.5467283     -0.0000012    0.0041295     0.0012978     
6.4400000     1.5467283     -0.0000012    0.0040936     0.0012866     
6.4500000     1.5467283     -0.0000012    0.0040581     0.0012754     
6.4600000     1.5467282     -0.0000012    0.0040229     0.0012643     
6.4700000     1.5467282     -0.0000012    0.0039879     0.0012533     
6.4800000     1.5467282     -0.0000011    0.0039533     0.0012424     
6.4900000     1.5467282     -0.0000011    0.0039190     0.0012316     
6.5000000     1.5467282     -0.0000011    0.0038850     0.0012209     
6.5100000     1.5467282     -0.0000011    0.0038512     0.0012102     
6.5200000     1.5467282     -0.0000011    0.0038178     0.0011997     
6.5300000     1.5467282     -0.0000010    0.0037846     0.0011893     
6.5400000     1.5467282     -0.0000010    0.0037518     0.0011789     
6.5500000     1.5467281     -0.0000010    0.0037192     0.0011687     
6.5600000     1.5467281     -0.0000010    0.0036869     0.0011585     
6.5700000     1.5467281     -0.0000010    0.0036549     0.0011484     
6.5800000     1.5467281     -0.0000010    0.0036232     0.0011384     
6.5900000     1.5467281     -0.0000009    0.0035917     0.0011285     
6.6000000     1.5467281     -0.0000009    0.0035605     0.0011187     
6.6100000     1.5467281     -0.0000009    0.0035296     0.0011090     
6.6200000     1.5467281     -0.0000009    0.0034990     0.0010993     
6.6300000     1.5467281     -0.0000009    0.0034686     0.0010898     
6.6400000     1.5467281     -0.0000009    0.0034385     0.0010803     
6.6500000     1.5467281     -0.0000008    0.0034086     0.0010709     
6.6600000     1.5467280     -0.0000008    0.0033790     0.0010616     
6.6700000     1.5467280     -0.0000008    0.0033497     0.0010524     
6.6800000     1.5467280     -0.0000008    0.0033206     0.0010432     
6.6900000     1.5467280     -0.0000008    0.0032918     0.0010341     
6.7000000     1.5467280     -0.0000008    0.0032632     0.0010251     
6.7100000     1.5467280     -0.0000008    0.0032348     0.0010162     
6.7200000     1.5467280     -0.0000007    0.0032068     0.0010074     
6.7300000     1.5467280     -0.0000007    0.0031789     0.0009986     
6.7400000     1.5467280     -0.0000007    0.0031513     0.0009899     
6.7500000     1.5467280     -0.0000007    0.0031239     0.0009813     
6.7600000     1.5467280     -0.0000007    0.0030968     0.0009728     
6.7700000     1.5467280     -0.0000007    0.0030699     0.0009643     
6.7800000     1.5467280     -0.0000007    0.0030433     0.0009559     
6.7900000     1.5467280     -0.0000007    0.0030169     0.0009476     
6.8000000     1.5467279     -0.0000006    0.0029907     0.0009394     
6.8100000     1.5467279     -0.0000006    0.0029647     0.0009312     
6.8200000     1.5467279     -0.0000006    0.0029390     0.0009231     
6.8300000     1.5467279     -0.0000006    0.0029134     0.0009151     
6.8400000     1.5467279     -0.0000006    0.0028881     0.0009071     
6.8500000     1.5467279     -0.0000006    0.0028631     0.0008992     
6.8600000     1.5467279     -0.0000006    0.0028382     0.0008914     
6.8700000     1.5467279     -0.0000006    0.0028136     0.0008837     
6.8800000     1.5467279     -0.0000006    0.0027891     0.0008760     
6.8900000     1.5467279     -0.0000006    0.0027649     0.0008684     
6.9000000     1.5467279     -0.0000005    0.0027409     0.0008608     
6.9100000     1.5467279     -0.0000005    0.0027171     0.0008533     
6.9200000     1.5467279     -0.0000005    0.0026935     0.0008459     
6.9300000     1.5467279     -0.0000005    0.0026701     0.0008386     
6.9400000     1.5467279     -0.0000005    0.0026469     0.0008313     
6.9500000     1.5467279     -0.0000005    0.0026240     0.0008240     
6.9600000     1.5467279     -0.0000005    0.0026012     0.0008169     
6.9700000     1.5467279     -0.0000005    0.0025786     0.0008098     
6.9800000     1.5467279     -0.0000005    0.0025562     0.0008027     
6.9900000     1.5467278     -0.0000005    0.0025340     0.0007957     
7.0000000     1.5467278     -0.0000005    0.0025120     0.0007888     
7.0100000     1.5467278     -0.0000004    0.0024902     0.0007820     
7.0200000     1.5467278     -0.0000004    0.0024686     0.0007752     
7.0300000     1.5467278     -0.0000004    0.0024471     0.0007684     
7.0400000     1.5467278     -0.0000004    0.0024259     0.0007617     
7.0500000     1.5467278     -0.0000004    0.0024048     0.0007551     
7.0600000     1.5467278     -0.0000004    0.0023839     0.0007485     
7.0700000     1.5467278     -0.0000004    0.0023632     0.0007420     
7.0800000     1.5467278     -0.0000004    0.0023427     0.0007356     
7.0900000     1.5467278     -0.0000004    0.0023224     0.0007292     
7.1000000     1.5467278     -0.0000004    0.0023022     0.0007228     
7.1100000     1.5467278     -0.0000004    0.0022822     0.0007166     
7.1200000     1.5467278     -0.0000004    0.0022624     0.0007103     
7.1300000     1.5467278     -0.0000004    0.0022428     0.0007041     
7.1400000     1.5467278     -0.0000004    0.0022233     0.0006980     
7.1500000     1.5467278     -0.0000004    0.0022040     0.0006919     
7.1600000     1.5467278     -0.0000003    0.0021848     0.0006859     
7.1700000     1.5467278     -0.0000003    0.0021659     0.0006800     
7.1800000     1.5467278     -0.0000003    0.0021471     0.0006741     
7.1900000     1.5467278     -0.0000003    0.0021284     0.0006682     
7.2000000     1.5467278     -0.0000003    0.0021099     0.0006624     
7.2100000     1.5467278     -0.0000003    0.0020916     0.0006566     
7.2200000     1.5467278     -0.0000003    0.0020734     0.0006509     
7.2300000     1.5467278     -0.0000003    0.0020554     0.0006452     
7.2400000     1.5467278     -0.0000003    0.0020376     0.0006396     
7.2500000     1.5467278     -0.0000003    0.0020199     0.0006341     
7.2600000     1.5467278     -0.0000003    0.0020024     0.0006286     
7.2700000     1.5467277     -0.0000003    0.0019850     0.0006231     
7.2800000     1.5467277     -0.0000003    0.0019677     0.0006177     
7.2900000     1.5467277     -0.0000003    0.0019507     0.0006123     
7.3000000     1.5467277     -0.0000003    0.0019337     0.0006070     
7.3100000     1.5467277     -0.0000003    0.0019169     0.0006017     
7.3200000     1.5467277     -0.0000003    0.0019003     0.0005965     
7.3300000     1.5467277     -0.0000003    0.0018838     0.0005913     
7.3400000     1.5467277     -0.0000003    0.0018674     0.0005861     
7.3500000     1.5467277     -0.0000002    0.0018512     0.0005810     
7.3600000     1.5467277     -0.0000002    0.0018351     0.0005760     
7.3700000     1.5467277     -0.0000002    0.0018192     0.0005710     
7.3800000     1.5467277     -0.0000002    0.0018034     0.0005660     
7.3900000     1.5467277     -0.0000002    0.0017877     0.0005611     
7.4000000     1.5467277     -0.0000002    0.0017722     0.0005562     
7.4100000     1.5467277     -0.0000002    0.0017568     0.0005514     
7.4200000     1.5467277     -0.0000002    0.0017416     0.0005466     
7.4300000     1.5467277     -0.0000002    0.0017264     0.0005418     
7.4400000     1.5467277     -0.0000002    0.0017115     0.0005371     
7.4500000     1.5467277     -0.0000002    0.0016966     0.0005324     
7.4600000     1.5467277     -0.0000002    0.0016819     0.0005278     
7.4700000     1.5467277     -0.0000002    0.0016673     0.0005232     
7.4800000     1.5467277     -0.0000002    0.0016528     0.0005187     
7.4900000     1.5467277     -0.0000002    0.0016384     0.0005142     
7.5000000     1.5467277     -0.0000002    0.0016242     0.0005097     
7.5100000     1.5467277     -0.0000002    0.0016101     0.0005053     
7.5200000     1.5467277     -0.0000002    0.0015961     0.0005009     
7.5300000     1.5467277     -0.0000002    0.0015823     0.0004965     
7.5400000     1.5467277     -0.0000002    0.0015685     0.0004922     
7.5500000     1.5467277     -0.0000002    0.0015549     0.0004879     
7.5600000     1.5467277     -0.0000002    0.0015414     0.0004837     
7.5700000     1.5467277     -0.0000002    0.0015280     0.0004795     
7.5800000     1.5467277     -0.0000002    0.0015147     0.0004753     
7.5900000     1.5467277     -0.0000002    0.0015016     0.0004712     
7.6000000     1.5467277     -0.0000002    0.0014885     0.0004671     
7.6100000     1.5467277     -0.0000002    0.0014756     0.0004630     
7.6200000     1.5467277     -0.0000002    0.0014628     0.0004590     
7.6300000     1.5467277     -0.0000002    0.0014501     0.0004550     
7.6400000     1.5467277     -0.0000001    0.0014375     0.0004510     
7.6500000     1.5467277     -0.0000001    0.0014250     0.0004471     
7.6600000     1.5467277     -0.0000001    0.0014127     0.0004432     
7.6700000     1.5467277     -0.0000001    0.0014004     0.0004394     
7.6800000     1.5467277     -0.0000001    0.0013882     0.0004356     
7.6900000     1.5467277     -0.0000001    0.0013762     0.0004318     
7.7000000     1.5467277     -0.0000001    0.0013642     0.0004280     
7.7100000     1.5467277     -0.0000001    0.0013524     0.0004243     
7.7200000     1.5467277     -0.0000001    0.0013406     0.0004206     
7.7300000     1.5467277     -0.0000001    0.0013290     0.0004169     
7.7400000     1.5467277     -0.0000001    0.0013174     0.0004133     
7.7500000     1.5467277     -0.0000001    0.0013060     0.0004097     
7.7600000     1.5467277     -0.0000001    0.0012947     0.0004062     
7.7700000     1.5467277     -0.0000001    0.0012834     0.0004026     
7.7800000     1.5467277     -0.0000001    0.0012723     0.0003991     
7.7900000     1.5467277     -0.0000001    0.0012612     0.0003957     
7.8000000     1.5467277     -0.0000001    0.0012503     0.0003922     
7.8100000     1.5467277     -0.0000001    0.0012394     0.0003888     
7.8200000     1.5467277     -0.0000001    0.0012287     0.0003854     
7.8300000     1.5467277     -0.0000001    0.0012180     0.0003821     
7.8400000     1.5467276     -0.0000001    0.0012074     0.0003788     
7.8500000     1.5467276     -0.0000001    0.0011969     0.0003755     
7.8600000     1.5467276     -0.0000001    0.0011865     0.0003722     
7.8700000     1.5467276     -0.0000001    0.0011762     0.0003690     
7.8800000     1.5467276     -0.0000001    0.0011660     0.0003657     
7.8900000     1.5467276     -0.0000001    0.0011559     0.0003626     
7.9000000     1.5467276     -0.0000001    0.0011459     0.0003594     
7.9100000     1.5467276     -0.0000001    0.0011359     0.0003563     
7.9200000     1.5467276     -0.0000001    0.0011260     0.0003532     
7.9300000     1.5467276     -0.0000001    0.0011163     0.0003501     
7.9400000     1.5467276     -0.0000001    0.0011066     0.0003471     
7.9500000     1.5467276     -0.0000001    0.0010970     0.0003441     
7.9600000     1.5467276     -0.0000001    0.0010874     0.0003411     
7.9700000     1.5467276     -0.0000001    0.0010780     0.0003381     
7.9800000     1.5467276     -0.0000001    0.0010686     0.0003352     
7.9900000     1.5467276     -0.0000001    0.0010593     0.0003322     
8.0000000     1.5467276     -0.0000001    0.0010501     0.0003294     
8.0100000     1.5467276     -0.0000001    0.0010410     0.0003265     
8.0200000     1.5467276     -0.0000001    0.0010320     0.0003237     
8.0300000     1.5467276     -0.0000001    0.0010230     0.0003208     
8.0400000     1.5467276     -0.0000001    0.0010141     0.0003181     
8.0500000     1.5467276     -0.0000001    0.0010053     0.0003153     
8.0600000     1.5467276     -0.0000001    0.0009966     0.0003125     
8.0700000     1.5467276     -0.0000001    0.0009879     0.0003098     
8.0800000     1.5467276     -0.0000001    0.0009794     0.0003071     
8.0900000     1.5467276     -0.0000001    0.0009709     0.0003045     
8.1000000     1.5467276     -0.0000001    0.0009624     0.0003018     
8.1100000     1.5467276     -0.0000001    0.0009541     0.0002992     
8.1200000     1.5467276     -0.0000001    0.0009458     0.0002966     
8.1300000     1.5467276     -0.0000001    0.0009376     0.0002940     
8.1400000     1.5467276     -0.0000001    0.0009294     0.0002915     
8.1500000     1.5467276     -0.0000001    0.0009214     0.0002889     
8.1600000     1.5467276     -0.0000001    0.0009134     0.0002864     
8.1700000     1.5467276     -0.0000001    0.0009054     0.0002839     
8.1800000     1.5467276     -0.0000001    0.0008976     0.0002815     
8.1900000     1.5467276     -0.0000001    0.0008898     0.0002790     
8.2000000     1.5467276     -0.0000001    0.0008820     0.0002766     
8.2100000     1.5467276     -0.0000001    0.0008744     0.0002742     
8.2200000     1.5467276     -0.0000001    0.0008668     0.0002718     
8.2300000     1.5467276     -0.0000001    0.0008593     0.0002694     
8.2400000     1.5467276     -0.0000001    0.0008518     0.0002671     
8.2500000     1.5467276     -0.0000001    0.0008444     0.0002648     
8.2600000     1.5467276     -0.0000001    0.0008371     0.0002625     
8.2700000     1.5467276     -0.0000000    0.0008298     0.0002602     
8.2800000     1.5467276     -0.0000000    0.0008226     0.0002579     
8.2900000     1.5467276     -0.0000000    0.0008155     0.0002557     
8.3000000     1.5467276     -0.0000000    0.0008084     0.0002535     
8.3100000     1.5467276     -0.0000000    0.0008014     0.0002512     
8.3200000     1.5467276     -0.0000000    0.0007944     0.0002491     
8.3300000     1.5467276     -0.0000000    0.0007875     0.0002469     
8.3400000     1.5467276     -0.0000000    0.0007807     0.0002448     
8.3500000     1.5467276     -0.0000000    0.0007739     0.0002426     
8.3600000     1.5467276     -0.0000000    0.0007672     0.0002405     
8.3700000     1.5467276     -0.0000000    0.0007605     0.0002384     
8.3800000     1.5467276     -0.0000000    0.0007539     0.0002363     
8.3900000     1.5467276     -0.0000000    0.0007473     0.0002343     
8.4000000     1.5467276     -0.0000000    0.0007409     0.0002323     
8.4100000     1.5467276     -0.0000000    0.0007344     0.0002302     
8.4200000     1.5467276     -0.0000000    0.0007280     0.0002282     
8.4300000     1.5467276     -0.0000000    0.0007217     0.0002263     
8.4400000     1.5467276     -0.0000000    0.0007154     0.0002243     
8.4500000     1.5467276     -0.0000000    0.0007092     0.0002223     
8.4600000     1.5467276     -0.0000000    0.0007031     0.0002204     
8.4700000     1.5467276     -0.0000000    0.0006970     0.0002185     
8.4800000     1.5467276     -0.0000000    0.0006909     0.0002166     
8.4900000     1.5467276     -0.0000000    0.0006849     0.0002147     
8.5000000     1.5467276     -0.0000000    0.0006790     0.0002128     
8.5100000     1.5467276     -0.0000000    0.0006731     0.0002110     
8.5200000     1.5467276     -0.0000000    0.0006672     0.0002092     
8.5300000     1.5467276     -0.0000000    0.0006614     0.0002073     
8.5400000     1.5467276     -0.0000000    0.0006557     0.0002055     
8.5500000     1.5467276     -0.0000000    0.0006500     0.0002037     
8.5600000     1.5467276     -0.0000000    0.0006443     0.0002020     
8.5700000     1.5467276     -0.0000000    0.0006388     0.0002002     
8.5800000     1.5467276     -0.0000000    0.0006332     0.0001985     
8.5900000     1.5467276     -0.0000000    0.0006277     0.0001968     
8.6000000     1.5467276     -0.0000000    0.0006223     0.0001950     
8.6100000     1.5467276     -0.0000000    0.0006169     0.0001933     
8.6200000     1.5467276     -0.0000000    0.0006115     0.0001917     
8.6300000     1.5467276     -0.0000000    0.0006062     0.0001900     
8.6400000     1.5467276     -0.0000000    0.0006009     0.0001883     
8.6500000     1.5467276     -0.0000000    0.0005957     0.0001867     
8.6600000     1.5467276     -0.0000000    0.0005905     0.0001851     
8.6700000     1.5467276     -0.0000000    0.0005854     0.0001835     
8.6800000     1.5467276     -0.0000000    0.0005803     0.0001819     
8.6900000     1.5467276     -0.0000000    0.0005753     0.0001803     
8.7000000     1.5467276     -0.0000000    0.0005703     0.0001787     
8.7100000     1.5467276     -0.0000000    0.0005653     0.0001772     
8.7200000     1.5467276     -0.0000000    0.0005604     0.0001756     
8.7300000     1.5467276     -0.0000000    0.0005556     0.0001741     
8.7400000     1.5467276     -0.0000000    0.0005507     0.0001726     
8.7500000     1.5467276     -0.0000000    0.0005459     0.0001711     
8.7600000     1.5467276     -0.0000000    0.0005412     0.0001696     
8.7700000     1.5467276     -0.0000000    0.0005365     0.0001681     
8.7800000     1.5467276     -0.0000000    0.0005318     0.0001667     
8.7900000     1.5467276     -0.0000000    0.0005272     0.0001652     
8.8000000     1.5467276     -0.0000000    0.0005226     0.0001638     
8.8100000     1.5467276     -0.0000000    0.0005181     0.0001624     
8.8200000     1.5467276     -0.0000000    0.0005136     0.0001610     
8.8300000     1.5467276     -0.0000000    0.0005091     0.0001596     
8.8400000     1.5467276     -0.0000000    0.0005047     0.0001582     
8.8500000     1.5467276     -0.0000000    0.0005003     0.0001568     
8.8600000     1.5467276     -0.0000000    0.0004960     0.0001554     
8.8700000     1.5467276     -0.0000000    0.0004917     0.0001541     
8.8800000     1.5467276     -0.0000000    0.0004874     0.0001527     
8.8900000     1.5467276     -0.0000000    0.0004832     0.0001514     
8.9000000     1.5467276     -0.0000000    0.0004790     0.0001501     
8.9100000     1.5467276     -0.0000000    0.0004748     0.0001488     
8.9200000     1.5467276     -0.0000000    0.0004707     0.0001475     
8.9300000     1.5467276     -0.0000000    0.0004666     0.0001462     
8.9400000     1.5467276     -0.0000000    0.0004626     0.0001449     
8.9500000     1.5467276     -0.0000000    0.0004585     0.0001437     
8.9600000     1.5467276     -0.0000000    0.0004546     0.0001424     
8.9700000     1.5467276     -0.0000000    0.0004506     0.0001412     
8.9800000     1.5467276     -0.0000000    0.0004467     0.0001400     
8.9900000     1.5467276     -0.0000000    0.0004428     0.0001388     
9.0000000     1.5467276     -0.0000000    0.0004390     0.0001375     
9.0100000     1.5467276     -0.0000000    0.0004352     0.0001363     
9.0200000     1.5467276     -0.0000000    0.0004314     0.0001352     
9.0300000     1.5467276     -0.0000000    0.0004276     0.0001340     
9.0400000     1.5467276     -0.0000000    0.0004239     0.0001328     
9.0500000     1.5467276     -0.0000000    0.0004202     0.0001317     
9.0600000     1.5467276     -0.0000000    0.0004166     0.0001305     
9.0700000     1.5467276     -0.0000000    0.0004130     0.0001294     
9.0800000     1.5467276     -0.0000000    0.0004094     0.0001283     
9.0900000     1.5467276     -0.0000000    0.0004058     0.0001271     
9.1000000     1.5467276     -0.0000000    0.0004023     0.0001260     
9.1100000     1.5467276     -0.0000000    0.0003988     0.0001249     
9.1200000     1.5467276     -0.0000000    0.0003954     0.0001239     
9.1300000     1.5467276     -0.0000000    0.0003919     0.0001228     
9.1400000     1.5467276     -0.0000000    0.0003885     0.0001217     
9.1500000     1.5467276     -0.0000000    0.0003851     0.0001207     
9.1600000     1.5467276     -0.0000000    0.0003818     0.0001196     
9.1700000     1.5467276     -0.0000000    0.0003785     0.0001186     
9.1800000     1.5467276     -0.0000000    0.0003752     0.0001175     
9.1900000     1.5467276     -0.0000000    0.0003719     0.0001165     
9.2000000     1.5467276     -0.0000000    0.0003687     0.0001155     
9.2100000     1.5467276     -0.0000000    0.0003655     0.0001145     
9.2200000     1.5467276     -0.0000000    0.0003623     0.0001135     
9.2300000     1.5467276     -0.0000000    0.0003592     0.0001125     
9.2400000     1.5467276     -0.0000000    0.0003561     0.0001115     
9.2500000     1.5467276     -0.0000000    0.0003530     0.0001106     
9.2600000     1.5467276     -0.0000000    0.0003499     0.0001096     
9.2700000     1.5467276     -0.0000000    0.0003469     0.0001087     
9.2800000     1.5467276     -0.0000000    0.0003439     0.0001077     
9.2900000     1.5467276     -0.0000000    0.0003409     0.0001068     
9.3000000     1.5467276     -0.0000000    0.0003379     0.0001058     
9.3100000     1.5467276     -0.0000000    0.0003350     0.0001049     
9.3200000     1.5467276     -0.0000000    0.0003321     0.0001040     
9.3300000     1.5467276     -0.0000000    0.0003292     0.0001031     
9.3400000     1.5467276     -0.0000000    0.0003263     0.0001022     
9.3500000     1.5467276     -0.0000000    0.0003235     0.0001013     
9.3600000     1.5467276     -0.0000000    0.0003207     0.0001004     
9.3700000     1.5467276     -0.0000000    0.0003179     0.0000996     
9.3800000     1.5467276     -0.0000000    0.0003151     0.0000987     
9.3900000     1.5467276     -0.0000000    0.0003124     0.0000978     
9.4000000     1.5467276     -0.0000000    0.0003097     0.0000970     
9.4100000     1.5467276     -0.0000000    0.0003070     0.0000962     
9.4200000     1.5467276     -0.0000000    0.0003043     0.0000953     
9.4300000     1.5467276     -0.0000000    0.0003017     0.0000945     
9.4400000     1.5467276     -0.0000000    0.0002991     0.0000937     
9.4500000     1.5467276     -0.0000000    0.0002965     0.0000929     
9.4600000     1.5467276     -0.0000000    0.0002939     0.0000920     
9.4700000     1.5467276     -0.0000000    0.0002913     0.0000912     
9.4800000     1.5467276     -0.0000000    0.0002888     0.0000905     
9.4900000     1.5467276     -0.0000000    0.0002863     0.0000897     
9.5000000     1.5467276     -0.0000000    0.0002838     0.0000889     
9.5100000     1.5467276     -0.0000000    0.0002813     0.0000881     
9.5200000     1.5467276     -0.0000000    0.0002789     0.0000874     
9.5300000     1.5467276     -0.0000000    0.0002765     0.0000866     
9.5400000     1.5467276     -0.0000000    0.0002741     0.0000858     
9.5500000     1.5467276     -0.0000000    0.0002717     0.0000851     
9.5600000     1.5467276     -0.0000000    0.0002693     0.0000844     
9.5700000     1.5467276     -0.0000000    0.0002670     0.0000836     
9.5800000     1.5467276     -0.0000000    0.0002647     0.0000829     
9.5900000     1.5467276     -0.0000000    0.0002624     0.0000822     
9.6000000     1.5467276     -0.0000000    0.0002601     0.0000815     
9.6100000     1.5467276     -0.0000000    0.0002578     0.0000808     
9.6200000     1.5467276     -0.0000000    0.0002556     0.0000800     
9.6300000     1.5467276     -0.0000000    0.0002534     0.0000794     
9.6400000     1.5467276     -0.0000000    0.0002512     0.0000787     
9.6500000     1.5467276     -0.0000000    0.0002490     0.0000780     
9.6600000     1.5467276     -0.0000000    0.0002468     0.0000773     
9.6700000     1.5467276     -0.0000000    0.0002447     0.0000766     
9.6800000     1.5467276     -0.0000000    0.0002426     0.0000760     
9.6900000     1.5467276     -0.0000000    0.0002405     0.0000753     
9.7000000     1.5467276     -0.0000000    0.0002384     0.0000746     
9.7100000     1.5467276     -0.0000000    0.0002363     0.0000740     
9.7200000     1.5467276     -0.0000000    0.0002342     0.0000734     
9.7300000     1.5467276     -0.0000000    0.0002322     0.0000727     
9.7400000     1.5467276     -0.0000000    0.0002302     0.0000721     
9.7500000     1.5467276     -0.0000000    0.0002282     0.0000715     
9.7600000     1.5467276     -0.0000000    0.0002262     0.0000708     
9.7700000     1.5467276     -0.0000000    0.0002243     0.0000702     
9.7800000     1.5467276     -0.0000000    0.0002223     0.0000696     
9.7900000     1.5467276     -0.0000000    0.0002204     0.0000690     
9.8000000     1.5467276     -0.0000000    0.0002185     0.0000684     
9.8100000     1.5467276     -0.0000000    0.0002166     0.0000678     
9.8200000     1.5467276     -0.0000000    0.0002147     0.0000672     
9.8300000     1.5467276     -0.0000000    0.0002128     0.0000666     
9.8400000     1.5467276     -0.0000000    0.0002110     0.0000661     
9.8500000     1.5467276     -0.0000000    0.0002091     0.0000655     
9.8600000     1.5467276     -0.0000000    0.0002073     0.0000649     
9.8700000     1.5467276     -0.0000000    0.0002055     0.0000644     
9.8800000     1.5467276     -0.0000000    0.0002037     0.0000638     
9.8900000     1.5467276     -0.0000000    0.0002020     0.0000632     
9.9000000     1.5467276     -0.0000000    0.0002002     0.0000627     
9.9100000     1.5467276     -0.0000000    0.0001985     0.0000621     
9.9200000     1.5467276     -0.0000000    0.0001967     0.0000616     
9.9300000     1.5467276     -0.0000000    0.0001950     0.0000611     
9.9400000     1.5467276     -0.0000000    0.0001933     0.0000605     
9.9500000     1.5467276     -0.0000000    0.0001917     0.0000600     
9.9600000     1.5467276     -0.0000000    0.0001900     0.0000595     
9.9700000     1.5467276     -0.0000000    0.0001884     0.0000590     
9.9800000     1.5467276     -0.0000000    0.0001867     0.0000585     
9.9900000     1.5467276     -0.0000000    0.0001851     0.0000580     
10.0000000    1.5467276     -0.0000000    0.0001835     0.0000574     
