#   delta = 1.000, g = 0.300, ds = 0.100
#   s             E             dE       ||Gammaod||    ||eta2B||    

0.0000000     1.7000000     -0.0525000    0.8485281     0.2692582     
0.1000000     1.6949898     -0.0477048    0.7711701     0.2692582     
0.2000000     1.6908513     -0.0394085    0.7009688     0.2447351     
0.3000000     1.6874320     -0.0325616    0.6372365     0.2224534     
0.4000000     1.6846064     -0.0269088    0.5793576     0.2022066     
0.5000000     1.6822712     -0.0222405    0.5267799     0.1838078     
0.6000000     1.6803409     -0.0183843    0.4790068     0.1670873     
0.7000000     1.6787452     -0.0151982    0.4355912     0.1518913     
0.8000000     1.6774260     -0.0125652    0.3961292     0.1380802     
0.9000000     1.6763352     -0.0103892    0.3602562     0.1255273     
1.0000000     1.6754333     -0.0085905    0.3276424     0.1141175     
1.1000000     1.6746876     -0.0071035    0.2979888     0.1037465     
1.2000000     1.6740709     -0.0058742    0.2710249     0.0943195     
1.3000000     1.6735609     -0.0048578    0.2465053     0.0857502     
1.4000000     1.6731391     -0.0040174    0.2242071     0.0779604     
1.5000000     1.6727904     -0.0033225    0.2039284     0.0708792     
1.6000000     1.6725019     -0.0027478    0.1854856     0.0644418     
1.7000000     1.6722633     -0.0022726    0.1687120     0.0585898     
1.8000000     1.6720660     -0.0018796    0.1534561     0.0532697     
1.9000000     1.6719028     -0.0015546    0.1395805     0.0484331     
2.0000000     1.6717679     -0.0012858    0.1269600     0.0440361     
2.1000000     1.6716562     -0.0010635    0.1154810     0.0400386     
2.2000000     1.6715639     -0.0008796    0.1050401     0.0364043     
2.3000000     1.6714875     -0.0007275    0.0955433     0.0331001     
2.4000000     1.6714244     -0.0006017    0.0869052     0.0300960     
2.5000000     1.6713721     -0.0004977    0.0790482     0.0273648     
2.6000000     1.6713289     -0.0004117    0.0719015     0.0248816     
2.7000000     1.6712932     -0.0003405    0.0654010     0.0226239     
2.8000000     1.6712636     -0.0002817    0.0594881     0.0205712     
2.9000000     1.6712392     -0.0002330    0.0541099     0.0187049     
3.0000000     1.6712189     -0.0001927    0.0492178     0.0170080     
3.1000000     1.6712022     -0.0001594    0.0447680     0.0154651     
3.2000000     1.6711884     -0.0001318    0.0407205     0.0140623     
3.3000000     1.6711769     -0.0001091    0.0370389     0.0127867     
3.4000000     1.6711675     -0.0000902    0.0336901     0.0116270     
3.5000000     1.6711596     -0.0000746    0.0306441     0.0105725     
3.6000000     1.6711532     -0.0000617    0.0278734     0.0096136     
3.7000000     1.6711478     -0.0000510    0.0253532     0.0087418     
3.8000000     1.6711434     -0.0000422    0.0230609     0.0079491     
3.9000000     1.6711397     -0.0000349    0.0209758     0.0072283     
4.0000000     1.6711367     -0.0000289    0.0190792     0.0065729     
4.1000000     1.6711342     -0.0000239    0.0173541     0.0059769     
4.2000000     1.6711321     -0.0000198    0.0157849     0.0054350     
4.3000000     1.6711304     -0.0000164    0.0143576     0.0049423     
4.4000000     1.6711290     -0.0000135    0.0130594     0.0044942     
4.5000000     1.6711278     -0.0000112    0.0118785     0.0040868     
4.6000000     1.6711268     -0.0000093    0.0108044     0.0037163     
4.7000000     1.6711260     -0.0000077    0.0098274     0.0033794     
4.8000000     1.6711254     -0.0000063    0.0089388     0.0030731     
4.9000000     1.6711248     -0.0000052    0.0081305     0.0027946     
5.0000000     1.6711244     -0.0000043    0.0073952     0.0025413     
5.1000000     1.6711240     -0.0000036    0.0067265     0.0023109     
5.2000000     1.6711237     -0.0000030    0.0061182     0.0021015     
5.3000000     1.6711234     -0.0000025    0.0055649     0.0019110     
5.4000000     1.6711232     -0.0000020    0.0050617     0.0017379     
5.5000000     1.6711230     -0.0000017    0.0046039     0.0015804     
5.6000000     1.6711229     -0.0000014    0.0041876     0.0014372     
5.7000000     1.6711228     -0.0000011    0.0038089     0.0013069     
5.8000000     1.6711227     -0.0000009    0.0034644     0.0011885     
5.9000000     1.6711226     -0.0000008    0.0031511     0.0010808     
6.0000000     1.6711225     -0.0000006    0.0028661     0.0009829     
6.1000000     1.6711225     -0.0000005    0.0026069     0.0008938     
6.2000000     1.6711224     -0.0000004    0.0023711     0.0008128     
6.3000000     1.6711224     -0.0000004    0.0021567     0.0007392     
6.4000000     1.6711224     -0.0000003    0.0019616     0.0006722     
6.5000000     1.6711223     -0.0000003    0.0017842     0.0006113     
6.6000000     1.6711223     -0.0000002    0.0016229     0.0005559     
6.7000000     1.6711223     -0.0000002    0.0014761     0.0005056     
6.8000000     1.6711223     -0.0000001    0.0013426     0.0004598     
6.9000000     1.6711223     -0.0000001    0.0012211     0.0004181     
7.0000000     1.6711223     -0.0000001    0.0011107     0.0003802     
7.1000000     1.6711222     -0.0000001    0.0010102     0.0003458     
7.2000000     1.6711222     -0.0000001    0.0009189     0.0003145     
7.3000000     1.6711222     -0.0000001    0.0008358     0.0002860     
7.4000000     1.6711222     -0.0000000    0.0007602     0.0002601     
7.5000000     1.6711222     -0.0000000    0.0006914     0.0002365     
7.6000000     1.6711222     -0.0000000    0.0006289     0.0002151     
7.7000000     1.6711222     -0.0000000    0.0005720     0.0001956     
7.8000000     1.6711222     -0.0000000    0.0005202     0.0001779     
7.9000000     1.6711222     -0.0000000    0.0004732     0.0001618     
8.0000000     1.6711222     -0.0000000    0.0004304     0.0001471     
8.1000000     1.6711222     -0.0000000    0.0003915     0.0001338     
8.2000000     1.6711222     -0.0000000    0.0003560     0.0001217     
8.3000000     1.6711222     -0.0000000    0.0003238     0.0001107     
8.4000000     1.6711222     -0.0000000    0.0002945     0.0001006     
8.5000000     1.6711222     -0.0000000    0.0002679     0.0000915     
8.6000000     1.6711222     -0.0000000    0.0002437     0.0000832     
8.7000000     1.6711222     -0.0000000    0.0002216     0.0000757     
8.8000000     1.6711222     -0.0000000    0.0002016     0.0000688     
8.9000000     1.6711222     -0.0000000    0.0001833     0.0000626     
9.0000000     1.6711222     -0.0000000    0.0001668     0.0000569     
9.1000000     1.6711222     -0.0000000    0.0001517     0.0000518     
9.2000000     1.6711222     -0.0000000    0.0001380     0.0000471     
9.3000000     1.6711222     -0.0000000    0.0001255     0.0000428     
9.4000000     1.6711222     -0.0000000    0.0001141     0.0000390     
9.5000000     1.6711222     -0.0000000    0.0001038     0.0000354     
9.6000000     1.6711222     -0.0000000    0.0000944     0.0000322     
9.7000000     1.6711222     -0.0000000    0.0000859     0.0000293     
9.8000000     1.6711222     -0.0000000    0.0000781     0.0000266     
9.9000000     1.6711222     -0.0000000    0.0000710     0.0000242     
10.0000000    1.6711222     -0.0000000    0.0000646     0.0000220     
