#   delta = 1.000, g = 0.800, ds = 0.010
#   s             E             dE       ||Gammaod||    ||eta2B||    

0.0000000     1.2000000     -0.3733333    2.2627417     0.7180220     
0.0100000     1.1962811     -0.3704558    2.2454077     0.7180220     
0.0200000     1.1926182     -0.3648705    2.2282320     0.7127504     
0.0300000     1.1890105     -0.3593760    2.2112128     0.7075207     
0.0400000     1.1854571     -0.3539706    2.1943481     0.7023325     
0.0500000     1.1819572     -0.3486528    2.1776359     0.6971854     
0.0600000     1.1785097     -0.3434209    2.1610744     0.6920790     
0.0700000     1.1751140     -0.3382733    2.1446618     0.6870129     
0.0800000     1.1717691     -0.3332087    2.1283962     0.6819867     
0.0900000     1.1684742     -0.3282253    2.1122759     0.6770001     
0.1000000     1.1652286     -0.3233219    2.0962991     0.6720526     
0.1100000     1.1620314     -0.3184970    2.0804641     0.6671440     
0.1200000     1.1588819     -0.3137491    2.0647692     0.6622738     
0.1300000     1.1557793     -0.3090769    2.0492128     0.6574417     
0.1400000     1.1527229     -0.3044790    2.0337931     0.6526474     
0.1500000     1.1497120     -0.2999542    2.0185087     0.6478905     
0.1600000     1.1467457     -0.2955011    2.0033580     0.6431706     
0.1700000     1.1438235     -0.2911185    1.9883393     0.6384875     
0.1800000     1.1409445     -0.2868052    1.9734511     0.6338407     
0.1900000     1.1381082     -0.2825599    1.9586920     0.6292300     
0.2000000     1.1353138     -0.2783814    1.9440604     0.6246551     
0.2100000     1.1325608     -0.2742686    1.9295550     0.6201156     
0.2200000     1.1298484     -0.2702204    1.9151742     0.6156112     
0.2300000     1.1271760     -0.2662356    1.9009167     0.6111415     
0.2400000     1.1245429     -0.2623131    1.8867810     0.6067064     
0.2500000     1.1219487     -0.2584519    1.8727659     0.6023054     
0.2600000     1.1193926     -0.2546509    1.8588699     0.5979383     
0.2700000     1.1168741     -0.2509091    1.8450917     0.5936048     
0.2800000     1.1143925     -0.2472254    1.8314301     0.5893046     
0.2900000     1.1119474     -0.2435989    1.8178837     0.5850373     
0.3000000     1.1095381     -0.2400286    1.8044513     0.5808028     
0.3100000     1.1071641     -0.2365135    1.7911316     0.5766007     
0.3200000     1.1048249     -0.2330528    1.7779234     0.5724307     
0.3300000     1.1025198     -0.2296455    1.7648256     0.5682926     
0.3400000     1.1002485     -0.2262906    1.7518369     0.5641861     
0.3500000     1.0980103     -0.2229874    1.7389561     0.5601109     
0.3600000     1.0958047     -0.2197349    1.7261821     0.5560668     
0.3700000     1.0936314     -0.2165323    1.7135137     0.5520534     
0.3800000     1.0914896     -0.2133788    1.7009499     0.5480706     
0.3900000     1.0893791     -0.2102735    1.6884896     0.5441181     
0.4000000     1.0872992     -0.2072157    1.6761315     0.5401955     
0.4100000     1.0852496     -0.2042046    1.6638748     0.5363027     
0.4200000     1.0832298     -0.2012393    1.6517183     0.5324394     
0.4300000     1.0812392     -0.1983192    1.6396609     0.5286053     
0.4400000     1.0792776     -0.1954434    1.6277017     0.5248003     
0.4500000     1.0773443     -0.1926114    1.6158397     0.5210240     
0.4600000     1.0754391     -0.1898222    1.6040738     0.5172763     
0.4700000     1.0735614     -0.1870753    1.5924031     0.5135568     
0.4800000     1.0717110     -0.1843700    1.5808266     0.5098654     
0.4900000     1.0698872     -0.1817055    1.5693433     0.5062018     
0.5000000     1.0680898     -0.1790813    1.5579523     0.5025658     
0.5100000     1.0663183     -0.1764966    1.5466527     0.4989571     
0.5200000     1.0645724     -0.1739508    1.5354436     0.4953756     
0.5300000     1.0628517     -0.1714433    1.5243241     0.4918210     
0.5400000     1.0611558     -0.1689734    1.5132932     0.4882930     
0.5500000     1.0594843     -0.1665407    1.5023501     0.4847915     
0.5600000     1.0578368     -0.1641443    1.4914939     0.4813163     
0.5700000     1.0562131     -0.1617839    1.4807239     0.4778671     
0.5800000     1.0546126     -0.1594588    1.4700390     0.4744437     
0.5900000     1.0530352     -0.1571684    1.4594386     0.4710460     
0.6000000     1.0514804     -0.1549122    1.4489217     0.4676736     
0.6100000     1.0499480     -0.1526896    1.4384876     0.4643264     
0.6200000     1.0484375     -0.1505002    1.4281355     0.4610042     
0.6300000     1.0469486     -0.1483433    1.4178646     0.4577068     
0.6400000     1.0454811     -0.1462184    1.4076741     0.4544339     
0.6500000     1.0440346     -0.1441252    1.3975632     0.4511855     
0.6600000     1.0426089     -0.1420630    1.3875312     0.4479612     
0.6700000     1.0412035     -0.1400313    1.3775774     0.4447610     
0.6800000     1.0398182     -0.1380297    1.3677010     0.4415845     
0.6900000     1.0384526     -0.1360578    1.3579012     0.4384316     
0.7000000     1.0371066     -0.1341150    1.3481774     0.4353021     
0.7100000     1.0357798     -0.1322009    1.3385289     0.4321959     
0.7200000     1.0344720     -0.1303150    1.3289549     0.4291127     
0.7300000     1.0331828     -0.1284569    1.3194547     0.4260524     
0.7400000     1.0319119     -0.1266262    1.3100277     0.4230147     
0.7500000     1.0306592     -0.1248224    1.3006732     0.4199995     
0.7600000     1.0294243     -0.1230451    1.2913906     0.4170066     
0.7700000     1.0282070     -0.1212940    1.2821791     0.4140359     
0.7800000     1.0270070     -0.1195685    1.2730382     0.4110871     
0.7900000     1.0258241     -0.1178683    1.2639671     0.4081601     
0.8000000     1.0246580     -0.1161931    1.2549653     0.4052548     
0.8100000     1.0235085     -0.1145424    1.2460321     0.4023708     
0.8200000     1.0223752     -0.1129158    1.2371669     0.3995081     
0.8300000     1.0212581     -0.1113130    1.2283690     0.3966666     
0.8400000     1.0201569     -0.1097336    1.2196380     0.3938459     
0.8500000     1.0190712     -0.1081773    1.2109732     0.3910460     
0.8600000     1.0180010     -0.1066437    1.2023740     0.3882668     
0.8700000     1.0169459     -0.1051324    1.1938397     0.3855079     
0.8800000     1.0159058     -0.1036431    1.1853700     0.3827694     
0.8900000     1.0148804     -0.1021755    1.1769641     0.3800510     
0.9000000     1.0138695     -0.1007293    1.1686215     0.3773525     
0.9100000     1.0128729     -0.0993040    1.1603417     0.3746738     
0.9200000     1.0118904     -0.0978995    1.1521241     0.3720148     
0.9300000     1.0109218     -0.0965153    1.1439681     0.3693753     
0.9400000     1.0099669     -0.0951512    1.1358733     0.3667551     
0.9500000     1.0090255     -0.0938069    1.1278391     0.3641542     
0.9600000     1.0080974     -0.0924820    1.1198649     0.3615722     
0.9700000     1.0071825     -0.0911763    1.1119503     0.3590092     
0.9800000     1.0062804     -0.0898895    1.1040948     0.3564649     
0.9900000     1.0053910     -0.0886213    1.0962978     0.3539392     
1.0000000     1.0045142     -0.0873714    1.0885588     0.3514319     
1.0100000     1.0036498     -0.0861395    1.0808774     0.3489430     
1.0200000     1.0027975     -0.0849254    1.0732530     0.3464723     
1.0300000     1.0019573     -0.0837289    1.0656851     0.3440195     
1.0400000     1.0011289     -0.0825495    1.0581734     0.3415847     
1.0500000     1.0003122     -0.0813871    1.0507173     0.3391676     
1.0600000     0.9995069     -0.0802415    1.0433163     0.3367681     
1.0700000     0.9987130     -0.0791123    1.0359700     0.3343861     
1.0800000     0.9979303     -0.0779994    1.0286779     0.3320215     
1.0900000     0.9971586     -0.0769025    1.0214396     0.3296740     
1.1000000     0.9963977     -0.0758213    1.0142546     0.3273437     
1.1100000     0.9956476     -0.0747556    1.0071225     0.3250302     
1.1200000     0.9949079     -0.0737052    1.0000428     0.3227336     
1.1300000     0.9941787     -0.0726699    0.9930151     0.3204537     
1.1400000     0.9934597     -0.0716494    0.9860390     0.3181903     
1.1500000     0.9927508     -0.0706435    0.9791140     0.3159434     
1.1600000     0.9920519     -0.0696520    0.9722397     0.3137128     
1.1700000     0.9913627     -0.0686747    0.9654158     0.3114983     
1.1800000     0.9906833     -0.0677113    0.9586417     0.3092999     
1.1900000     0.9900133     -0.0667617    0.9519172     0.3071174     
1.2000000     0.9893528     -0.0658257    0.9452417     0.3049508     
1.2100000     0.9887015     -0.0649031    0.9386149     0.3027998     
1.2200000     0.9880594     -0.0639936    0.9320364     0.3006644     
1.2300000     0.9874262     -0.0630970    0.9255058     0.2985444     
1.2400000     0.9868020     -0.0622133    0.9190227     0.2964398     
1.2500000     0.9861864     -0.0613421    0.9125867     0.2943504     
1.2600000     0.9855795     -0.0604834    0.9061975     0.2922761     
1.2700000     0.9849811     -0.0596369    0.8998546     0.2902167     
1.2800000     0.9843911     -0.0588024    0.8935578     0.2881723     
1.2900000     0.9838093     -0.0579798    0.8873066     0.2861426     
1.3000000     0.9832356     -0.0571689    0.8811006     0.2841275     
1.3100000     0.9826700     -0.0563695    0.8749395     0.2821270     
1.3200000     0.9821123     -0.0555814    0.8688230     0.2801409     
1.3300000     0.9815624     -0.0548046    0.8627507     0.2781691     
1.3400000     0.9810202     -0.0540388    0.8567222     0.2762116     
1.3500000     0.9804855     -0.0532838    0.8507372     0.2742681     
1.3600000     0.9799583     -0.0525396    0.8447954     0.2723386     
1.3700000     0.9794385     -0.0518058    0.8388964     0.2704230     
1.3800000     0.9789259     -0.0510825    0.8330398     0.2685212     
1.3900000     0.9784205     -0.0503695    0.8272254     0.2666331     
1.4000000     0.9779222     -0.0496665    0.8214528     0.2647585     
1.4100000     0.9774308     -0.0489735    0.8157217     0.2628975     
1.4200000     0.9769463     -0.0482903    0.8100318     0.2610497     
1.4300000     0.9764685     -0.0476167    0.8043827     0.2592153     
1.4400000     0.9759974     -0.0469527    0.7987740     0.2573940     
1.4500000     0.9755329     -0.0462980    0.7932056     0.2555859     
1.4600000     0.9750748     -0.0456526    0.7876771     0.2537906     
1.4700000     0.9746232     -0.0450163    0.7821882     0.2520083     
1.4800000     0.9741778     -0.0443890    0.7767386     0.2502387     
1.4900000     0.9737386     -0.0437706    0.7713279     0.2484819     
1.5000000     0.9733056     -0.0431608    0.7659559     0.2467376     
1.5100000     0.9728786     -0.0425597    0.7606222     0.2450058     
1.5200000     0.9724575     -0.0419670    0.7553267     0.2432864     
1.5300000     0.9720423     -0.0413827    0.7500689     0.2415793     
1.5400000     0.9716329     -0.0408067    0.7448486     0.2398845     
1.5500000     0.9712292     -0.0402387    0.7396655     0.2382017     
1.5600000     0.9708311     -0.0396787    0.7345194     0.2365310     
1.5700000     0.9704385     -0.0391266    0.7294099     0.2348723     
1.5800000     0.9700514     -0.0385823    0.7243367     0.2332254     
1.5900000     0.9696697     -0.0380457    0.7192997     0.2315903     
1.6000000     0.9692933     -0.0375166    0.7142984     0.2299668     
1.6100000     0.9689222     -0.0369949    0.7093327     0.2283550     
1.6200000     0.9685562     -0.0364805    0.7044023     0.2267547     
1.6300000     0.9681953     -0.0359734    0.6995068     0.2251658     
1.6400000     0.9678394     -0.0354734    0.6946461     0.2235882     
1.6500000     0.9674884     -0.0349805    0.6898199     0.2220219     
1.6600000     0.9671424     -0.0344944    0.6850279     0.2204667     
1.6700000     0.9668011     -0.0340152    0.6802698     0.2189227     
1.6800000     0.9664646     -0.0335427    0.6755455     0.2173896     
1.6900000     0.9661328     -0.0330768    0.6708546     0.2158675     
1.7000000     0.9658055     -0.0326174    0.6661968     0.2143562     
1.7100000     0.9654829     -0.0321645    0.6615721     0.2128557     
1.7200000     0.9651647     -0.0317180    0.6569800     0.2113658     
1.7300000     0.9648509     -0.0312777    0.6524204     0.2098866     
1.7400000     0.9645415     -0.0308435    0.6478930     0.2084179     
1.7500000     0.9642363     -0.0304155    0.6433976     0.2069596     
1.7600000     0.9639355     -0.0299934    0.6389339     0.2055118     
1.7700000     0.9636387     -0.0295773    0.6345017     0.2040742     
1.7800000     0.9633461     -0.0291670    0.6301008     0.2026468     
1.7900000     0.9630576     -0.0287624    0.6257309     0.2012296     
1.8000000     0.9627731     -0.0283634    0.6213919     0.1998224     
1.8100000     0.9624925     -0.0279701    0.6170834     0.1984253     
1.8200000     0.9622158     -0.0275822    0.6128052     0.1970381     
1.8300000     0.9619430     -0.0271998    0.6085572     0.1956607     
1.8400000     0.9616739     -0.0268227    0.6043390     0.1942931     
1.8500000     0.9614086     -0.0264509    0.6001506     0.1929352     
1.8600000     0.9611469     -0.0260843    0.5959916     0.1915869     
1.8700000     0.9608889     -0.0257228    0.5918618     0.1902482     
1.8800000     0.9606344     -0.0253664    0.5877611     0.1889190     
1.8900000     0.9603835     -0.0250149    0.5836892     0.1875992     
1.9000000     0.9601361     -0.0246683    0.5796459     0.1862888     
1.9100000     0.9598920     -0.0243266    0.5756310     0.1849877     
1.9200000     0.9596514     -0.0239896    0.5716443     0.1836958     
1.9300000     0.9594141     -0.0236574    0.5676855     0.1824130     
1.9400000     0.9591801     -0.0233297    0.5637545     0.1811393     
1.9500000     0.9589493     -0.0230067    0.5598511     0.1798747     
1.9600000     0.9587218     -0.0226881    0.5559751     0.1786190     
1.9700000     0.9584973     -0.0223740    0.5521263     0.1773721     
1.9800000     0.9582760     -0.0220643    0.5483044     0.1761341     
1.9900000     0.9580578     -0.0217589    0.5445093     0.1749049     
2.0000000     0.9578426     -0.0214577    0.5407407     0.1736844     
2.0100000     0.9576303     -0.0211607    0.5369986     0.1724725     
2.0200000     0.9574210     -0.0208679    0.5332826     0.1712691     
2.0300000     0.9572146     -0.0205791    0.5295927     0.1700743     
2.0400000     0.9570110     -0.0202944    0.5259286     0.1688879     
2.0500000     0.9568103     -0.0200136    0.5222901     0.1677099     
2.0600000     0.9566124     -0.0197368    0.5186770     0.1665402     
2.0700000     0.9564172     -0.0194637    0.5150892     0.1653788     
2.0800000     0.9562246     -0.0191945    0.5115265     0.1642255     
2.0900000     0.9560348     -0.0189291    0.5079887     0.1630805     
2.1000000     0.9558476     -0.0186673    0.5044756     0.1619435     
2.1100000     0.9556629     -0.0184092    0.5009870     0.1608145     
2.1200000     0.9554809     -0.0181546    0.4975228     0.1596935     
2.1300000     0.9553013     -0.0179036    0.4940827     0.1585804     
2.1400000     0.9551242     -0.0176561    0.4906667     0.1574751     
2.1500000     0.9549496     -0.0174120    0.4872745     0.1563777     
2.1600000     0.9547774     -0.0171713    0.4839060     0.1552880     
2.1700000     0.9546076     -0.0169340    0.4805610     0.1542059     
2.1800000     0.9544401     -0.0166999    0.4772393     0.1531315     
2.1900000     0.9542749     -0.0164691    0.4739408     0.1520647     
2.2000000     0.9541121     -0.0162416    0.4706652     0.1510054     
2.2100000     0.9539514     -0.0160171    0.4674125     0.1499535     
2.2200000     0.9537930     -0.0157958    0.4641825     0.1489091     
2.2300000     0.9536368     -0.0155776    0.4609749     0.1478720     
2.2400000     0.9534828     -0.0153624    0.4577897     0.1468422     
2.2500000     0.9533308     -0.0151501    0.4546267     0.1458197     
2.2600000     0.9531810     -0.0149409    0.4514857     0.1448043     
2.2700000     0.9530333     -0.0147345    0.4483666     0.1437961     
2.2800000     0.9528875     -0.0145310    0.4452691     0.1427950     
2.2900000     0.9527438     -0.0143303    0.4421933     0.1418010     
2.3000000     0.9526021     -0.0141324    0.4391388     0.1408139     
2.3100000     0.9524624     -0.0139372    0.4361056     0.1398338     
2.3200000     0.9523246     -0.0137448    0.4330934     0.1388605     
2.3300000     0.9521886     -0.0135550    0.4301023     0.1378941     
2.3400000     0.9520546     -0.0133679    0.4271319     0.1369345     
2.3500000     0.9519224     -0.0131833    0.4241821     0.1359817     
2.3600000     0.9517920     -0.0130013    0.4212529     0.1350355     
2.3700000     0.9516635     -0.0128218    0.4183440     0.1340960     
2.3800000     0.9515367     -0.0126448    0.4154554     0.1331631     
2.3900000     0.9514117     -0.0124703    0.4125868     0.1322368     
2.4000000     0.9512883     -0.0122982    0.4097381     0.1313169     
2.4100000     0.9511667     -0.0121284    0.4069092     0.1304035     
2.4200000     0.9510468     -0.0119611    0.4041000     0.1294965     
2.4300000     0.9509286     -0.0117960    0.4013102     0.1285959     
2.4400000     0.9508119     -0.0116332    0.3985399     0.1277016     
2.4500000     0.9506969     -0.0114727    0.3957887     0.1268136     
2.4600000     0.9505835     -0.0113144    0.3930567     0.1259318     
2.4700000     0.9504716     -0.0111583    0.3903436     0.1250562     
2.4800000     0.9503613     -0.0110043    0.3876494     0.1241868     
2.4900000     0.9502525     -0.0108525    0.3849738     0.1233234     
2.5000000     0.9501452     -0.0107028    0.3823168     0.1224661     
2.5100000     0.9500393     -0.0105552    0.3796782     0.1216148     
2.5200000     0.9499350     -0.0104096    0.3770579     0.1207695     
2.5300000     0.9498321     -0.0102660    0.3744558     0.1199301     
2.5400000     0.9497306     -0.0101244    0.3718718     0.1190966     
2.5500000     0.9496305     -0.0099848    0.3693056     0.1182690     
2.5600000     0.9495318     -0.0098470    0.3667572     0.1174471     
2.5700000     0.9494344     -0.0097112    0.3642265     0.1166310     
2.5800000     0.9493384     -0.0095773    0.3617134     0.1158206     
2.5900000     0.9492437     -0.0094452    0.3592176     0.1150159     
2.6000000     0.9491503     -0.0093150    0.3567392     0.1142168     
2.6100000     0.9490583     -0.0091866    0.3542779     0.1134233     
2.6200000     0.9489674     -0.0090599    0.3518336     0.1126354     
2.6300000     0.9488779     -0.0089350    0.3494063     0.1118530     
2.6400000     0.9487895     -0.0088118    0.3469958     0.1110760     
2.6500000     0.9487024     -0.0086903    0.3446020     0.1103045     
2.6600000     0.9486165     -0.0085705    0.3422248     0.1095384     
2.6700000     0.9485318     -0.0084524    0.3398640     0.1087777     
2.6800000     0.9484483     -0.0083358    0.3375196     0.1080223     
2.6900000     0.9483659     -0.0082209    0.3351914     0.1072722     
2.7000000     0.9482846     -0.0081076    0.3328793     0.1065273     
2.7100000     0.9482045     -0.0079959    0.3305832     0.1057876     
2.7200000     0.9481254     -0.0078856    0.3283030     0.1050531     
2.7300000     0.9480475     -0.0077770    0.3260386     0.1043237     
2.7400000     0.9479706     -0.0076698    0.3237899     0.1035995     
2.7500000     0.9478948     -0.0075641    0.3215567     0.1028803     
2.7600000     0.9478200     -0.0074598    0.3193390     0.1021661     
2.7700000     0.9477463     -0.0073570    0.3171366     0.1014569     
2.7800000     0.9476736     -0.0072556    0.3149494     0.1007527     
2.7900000     0.9476019     -0.0071557    0.3127774     0.1000534     
2.8000000     0.9475311     -0.0070571    0.3106204     0.0993590     
2.8100000     0.9474614     -0.0069598    0.3084783     0.0986695     
2.8200000     0.9473926     -0.0068639    0.3063510     0.0979847     
2.8300000     0.9473248     -0.0067694    0.3042384     0.0973048     
2.8400000     0.9472579     -0.0066761    0.3021405     0.0966295     
2.8500000     0.9471919     -0.0065841    0.3000570     0.0959591     
2.8600000     0.9471268     -0.0064934    0.2979879     0.0952932     
2.8700000     0.9470627     -0.0064039    0.2959332     0.0946321     
2.8800000     0.9469994     -0.0063157    0.2938926     0.0939755     
2.8900000     0.9469370     -0.0062287    0.2918662     0.0933236     
2.9000000     0.9468754     -0.0061429    0.2898537     0.0926762     
2.9100000     0.9468147     -0.0060583    0.2878552     0.0920333     
2.9200000     0.9467548     -0.0059748    0.2858704     0.0913949     
2.9300000     0.9466958     -0.0058925    0.2838994     0.0907609     
2.9400000     0.9466376     -0.0058114    0.2819420     0.0901314     
2.9500000     0.9465801     -0.0057313    0.2799981     0.0895063     
2.9600000     0.9465235     -0.0056524    0.2780677     0.0888855     
2.9700000     0.9464677     -0.0055745    0.2761506     0.0882691     
2.9800000     0.9464126     -0.0054978    0.2742467     0.0876569     
2.9900000     0.9463583     -0.0054220    0.2723560     0.0870490     
3.0000000     0.9463047     -0.0053474    0.2704783     0.0864454     
3.0100000     0.9462518     -0.0052737    0.2686136     0.0858460     
3.0200000     0.9461997     -0.0052011    0.2667618     0.0852508     
3.0300000     0.9461484     -0.0051295    0.2649228     0.0846597     
3.0400000     0.9460977     -0.0050588    0.2630965     0.0840727     
3.0500000     0.9460477     -0.0049892    0.2612828     0.0834898     
3.0600000     0.9459984     -0.0049205    0.2594816     0.0829110     
3.0700000     0.9459498     -0.0048527    0.2576928     0.0823362     
3.0800000     0.9459018     -0.0047859    0.2559164     0.0817654     
3.0900000     0.9458546     -0.0047200    0.2541523     0.0811987     
3.1000000     0.9458079     -0.0046550    0.2524003     0.0806358     
3.1100000     0.9457620     -0.0045909    0.2506604     0.0800769     
3.1200000     0.9457166     -0.0045277    0.2489326     0.0795219     
3.1300000     0.9456719     -0.0044654    0.2472166     0.0789707     
3.1400000     0.9456278     -0.0044039    0.2455125     0.0784234     
3.1500000     0.9455843     -0.0043433    0.2438202     0.0778799     
3.1600000     0.9455414     -0.0042835    0.2421395     0.0773401     
3.1700000     0.9454990     -0.0042245    0.2404705     0.0768042     
3.1800000     0.9454573     -0.0041663    0.2388130     0.0762719     
3.1900000     0.9454162     -0.0041090    0.2371669     0.0757434     
3.2000000     0.9453756     -0.0040524    0.2355321     0.0752186     
3.2100000     0.9453356     -0.0039966    0.2339087     0.0746974     
3.2200000     0.9452961     -0.0039416    0.2322964     0.0741798     
3.2300000     0.9452572     -0.0038874    0.2306953     0.0736658     
3.2400000     0.9452188     -0.0038338    0.2291052     0.0731555     
3.2500000     0.9451809     -0.0037811    0.2275261     0.0726486     
3.2600000     0.9451436     -0.0037290    0.2259579     0.0721453     
3.2700000     0.9451067     -0.0036777    0.2244005     0.0716455     
3.2800000     0.9450704     -0.0036271    0.2228538     0.0711492     
3.2900000     0.9450346     -0.0035771    0.2213178     0.0706563     
3.3000000     0.9449993     -0.0035279    0.2197924     0.0701669     
3.3100000     0.9449644     -0.0034794    0.2182776     0.0696809     
3.3200000     0.9449301     -0.0034315    0.2167731     0.0691982     
3.3300000     0.9448962     -0.0033842    0.2152791     0.0687189     
3.3400000     0.9448628     -0.0033377    0.2137954     0.0682430     
3.3500000     0.9448298     -0.0032917    0.2123219     0.0677703     
3.3600000     0.9447973     -0.0032464    0.2108585     0.0673010     
3.3700000     0.9447652     -0.0032017    0.2094053     0.0668349     
3.3800000     0.9447336     -0.0031577    0.2079620     0.0663720     
3.3900000     0.9447025     -0.0031142    0.2065287     0.0659124     
3.4000000     0.9446717     -0.0030714    0.2051054     0.0654559     
3.4100000     0.9446414     -0.0030291    0.2036918     0.0650027     
3.4200000     0.9446115     -0.0029874    0.2022880     0.0645525     
3.4300000     0.9445820     -0.0029463    0.2008938     0.0641056     
3.4400000     0.9445529     -0.0029058    0.1995093     0.0636617     
3.4500000     0.9445242     -0.0028658    0.1981343     0.0632209     
3.4600000     0.9444959     -0.0028263    0.1967688     0.0627832     
3.4700000     0.9444680     -0.0027874    0.1954127     0.0623485     
3.4800000     0.9444405     -0.0027491    0.1940659     0.0619168     
3.4900000     0.9444134     -0.0027113    0.1927285     0.0614881     
3.5000000     0.9443866     -0.0026740    0.1914002     0.0610625     
3.5100000     0.9443602     -0.0026372    0.1900812     0.0606397     
3.5200000     0.9443342     -0.0026009    0.1887712     0.0602199     
3.5300000     0.9443085     -0.0025651    0.1874702     0.0598031     
3.5400000     0.9442832     -0.0025298    0.1861782     0.0593891     
3.5500000     0.9442582     -0.0024950    0.1848952     0.0589780     
3.5600000     0.9442336     -0.0024607    0.1836209     0.0585698     
3.5700000     0.9442093     -0.0024268    0.1823555     0.0581643     
3.5800000     0.9441854     -0.0023934    0.1810987     0.0577618     
3.5900000     0.9441617     -0.0023605    0.1798507     0.0573620     
3.6000000     0.9441384     -0.0023280    0.1786112     0.0569649     
3.6100000     0.9441155     -0.0022960    0.1773803     0.0565707     
3.6200000     0.9440928     -0.0022644    0.1761579     0.0561792     
3.6300000     0.9440705     -0.0022332    0.1749439     0.0557904     
3.6400000     0.9440484     -0.0022025    0.1737382     0.0554042     
3.6500000     0.9440267     -0.0021722    0.1725409     0.0550208     
3.6600000     0.9440053     -0.0021423    0.1713518     0.0546401     
3.6700000     0.9439841     -0.0021128    0.1701710     0.0542620     
3.6800000     0.9439633     -0.0020838    0.1689982     0.0538865     
3.6900000     0.9439427     -0.0020551    0.1678336     0.0535136     
3.7000000     0.9439224     -0.0020268    0.1666769     0.0531433     
3.7100000     0.9439024     -0.0019990    0.1655283     0.0527756     
3.7200000     0.9438827     -0.0019715    0.1643875     0.0524104     
3.7300000     0.9438633     -0.0019443    0.1632546     0.0520477     
3.7400000     0.9438441     -0.0019176    0.1621296     0.0516876     
3.7500000     0.9438252     -0.0018912    0.1610123     0.0513300     
3.7600000     0.9438065     -0.0018652    0.1599026     0.0509749     
3.7700000     0.9437881     -0.0018395    0.1588007     0.0506222     
3.7800000     0.9437700     -0.0018142    0.1577063     0.0502720     
3.7900000     0.9437521     -0.0017893    0.1566195     0.0499242     
3.8000000     0.9437344     -0.0017647    0.1555401     0.0495788     
3.8100000     0.9437170     -0.0017404    0.1544682     0.0492358     
3.8200000     0.9436999     -0.0017164    0.1534037     0.0488952     
3.8300000     0.9436829     -0.0016928    0.1523465     0.0485569     
3.8400000     0.9436662     -0.0016695    0.1512966     0.0482211     
3.8500000     0.9436498     -0.0016466    0.1502539     0.0478875     
3.8600000     0.9436335     -0.0016239    0.1492185     0.0475562     
3.8700000     0.9436175     -0.0016016    0.1481901     0.0472273     
3.8800000     0.9436017     -0.0015796    0.1471689     0.0469006     
3.8900000     0.9435861     -0.0015578    0.1461546     0.0465762     
3.9000000     0.9435708     -0.0015364    0.1451474     0.0462540     
3.9100000     0.9435556     -0.0015153    0.1441471     0.0459341     
3.9200000     0.9435407     -0.0014944    0.1431537     0.0456164     
3.9300000     0.9435260     -0.0014739    0.1421672     0.0453009     
3.9400000     0.9435114     -0.0014536    0.1411874     0.0449876     
3.9500000     0.9434971     -0.0014336    0.1402144     0.0446765     
3.9600000     0.9434830     -0.0014139    0.1392481     0.0443675     
3.9700000     0.9434690     -0.0013944    0.1382885     0.0440606     
3.9800000     0.9434553     -0.0013753    0.1373354     0.0437559     
3.9900000     0.9434417     -0.0013563    0.1363890     0.0434533     
4.0000000     0.9434284     -0.0013377    0.1354490     0.0431528     
4.0100000     0.9434152     -0.0013193    0.1345156     0.0428544     
4.0200000     0.9434022     -0.0013011    0.1335885     0.0425581     
4.0300000     0.9433893     -0.0012833    0.1326679     0.0422638     
4.0400000     0.9433767     -0.0012656    0.1317536     0.0419715     
4.0500000     0.9433642     -0.0012482    0.1308456     0.0416813     
4.0600000     0.9433519     -0.0012310    0.1299438     0.0413931     
4.0700000     0.9433398     -0.0012141    0.1290483     0.0411069     
4.0800000     0.9433278     -0.0011974    0.1281590     0.0408226     
4.0900000     0.9433160     -0.0011809    0.1272757     0.0405404     
4.1000000     0.9433044     -0.0011647    0.1263986     0.0402601     
4.1100000     0.9432929     -0.0011487    0.1255275     0.0399817     
4.1200000     0.9432816     -0.0011329    0.1246624     0.0397053     
4.1300000     0.9432704     -0.0011173    0.1238032     0.0394307     
4.1400000     0.9432594     -0.0011019    0.1229500     0.0391581     
4.1500000     0.9432486     -0.0010868    0.1221027     0.0388874     
4.1600000     0.9432378     -0.0010718    0.1212611     0.0386185     
4.1700000     0.9432273     -0.0010571    0.1204254     0.0383515     
4.1800000     0.9432169     -0.0010425    0.1195955     0.0380864     
4.1900000     0.9432066     -0.0010282    0.1187713     0.0378231     
4.2000000     0.9431965     -0.0010141    0.1179527     0.0375616     
4.2100000     0.9431865     -0.0010001    0.1171398     0.0373020     
4.2200000     0.9431766     -0.0009864    0.1163325     0.0370441     
4.2300000     0.9431669     -0.0009728    0.1155307     0.0367880     
4.2400000     0.9431573     -0.0009594    0.1147345     0.0365337     
4.2500000     0.9431479     -0.0009462    0.1139438     0.0362812     
4.2600000     0.9431386     -0.0009332    0.1131585     0.0360304     
4.2700000     0.9431294     -0.0009204    0.1123786     0.0357813     
4.2800000     0.9431203     -0.0009077    0.1116041     0.0355340     
4.2900000     0.9431114     -0.0008952    0.1108349     0.0352884     
4.3000000     0.9431026     -0.0008829    0.1100710     0.0350444     
4.3100000     0.9430939     -0.0008708    0.1093124     0.0348022     
4.3200000     0.9430853     -0.0008588    0.1085590     0.0345617     
4.3300000     0.9430768     -0.0008470    0.1078108     0.0343228     
4.3400000     0.9430685     -0.0008354    0.1070678     0.0340855     
4.3500000     0.9430603     -0.0008239    0.1063299     0.0338499     
4.3600000     0.9430522     -0.0008125    0.1055970     0.0336160     
4.3700000     0.9430442     -0.0008014    0.1048693     0.0333837     
4.3800000     0.9430363     -0.0007903    0.1041465     0.0331529     
4.3900000     0.9430285     -0.0007795    0.1034287     0.0329238     
4.4000000     0.9430208     -0.0007688    0.1027158     0.0326963     
4.4100000     0.9430133     -0.0007582    0.1020079     0.0324703     
4.4200000     0.9430058     -0.0007478    0.1013049     0.0322459     
4.4300000     0.9429984     -0.0007375    0.1006066     0.0320230     
4.4400000     0.9429912     -0.0007273    0.0999132     0.0318017     
4.4500000     0.9429840     -0.0007173    0.0992246     0.0315820     
4.4600000     0.9429770     -0.0007075    0.0985407     0.0313637     
4.4700000     0.9429700     -0.0006977    0.0978616     0.0311470     
4.4800000     0.9429631     -0.0006881    0.0971871     0.0309317     
4.4900000     0.9429564     -0.0006787    0.0965172     0.0307180     
4.5000000     0.9429497     -0.0006694    0.0958520     0.0305057     
4.5100000     0.9429431     -0.0006601    0.0951913     0.0302949     
4.5200000     0.9429366     -0.0006511    0.0945353     0.0300856     
4.5300000     0.9429302     -0.0006421    0.0938837     0.0298777     
4.5400000     0.9429239     -0.0006333    0.0932366     0.0296712     
4.5500000     0.9429177     -0.0006246    0.0925940     0.0294662     
4.5600000     0.9429115     -0.0006160    0.0919558     0.0292626     
4.5700000     0.9429055     -0.0006075    0.0913220     0.0290604     
4.5800000     0.9428995     -0.0005992    0.0906925     0.0288596     
4.5900000     0.9428936     -0.0005909    0.0900674     0.0286602     
4.6000000     0.9428878     -0.0005828    0.0894466     0.0284621     
4.6100000     0.9428821     -0.0005748    0.0888301     0.0282655     
4.6200000     0.9428764     -0.0005669    0.0882179     0.0280702     
4.6300000     0.9428708     -0.0005591    0.0876098     0.0278762     
4.6400000     0.9428653     -0.0005514    0.0870060     0.0276836     
4.6500000     0.9428599     -0.0005438    0.0864063     0.0274924     
4.6600000     0.9428546     -0.0005363    0.0858107     0.0273024     
4.6700000     0.9428493     -0.0005290    0.0852192     0.0271138     
4.6800000     0.9428441     -0.0005217    0.0846318     0.0269265     
4.6900000     0.9428390     -0.0005145    0.0840485     0.0267404     
4.7000000     0.9428339     -0.0005074    0.0834692     0.0265557     
4.7100000     0.9428289     -0.0005005    0.0828939     0.0263722     
4.7200000     0.9428240     -0.0004936    0.0823225     0.0261900     
4.7300000     0.9428192     -0.0004868    0.0817551     0.0260091     
4.7400000     0.9428144     -0.0004801    0.0811915     0.0258294     
4.7500000     0.9428096     -0.0004735    0.0806319     0.0256510     
4.7600000     0.9428050     -0.0004670    0.0800761     0.0254738     
4.7700000     0.9428004     -0.0004606    0.0795242     0.0252978     
4.7800000     0.9427959     -0.0004542    0.0789760     0.0251230     
4.7900000     0.9427914     -0.0004480    0.0784316     0.0249495     
4.8000000     0.9427870     -0.0004418    0.0778910     0.0247771     
4.8100000     0.9427827     -0.0004358    0.0773541     0.0246060     
4.8200000     0.9427784     -0.0004298    0.0768209     0.0244360     
4.8300000     0.9427742     -0.0004239    0.0762914     0.0242672     
4.8400000     0.9427700     -0.0004180    0.0757655     0.0240996     
4.8500000     0.9427659     -0.0004123    0.0752433     0.0239331     
4.8600000     0.9427619     -0.0004066    0.0747246     0.0237678     
4.8700000     0.9427579     -0.0004010    0.0742096     0.0236036     
4.8800000     0.9427539     -0.0003955    0.0736980     0.0234405     
4.8900000     0.9427501     -0.0003901    0.0731900     0.0232786     
4.9000000     0.9427462     -0.0003847    0.0726855     0.0231178     
4.9100000     0.9427424     -0.0003794    0.0721845     0.0229582     
4.9200000     0.9427387     -0.0003742    0.0716869     0.0227996     
4.9300000     0.9427350     -0.0003691    0.0711928     0.0226421     
4.9400000     0.9427314     -0.0003640    0.0707020     0.0224857     
4.9500000     0.9427279     -0.0003590    0.0702147     0.0223304     
4.9600000     0.9427243     -0.0003540    0.0697307     0.0221762     
4.9700000     0.9427209     -0.0003492    0.0692500     0.0220230     
4.9800000     0.9427174     -0.0003444    0.0687726     0.0218709     
4.9900000     0.9427141     -0.0003396    0.0682986     0.0217198     
5.0000000     0.9427107     -0.0003350    0.0678278     0.0215698     
5.0100000     0.9427074     -0.0003304    0.0673602     0.0214208     
5.0200000     0.9427042     -0.0003258    0.0668959     0.0212729     
5.0300000     0.9427010     -0.0003213    0.0664347     0.0211260     
5.0400000     0.9426978     -0.0003169    0.0659768     0.0209801     
5.0500000     0.9426947     -0.0003126    0.0655220     0.0208352     
5.0600000     0.9426917     -0.0003083    0.0650703     0.0206913     
5.0700000     0.9426886     -0.0003040    0.0646218     0.0205484     
5.0800000     0.9426857     -0.0002998    0.0641763     0.0204064     
5.0900000     0.9426827     -0.0002957    0.0637339     0.0202655     
5.1000000     0.9426798     -0.0002917    0.0632945     0.0201256     
5.1100000     0.9426770     -0.0002877    0.0628582     0.0199866     
5.1200000     0.9426741     -0.0002837    0.0624249     0.0198485     
5.1300000     0.9426714     -0.0002798    0.0619946     0.0197115     
5.1400000     0.9426686     -0.0002759    0.0615672     0.0195753     
5.1500000     0.9426659     -0.0002722    0.0611428     0.0194401     
5.1600000     0.9426633     -0.0002684    0.0607213     0.0193059     
5.1700000     0.9426606     -0.0002647    0.0603027     0.0191726     
5.1800000     0.9426580     -0.0002611    0.0598870     0.0190402     
5.1900000     0.9426555     -0.0002575    0.0594742     0.0189087     
5.2000000     0.9426529     -0.0002540    0.0590642     0.0187781     
5.2100000     0.9426505     -0.0002505    0.0586570     0.0186484     
5.2200000     0.9426480     -0.0002470    0.0582527     0.0185197     
5.2300000     0.9426456     -0.0002436    0.0578511     0.0183918     
5.2400000     0.9426432     -0.0002403    0.0574523     0.0182648     
5.2500000     0.9426408     -0.0002370    0.0570562     0.0181386     
5.2600000     0.9426385     -0.0002337    0.0566629     0.0180134     
5.2700000     0.9426362     -0.0002305    0.0562723     0.0178890     
5.2800000     0.9426340     -0.0002273    0.0558843     0.0177655     
5.2900000     0.9426318     -0.0002242    0.0554991     0.0176428     
5.3000000     0.9426296     -0.0002211    0.0551165     0.0175210     
5.3100000     0.9426274     -0.0002181    0.0547365     0.0174000     
5.3200000     0.9426253     -0.0002151    0.0543592     0.0172798     
5.3300000     0.9426232     -0.0002121    0.0539844     0.0171605     
5.3400000     0.9426211     -0.0002092    0.0536123     0.0170420     
5.3500000     0.9426190     -0.0002063    0.0532427     0.0169244     
5.3600000     0.9426170     -0.0002035    0.0528756     0.0168075     
5.3700000     0.9426150     -0.0002007    0.0525111     0.0166914     
5.3800000     0.9426131     -0.0001979    0.0521491     0.0165762     
5.3900000     0.9426111     -0.0001952    0.0517896     0.0164617     
5.4000000     0.9426092     -0.0001925    0.0514325     0.0163481     
5.4100000     0.9426073     -0.0001899    0.0510779     0.0162352     
5.4200000     0.9426055     -0.0001873    0.0507258     0.0161231     
5.4300000     0.9426036     -0.0001847    0.0503761     0.0160118     
5.4400000     0.9426018     -0.0001822    0.0500288     0.0159012     
5.4500000     0.9426001     -0.0001797    0.0496839     0.0157914     
5.4600000     0.9425983     -0.0001772    0.0493414     0.0156824     
5.4700000     0.9425966     -0.0001747    0.0490012     0.0155741     
5.4800000     0.9425949     -0.0001723    0.0486634     0.0154666     
5.4900000     0.9425932     -0.0001700    0.0483279     0.0153598     
5.5000000     0.9425915     -0.0001676    0.0479947     0.0152538     
5.5100000     0.9425899     -0.0001653    0.0476638     0.0151484     
5.5200000     0.9425883     -0.0001631    0.0473352     0.0150439     
5.5300000     0.9425867     -0.0001608    0.0470089     0.0149400     
5.5400000     0.9425851     -0.0001586    0.0466848     0.0148368     
5.5500000     0.9425835     -0.0001564    0.0463629     0.0147344     
5.5600000     0.9425820     -0.0001543    0.0460433     0.0146327     
5.5700000     0.9425805     -0.0001522    0.0457259     0.0145317     
5.5800000     0.9425790     -0.0001501    0.0454106     0.0144313     
5.5900000     0.9425776     -0.0001480    0.0450975     0.0143317     
5.6000000     0.9425761     -0.0001460    0.0447866     0.0142328     
5.6100000     0.9425747     -0.0001440    0.0444778     0.0141345     
5.6200000     0.9425733     -0.0001420    0.0441712     0.0140369     
5.6300000     0.9425719     -0.0001400    0.0438667     0.0139400     
5.6400000     0.9425705     -0.0001381    0.0435642     0.0138438     
5.6500000     0.9425692     -0.0001362    0.0432639     0.0137482     
5.6600000     0.9425679     -0.0001343    0.0429656     0.0136533     
5.6700000     0.9425665     -0.0001325    0.0426694     0.0135590     
5.6800000     0.9425653     -0.0001307    0.0423752     0.0134654     
5.6900000     0.9425640     -0.0001289    0.0420830     0.0133725     
5.7000000     0.9425627     -0.0001271    0.0417929     0.0132801     
5.7100000     0.9425615     -0.0001253    0.0415048     0.0131885     
5.7200000     0.9425603     -0.0001236    0.0412186     0.0130974     
5.7300000     0.9425591     -0.0001219    0.0409344     0.0130070     
5.7400000     0.9425579     -0.0001202    0.0406522     0.0129172     
5.7500000     0.9425567     -0.0001186    0.0403719     0.0128280     
5.7600000     0.9425555     -0.0001170    0.0400936     0.0127395     
5.7700000     0.9425544     -0.0001154    0.0398171     0.0126515     
5.7800000     0.9425533     -0.0001138    0.0395426     0.0125642     
5.7900000     0.9425522     -0.0001122    0.0392700     0.0124775     
5.8000000     0.9425511     -0.0001107    0.0389992     0.0123913     
5.8100000     0.9425500     -0.0001091    0.0387303     0.0123058     
5.8200000     0.9425489     -0.0001076    0.0384633     0.0122209     
5.8300000     0.9425479     -0.0001062    0.0381981     0.0121365     
5.8400000     0.9425469     -0.0001047    0.0379347     0.0120527     
5.8500000     0.9425458     -0.0001033    0.0376732     0.0119695     
5.8600000     0.9425448     -0.0001018    0.0374135     0.0118869     
5.8700000     0.9425438     -0.0001004    0.0371555     0.0118048     
5.8800000     0.9425429     -0.0000991    0.0368993     0.0117233     
5.8900000     0.9425419     -0.0000977    0.0366449     0.0116424     
5.9000000     0.9425409     -0.0000964    0.0363922     0.0115621     
5.9100000     0.9425400     -0.0000950    0.0361413     0.0114823     
5.9200000     0.9425391     -0.0000937    0.0358921     0.0114030     
5.9300000     0.9425382     -0.0000924    0.0356447     0.0113243     
5.9400000     0.9425373     -0.0000912    0.0353989     0.0112461     
5.9500000     0.9425364     -0.0000899    0.0351548     0.0111685     
5.9600000     0.9425355     -0.0000887    0.0349124     0.0110914     
5.9700000     0.9425347     -0.0000875    0.0346717     0.0110148     
5.9800000     0.9425338     -0.0000863    0.0344327     0.0109388     
5.9900000     0.9425330     -0.0000851    0.0341953     0.0108633     
6.0000000     0.9425321     -0.0000839    0.0339595     0.0107883     
6.0100000     0.9425313     -0.0000827    0.0337253     0.0107138     
6.0200000     0.9425305     -0.0000816    0.0334928     0.0106399     
6.0300000     0.9425297     -0.0000805    0.0332619     0.0105665     
6.0400000     0.9425289     -0.0000794    0.0330325     0.0104935     
6.0500000     0.9425282     -0.0000783    0.0328048     0.0104211     
6.0600000     0.9425274     -0.0000772    0.0325786     0.0103492     
6.0700000     0.9425267     -0.0000762    0.0323539     0.0102777     
6.0800000     0.9425259     -0.0000751    0.0321309     0.0102068     
6.0900000     0.9425252     -0.0000741    0.0319093     0.0101363     
6.1000000     0.9425245     -0.0000731    0.0316893     0.0100664     
6.1100000     0.9425238     -0.0000720    0.0314708     0.0099969     
6.1200000     0.9425231     -0.0000711    0.0312538     0.0099279     
6.1300000     0.9425224     -0.0000701    0.0310383     0.0098594     
6.1400000     0.9425217     -0.0000691    0.0308243     0.0097913     
6.1500000     0.9425210     -0.0000682    0.0306118     0.0097237     
6.1600000     0.9425204     -0.0000672    0.0304007     0.0096566     
6.1700000     0.9425197     -0.0000663    0.0301911     0.0095900     
6.1800000     0.9425191     -0.0000654    0.0299829     0.0095238     
6.1900000     0.9425184     -0.0000645    0.0297762     0.0094581     
6.2000000     0.9425178     -0.0000636    0.0295708     0.0093928     
6.2100000     0.9425172     -0.0000627    0.0293669     0.0093280     
6.2200000     0.9425166     -0.0000619    0.0291644     0.0092636     
6.2300000     0.9425160     -0.0000610    0.0289634     0.0091996     
6.2400000     0.9425154     -0.0000602    0.0287636     0.0091361     
6.2500000     0.9425148     -0.0000594    0.0285653     0.0090731     
6.2600000     0.9425142     -0.0000585    0.0283683     0.0090105     
6.2700000     0.9425137     -0.0000577    0.0281727     0.0089483     
6.2800000     0.9425131     -0.0000569    0.0279785     0.0088865     
6.2900000     0.9425126     -0.0000562    0.0277856     0.0088252     
6.3000000     0.9425120     -0.0000554    0.0275940     0.0087643     
6.3100000     0.9425115     -0.0000546    0.0274037     0.0087038     
6.3200000     0.9425110     -0.0000539    0.0272147     0.0086437     
6.3300000     0.9425104     -0.0000531    0.0270271     0.0085841     
6.3400000     0.9425099     -0.0000524    0.0268407     0.0085248     
6.3500000     0.9425094     -0.0000517    0.0266556     0.0084660     
6.3600000     0.9425089     -0.0000510    0.0264718     0.0084076     
6.3700000     0.9425084     -0.0000503    0.0262893     0.0083495     
6.3800000     0.9425079     -0.0000496    0.0261080     0.0082919     
6.3900000     0.9425075     -0.0000489    0.0259280     0.0082347     
6.4000000     0.9425070     -0.0000482    0.0257492     0.0081779     
6.4100000     0.9425065     -0.0000476    0.0255717     0.0081214     
6.4200000     0.9425061     -0.0000469    0.0253953     0.0080654     
6.4300000     0.9425056     -0.0000463    0.0252202     0.0080097     
6.4400000     0.9425052     -0.0000456    0.0250463     0.0079544     
6.4500000     0.9425047     -0.0000450    0.0248736     0.0078995     
6.4600000     0.9425043     -0.0000444    0.0247021     0.0078450     
6.4700000     0.9425039     -0.0000438    0.0245318     0.0077909     
6.4800000     0.9425034     -0.0000432    0.0243626     0.0077371     
6.4900000     0.9425030     -0.0000426    0.0241946     0.0076837     
6.5000000     0.9425026     -0.0000420    0.0240278     0.0076307     
6.5100000     0.9425022     -0.0000414    0.0238621     0.0075780     
6.5200000     0.9425018     -0.0000408    0.0236975     0.0075257     
6.5300000     0.9425014     -0.0000403    0.0235341     0.0074738     
6.5400000     0.9425010     -0.0000397    0.0233718     0.0074222     
6.5500000     0.9425006     -0.0000392    0.0232107     0.0073710     
6.5600000     0.9425003     -0.0000386    0.0230506     0.0073201     
6.5700000     0.9424999     -0.0000381    0.0228917     0.0072696     
6.5800000     0.9424995     -0.0000376    0.0227338     0.0072194     
6.5900000     0.9424992     -0.0000371    0.0225771     0.0071696     
6.6000000     0.9424988     -0.0000366    0.0224214     0.0071201     
6.6100000     0.9424985     -0.0000361    0.0222668     0.0070710     
6.6200000     0.9424981     -0.0000356    0.0221132     0.0070222     
6.6300000     0.9424978     -0.0000351    0.0219607     0.0069737     
6.6400000     0.9424974     -0.0000346    0.0218093     0.0069256     
6.6500000     0.9424971     -0.0000341    0.0216589     0.0068778     
6.6600000     0.9424968     -0.0000336    0.0215096     0.0068304     
6.6700000     0.9424964     -0.0000332    0.0213612     0.0067832     
6.6800000     0.9424961     -0.0000327    0.0212139     0.0067364     
6.6900000     0.9424958     -0.0000323    0.0210676     0.0066899     
6.7000000     0.9424955     -0.0000318    0.0209224     0.0066438     
6.7100000     0.9424952     -0.0000314    0.0207781     0.0065979     
6.7200000     0.9424949     -0.0000310    0.0206348     0.0065524     
6.7300000     0.9424946     -0.0000305    0.0204925     0.0065072     
6.7400000     0.9424943     -0.0000301    0.0203512     0.0064623     
6.7500000     0.9424940     -0.0000297    0.0202109     0.0064177     
6.7600000     0.9424937     -0.0000293    0.0200715     0.0063734     
6.7700000     0.9424935     -0.0000289    0.0199331     0.0063294     
6.7800000     0.9424932     -0.0000285    0.0197956     0.0062857     
6.7900000     0.9424929     -0.0000281    0.0196591     0.0062424     
6.8000000     0.9424926     -0.0000277    0.0195236     0.0061993     
6.8100000     0.9424924     -0.0000273    0.0193889     0.0061565     
6.8200000     0.9424921     -0.0000270    0.0192552     0.0061140     
6.8300000     0.9424919     -0.0000266    0.0191224     0.0060718     
6.8400000     0.9424916     -0.0000262    0.0189906     0.0060299     
6.8500000     0.9424913     -0.0000259    0.0188596     0.0059883     
6.8600000     0.9424911     -0.0000255    0.0187296     0.0059470     
6.8700000     0.9424909     -0.0000252    0.0186004     0.0059060     
6.8800000     0.9424906     -0.0000248    0.0184721     0.0058652     
6.8900000     0.9424904     -0.0000245    0.0183447     0.0058247     
6.9000000     0.9424901     -0.0000241    0.0182182     0.0057845     
6.9100000     0.9424899     -0.0000238    0.0180926     0.0057446     
6.9200000     0.9424897     -0.0000235    0.0179678     0.0057050     
6.9300000     0.9424895     -0.0000232    0.0178439     0.0056656     
6.9400000     0.9424892     -0.0000228    0.0177209     0.0056265     
6.9500000     0.9424890     -0.0000225    0.0175987     0.0055877     
6.9600000     0.9424888     -0.0000222    0.0174773     0.0055491     
6.9700000     0.9424886     -0.0000219    0.0173568     0.0055108     
6.9800000     0.9424884     -0.0000216    0.0172371     0.0054728     
6.9900000     0.9424882     -0.0000213    0.0171182     0.0054351     
7.0000000     0.9424880     -0.0000210    0.0170002     0.0053976     
7.0100000     0.9424878     -0.0000207    0.0168830     0.0053603     
7.0200000     0.9424876     -0.0000204    0.0167665     0.0053233     
7.0300000     0.9424874     -0.0000202    0.0166509     0.0052866     
7.0400000     0.9424872     -0.0000199    0.0165361     0.0052501     
7.0500000     0.9424870     -0.0000196    0.0164220     0.0052139     
7.0600000     0.9424868     -0.0000193    0.0163088     0.0051779     
7.0700000     0.9424866     -0.0000191    0.0161963     0.0051422     
7.0800000     0.9424865     -0.0000188    0.0160846     0.0051067     
7.0900000     0.9424863     -0.0000186    0.0159737     0.0050715     
7.1000000     0.9424861     -0.0000183    0.0158636     0.0050365     
7.1100000     0.9424859     -0.0000180    0.0157542     0.0050017     
7.1200000     0.9424858     -0.0000178    0.0156455     0.0049672     
7.1300000     0.9424856     -0.0000176    0.0155376     0.0049329     
7.1400000     0.9424854     -0.0000173    0.0154305     0.0048989     
7.1500000     0.9424853     -0.0000171    0.0153241     0.0048651     
7.1600000     0.9424851     -0.0000168    0.0152184     0.0048315     
7.1700000     0.9424849     -0.0000166    0.0151134     0.0047982     
7.1800000     0.9424848     -0.0000164    0.0150092     0.0047651     
7.1900000     0.9424846     -0.0000162    0.0149057     0.0047322     
7.2000000     0.9424845     -0.0000159    0.0148029     0.0046995     
7.2100000     0.9424843     -0.0000157    0.0147008     0.0046671     
7.2200000     0.9424842     -0.0000155    0.0145994     0.0046349     
7.2300000     0.9424840     -0.0000153    0.0144988     0.0046029     
7.2400000     0.9424839     -0.0000151    0.0143988     0.0045712     
7.2500000     0.9424837     -0.0000149    0.0142995     0.0045396     
7.2600000     0.9424836     -0.0000147    0.0142009     0.0045083     
7.2700000     0.9424835     -0.0000145    0.0141029     0.0044772     
7.2800000     0.9424833     -0.0000143    0.0140057     0.0044463     
7.2900000     0.9424832     -0.0000141    0.0139091     0.0044156     
7.3000000     0.9424830     -0.0000139    0.0138132     0.0043852     
7.3100000     0.9424829     -0.0000137    0.0137179     0.0043549     
7.3200000     0.9424828     -0.0000135    0.0136233     0.0043249     
7.3300000     0.9424827     -0.0000133    0.0135294     0.0042950     
7.3400000     0.9424825     -0.0000131    0.0134360     0.0042654     
7.3500000     0.9424824     -0.0000129    0.0133434     0.0042359     
7.3600000     0.9424823     -0.0000128    0.0132514     0.0042067     
7.3700000     0.9424822     -0.0000126    0.0131600     0.0041777     
7.3800000     0.9424820     -0.0000124    0.0130692     0.0041489     
7.3900000     0.9424819     -0.0000122    0.0129791     0.0041202     
7.4000000     0.9424818     -0.0000121    0.0128896     0.0040918     
7.4100000     0.9424817     -0.0000119    0.0128007     0.0040636     
7.4200000     0.9424816     -0.0000118    0.0127124     0.0040355     
7.4300000     0.9424815     -0.0000116    0.0126247     0.0040077     
7.4400000     0.9424814     -0.0000114    0.0125377     0.0039801     
7.4500000     0.9424813     -0.0000113    0.0124512     0.0039526     
7.4600000     0.9424812     -0.0000111    0.0123653     0.0039253     
7.4700000     0.9424811     -0.0000110    0.0122801     0.0038982     
7.4800000     0.9424810     -0.0000108    0.0121954     0.0038713     
7.4900000     0.9424809     -0.0000107    0.0121113     0.0038446     
7.5000000     0.9424808     -0.0000105    0.0120278     0.0038181     
7.5100000     0.9424807     -0.0000104    0.0119448     0.0037918     
7.5200000     0.9424806     -0.0000102    0.0118624     0.0037656     
7.5300000     0.9424805     -0.0000101    0.0117806     0.0037396     
7.5400000     0.9424804     -0.0000100    0.0116994     0.0037138     
7.5500000     0.9424803     -0.0000098    0.0116187     0.0036882     
7.5600000     0.9424802     -0.0000097    0.0115386     0.0036627     
7.5700000     0.9424801     -0.0000095    0.0114590     0.0036375     
7.5800000     0.9424800     -0.0000094    0.0113800     0.0036124     
7.5900000     0.9424799     -0.0000093    0.0113015     0.0035875     
7.6000000     0.9424798     -0.0000092    0.0112235     0.0035627     
7.6100000     0.9424797     -0.0000090    0.0111461     0.0035381     
7.6200000     0.9424797     -0.0000089    0.0110693     0.0035137     
7.6300000     0.9424796     -0.0000088    0.0109929     0.0034895     
7.6400000     0.9424795     -0.0000087    0.0109171     0.0034654     
7.6500000     0.9424794     -0.0000085    0.0108418     0.0034415     
7.6600000     0.9424793     -0.0000084    0.0107671     0.0034177     
7.6700000     0.9424793     -0.0000083    0.0106928     0.0033942     
7.6800000     0.9424792     -0.0000082    0.0106191     0.0033707     
7.6900000     0.9424791     -0.0000081    0.0105458     0.0033475     
7.7000000     0.9424790     -0.0000080    0.0104731     0.0033244     
7.7100000     0.9424789     -0.0000079    0.0104009     0.0033015     
7.7200000     0.9424789     -0.0000078    0.0103291     0.0032787     
7.7300000     0.9424788     -0.0000077    0.0102579     0.0032561     
7.7400000     0.9424787     -0.0000075    0.0101871     0.0032336     
7.7500000     0.9424787     -0.0000074    0.0101169     0.0032113     
7.7600000     0.9424786     -0.0000073    0.0100471     0.0031891     
7.7700000     0.9424785     -0.0000072    0.0099778     0.0031671     
7.7800000     0.9424785     -0.0000071    0.0099090     0.0031453     
7.7900000     0.9424784     -0.0000070    0.0098407     0.0031236     
7.8000000     0.9424783     -0.0000069    0.0097728     0.0031020     
7.8100000     0.9424783     -0.0000068    0.0097054     0.0030806     
7.8200000     0.9424782     -0.0000068    0.0096385     0.0030594     
7.8300000     0.9424781     -0.0000067    0.0095720     0.0030383     
7.8400000     0.9424781     -0.0000066    0.0095060     0.0030173     
7.8500000     0.9424780     -0.0000065    0.0094404     0.0029965     
7.8600000     0.9424780     -0.0000064    0.0093753     0.0029758     
7.8700000     0.9424779     -0.0000063    0.0093107     0.0029553     
7.8800000     0.9424778     -0.0000062    0.0092464     0.0029349     
7.8900000     0.9424778     -0.0000061    0.0091827     0.0029146     
7.9000000     0.9424777     -0.0000060    0.0091193     0.0028945     
7.9100000     0.9424777     -0.0000060    0.0090565     0.0028746     
7.9200000     0.9424776     -0.0000059    0.0089940     0.0028547     
7.9300000     0.9424776     -0.0000058    0.0089320     0.0028350     
7.9400000     0.9424775     -0.0000057    0.0088704     0.0028155     
7.9500000     0.9424775     -0.0000056    0.0088092     0.0027960     
7.9600000     0.9424774     -0.0000056    0.0087484     0.0027768     
7.9700000     0.9424774     -0.0000055    0.0086881     0.0027576     
7.9800000     0.9424773     -0.0000054    0.0086282     0.0027386     
7.9900000     0.9424773     -0.0000053    0.0085687     0.0027197     
8.0000000     0.9424772     -0.0000053    0.0085096     0.0027009     
8.0100000     0.9424772     -0.0000052    0.0084509     0.0026823     
8.0200000     0.9424771     -0.0000051    0.0083926     0.0026638     
8.0300000     0.9424771     -0.0000051    0.0083347     0.0026454     
8.0400000     0.9424770     -0.0000050    0.0082772     0.0026271     
8.0500000     0.9424770     -0.0000049    0.0082202     0.0026090     
8.0600000     0.9424769     -0.0000048    0.0081635     0.0025910     
8.0700000     0.9424769     -0.0000048    0.0081072     0.0025731     
8.0800000     0.9424768     -0.0000047    0.0080512     0.0025554     
8.0900000     0.9424768     -0.0000046    0.0079957     0.0025378     
8.1000000     0.9424768     -0.0000046    0.0079406     0.0025203     
8.1100000     0.9424767     -0.0000045    0.0078858     0.0025029     
8.1200000     0.9424767     -0.0000045    0.0078314     0.0024856     
8.1300000     0.9424766     -0.0000044    0.0077774     0.0024685     
8.1400000     0.9424766     -0.0000043    0.0077238     0.0024514     
8.1500000     0.9424765     -0.0000043    0.0076705     0.0024345     
8.1600000     0.9424765     -0.0000042    0.0076176     0.0024177     
8.1700000     0.9424765     -0.0000042    0.0075651     0.0024010     
8.1800000     0.9424764     -0.0000041    0.0075129     0.0023845     
8.1900000     0.9424764     -0.0000040    0.0074611     0.0023680     
8.2000000     0.9424764     -0.0000040    0.0074096     0.0023517     
8.2100000     0.9424763     -0.0000039    0.0073585     0.0023355     
8.2200000     0.9424763     -0.0000039    0.0073078     0.0023193     
8.2300000     0.9424763     -0.0000038    0.0072574     0.0023033     
8.2400000     0.9424762     -0.0000038    0.0072073     0.0022875     
8.2500000     0.9424762     -0.0000037    0.0071576     0.0022717     
8.2600000     0.9424762     -0.0000037    0.0071082     0.0022560     
8.2700000     0.9424761     -0.0000036    0.0070592     0.0022404     
8.2800000     0.9424761     -0.0000036    0.0070105     0.0022250     
8.2900000     0.9424761     -0.0000035    0.0069622     0.0022096     
8.3000000     0.9424760     -0.0000035    0.0069142     0.0021944     
8.3100000     0.9424760     -0.0000034    0.0068665     0.0021792     
8.3200000     0.9424760     -0.0000034    0.0068191     0.0021642     
8.3300000     0.9424759     -0.0000033    0.0067721     0.0021493     
8.3400000     0.9424759     -0.0000033    0.0067254     0.0021345     
8.3500000     0.9424759     -0.0000032    0.0066790     0.0021197     
8.3600000     0.9424758     -0.0000032    0.0066329     0.0021051     
8.3700000     0.9424758     -0.0000032    0.0065872     0.0020906     
8.3800000     0.9424758     -0.0000031    0.0065418     0.0020762     
8.3900000     0.9424758     -0.0000031    0.0064966     0.0020618     
8.4000000     0.9424757     -0.0000030    0.0064518     0.0020476     
8.4100000     0.9424757     -0.0000030    0.0064073     0.0020335     
8.4200000     0.9424757     -0.0000029    0.0063631     0.0020195     
8.4300000     0.9424757     -0.0000029    0.0063193     0.0020055     
8.4400000     0.9424756     -0.0000029    0.0062757     0.0019917     
8.4500000     0.9424756     -0.0000028    0.0062324     0.0019780     
8.4600000     0.9424756     -0.0000028    0.0061894     0.0019643     
8.4700000     0.9424756     -0.0000027    0.0061467     0.0019508     
8.4800000     0.9424755     -0.0000027    0.0061043     0.0019373     
8.4900000     0.9424755     -0.0000027    0.0060622     0.0019239     
8.5000000     0.9424755     -0.0000026    0.0060204     0.0019107     
8.5100000     0.9424755     -0.0000026    0.0059789     0.0018975     
8.5200000     0.9424754     -0.0000026    0.0059377     0.0018844     
8.5300000     0.9424754     -0.0000025    0.0058967     0.0018714     
8.5400000     0.9424754     -0.0000025    0.0058560     0.0018585     
8.5500000     0.9424754     -0.0000025    0.0058156     0.0018457     
8.5600000     0.9424753     -0.0000024    0.0057755     0.0018329     
8.5700000     0.9424753     -0.0000024    0.0057357     0.0018203     
8.5800000     0.9424753     -0.0000024    0.0056961     0.0018077     
8.5900000     0.9424753     -0.0000023    0.0056569     0.0017953     
8.6000000     0.9424753     -0.0000023    0.0056178     0.0017829     
8.6100000     0.9424752     -0.0000023    0.0055791     0.0017706     
8.6200000     0.9424752     -0.0000022    0.0055406     0.0017584     
8.6300000     0.9424752     -0.0000022    0.0055024     0.0017462     
8.6400000     0.9424752     -0.0000022    0.0054644     0.0017342     
8.6500000     0.9424752     -0.0000021    0.0054268     0.0017222     
8.6600000     0.9424751     -0.0000021    0.0053893     0.0017103     
8.6700000     0.9424751     -0.0000021    0.0053522     0.0016985     
8.6800000     0.9424751     -0.0000021    0.0053152     0.0016868     
8.6900000     0.9424751     -0.0000020    0.0052786     0.0016752     
8.7000000     0.9424751     -0.0000020    0.0052422     0.0016636     
8.7100000     0.9424751     -0.0000020    0.0052060     0.0016521     
8.7200000     0.9424750     -0.0000019    0.0051701     0.0016407     
8.7300000     0.9424750     -0.0000019    0.0051345     0.0016294     
8.7400000     0.9424750     -0.0000019    0.0050990     0.0016182     
8.7500000     0.9424750     -0.0000019    0.0050639     0.0016070     
8.7600000     0.9424750     -0.0000018    0.0050290     0.0015959     
8.7700000     0.9424750     -0.0000018    0.0049943     0.0015849     
8.7800000     0.9424749     -0.0000018    0.0049598     0.0015740     
8.7900000     0.9424749     -0.0000018    0.0049256     0.0015631     
8.8000000     0.9424749     -0.0000017    0.0048916     0.0015524     
8.8100000     0.9424749     -0.0000017    0.0048579     0.0015416     
8.8200000     0.9424749     -0.0000017    0.0048244     0.0015310     
8.8300000     0.9424749     -0.0000017    0.0047911     0.0015204     
8.8400000     0.9424749     -0.0000016    0.0047581     0.0015100     
8.8500000     0.9424748     -0.0000016    0.0047253     0.0014995     
8.8600000     0.9424748     -0.0000016    0.0046927     0.0014892     
8.8700000     0.9424748     -0.0000016    0.0046603     0.0014789     
8.8800000     0.9424748     -0.0000016    0.0046282     0.0014687     
8.8900000     0.9424748     -0.0000015    0.0045962     0.0014586     
8.9000000     0.9424748     -0.0000015    0.0045645     0.0014485     
8.9100000     0.9424748     -0.0000015    0.0045331     0.0014385     
8.9200000     0.9424747     -0.0000015    0.0045018     0.0014286     
8.9300000     0.9424747     -0.0000015    0.0044707     0.0014188     
8.9400000     0.9424747     -0.0000014    0.0044399     0.0014090     
8.9500000     0.9424747     -0.0000014    0.0044093     0.0013992     
8.9600000     0.9424747     -0.0000014    0.0043789     0.0013896     
8.9700000     0.9424747     -0.0000014    0.0043487     0.0013800     
8.9800000     0.9424747     -0.0000014    0.0043187     0.0013705     
8.9900000     0.9424747     -0.0000013    0.0042889     0.0013610     
9.0000000     0.9424747     -0.0000013    0.0042593     0.0013516     
9.0100000     0.9424746     -0.0000013    0.0042299     0.0013423     
9.0200000     0.9424746     -0.0000013    0.0042008     0.0013331     
9.0300000     0.9424746     -0.0000013    0.0041718     0.0013239     
9.0400000     0.9424746     -0.0000012    0.0041430     0.0013147     
9.0500000     0.9424746     -0.0000012    0.0041144     0.0013057     
9.0600000     0.9424746     -0.0000012    0.0040861     0.0012967     
9.0700000     0.9424746     -0.0000012    0.0040579     0.0012877     
9.0800000     0.9424746     -0.0000012    0.0040299     0.0012788     
9.0900000     0.9424746     -0.0000012    0.0040021     0.0012700     
9.1000000     0.9424745     -0.0000011    0.0039745     0.0012612     
9.1100000     0.9424745     -0.0000011    0.0039471     0.0012525     
9.1200000     0.9424745     -0.0000011    0.0039199     0.0012439     
9.1300000     0.9424745     -0.0000011    0.0038928     0.0012353     
9.1400000     0.9424745     -0.0000011    0.0038660     0.0012268     
9.1500000     0.9424745     -0.0000011    0.0038393     0.0012183     
9.1600000     0.9424745     -0.0000011    0.0038128     0.0012099     
9.1700000     0.9424745     -0.0000010    0.0037865     0.0012016     
9.1800000     0.9424745     -0.0000010    0.0037604     0.0011933     
9.1900000     0.9424745     -0.0000010    0.0037345     0.0011851     
9.2000000     0.9424745     -0.0000010    0.0037087     0.0011769     
9.2100000     0.9424744     -0.0000010    0.0036831     0.0011688     
9.2200000     0.9424744     -0.0000010    0.0036577     0.0011607     
9.2300000     0.9424744     -0.0000010    0.0036325     0.0011527     
9.2400000     0.9424744     -0.0000009    0.0036075     0.0011447     
9.2500000     0.9424744     -0.0000009    0.0035826     0.0011369     
9.2600000     0.9424744     -0.0000009    0.0035579     0.0011290     
9.2700000     0.9424744     -0.0000009    0.0035333     0.0011212     
9.2800000     0.9424744     -0.0000009    0.0035090     0.0011135     
9.2900000     0.9424744     -0.0000009    0.0034848     0.0011058     
9.3000000     0.9424744     -0.0000009    0.0034607     0.0010982     
9.3100000     0.9424744     -0.0000009    0.0034369     0.0010906     
9.3200000     0.9424744     -0.0000008    0.0034131     0.0010831     
9.3300000     0.9424744     -0.0000008    0.0033896     0.0010756     
9.3400000     0.9424744     -0.0000008    0.0033662     0.0010682     
9.3500000     0.9424743     -0.0000008    0.0033430     0.0010608     
9.3600000     0.9424743     -0.0000008    0.0033200     0.0010535     
9.3700000     0.9424743     -0.0000008    0.0032971     0.0010462     
9.3800000     0.9424743     -0.0000008    0.0032743     0.0010390     
9.3900000     0.9424743     -0.0000008    0.0032517     0.0010318     
9.4000000     0.9424743     -0.0000008    0.0032293     0.0010247     
9.4100000     0.9424743     -0.0000007    0.0032070     0.0010177     
9.4200000     0.9424743     -0.0000007    0.0031849     0.0010106     
9.4300000     0.9424743     -0.0000007    0.0031629     0.0010037     
9.4400000     0.9424743     -0.0000007    0.0031411     0.0009967     
9.4500000     0.9424743     -0.0000007    0.0031195     0.0009899     
9.4600000     0.9424743     -0.0000007    0.0030979     0.0009830     
9.4700000     0.9424743     -0.0000007    0.0030766     0.0009763     
9.4800000     0.9424743     -0.0000007    0.0030554     0.0009695     
9.4900000     0.9424743     -0.0000007    0.0030343     0.0009628     
9.5000000     0.9424743     -0.0000007    0.0030134     0.0009562     
9.5100000     0.9424743     -0.0000007    0.0029926     0.0009496     
9.5200000     0.9424743     -0.0000006    0.0029719     0.0009430     
9.5300000     0.9424742     -0.0000006    0.0029514     0.0009365     
9.5400000     0.9424742     -0.0000006    0.0029311     0.0009301     
9.5500000     0.9424742     -0.0000006    0.0029109     0.0009237     
9.5600000     0.9424742     -0.0000006    0.0028908     0.0009173     
9.5700000     0.9424742     -0.0000006    0.0028708     0.0009110     
9.5800000     0.9424742     -0.0000006    0.0028510     0.0009047     
9.5900000     0.9424742     -0.0000006    0.0028314     0.0008984     
9.6000000     0.9424742     -0.0000006    0.0028119     0.0008922     
9.6100000     0.9424742     -0.0000006    0.0027925     0.0008861     
9.6200000     0.9424742     -0.0000006    0.0027732     0.0008800     
9.6300000     0.9424742     -0.0000006    0.0027541     0.0008739     
9.6400000     0.9424742     -0.0000005    0.0027351     0.0008679     
9.6500000     0.9424742     -0.0000005    0.0027162     0.0008619     
9.6600000     0.9424742     -0.0000005    0.0026975     0.0008559     
9.6700000     0.9424742     -0.0000005    0.0026789     0.0008500     
9.6800000     0.9424742     -0.0000005    0.0026604     0.0008442     
9.6900000     0.9424742     -0.0000005    0.0026420     0.0008384     
9.7000000     0.9424742     -0.0000005    0.0026238     0.0008326     
9.7100000     0.9424742     -0.0000005    0.0026057     0.0008268     
9.7200000     0.9424742     -0.0000005    0.0025877     0.0008211     
9.7300000     0.9424742     -0.0000005    0.0025699     0.0008155     
9.7400000     0.9424742     -0.0000005    0.0025522     0.0008098     
9.7500000     0.9424742     -0.0000005    0.0025346     0.0008042     
9.7600000     0.9424742     -0.0000005    0.0025171     0.0007987     
9.7700000     0.9424741     -0.0000005    0.0024997     0.0007932     
9.7800000     0.9424741     -0.0000004    0.0024825     0.0007877     
9.7900000     0.9424741     -0.0000004    0.0024654     0.0007823     
9.8000000     0.9424741     -0.0000004    0.0024484     0.0007769     
9.8100000     0.9424741     -0.0000004    0.0024315     0.0007715     
9.8200000     0.9424741     -0.0000004    0.0024147     0.0007662     
9.8300000     0.9424741     -0.0000004    0.0023980     0.0007609     
9.8400000     0.9424741     -0.0000004    0.0023815     0.0007557     
9.8500000     0.9424741     -0.0000004    0.0023651     0.0007505     
9.8600000     0.9424741     -0.0000004    0.0023488     0.0007453     
9.8700000     0.9424741     -0.0000004    0.0023326     0.0007401     
9.8800000     0.9424741     -0.0000004    0.0023165     0.0007350     
9.8900000     0.9424741     -0.0000004    0.0023005     0.0007300     
9.9000000     0.9424741     -0.0000004    0.0022846     0.0007249     
9.9100000     0.9424741     -0.0000004    0.0022689     0.0007199     
9.9200000     0.9424741     -0.0000004    0.0022532     0.0007150     
9.9300000     0.9424741     -0.0000004    0.0022377     0.0007100     
9.9400000     0.9424741     -0.0000004    0.0022223     0.0007051     
9.9500000     0.9424741     -0.0000004    0.0022069     0.0007003     
9.9600000     0.9424741     -0.0000003    0.0021917     0.0006954     
9.9700000     0.9424741     -0.0000003    0.0021766     0.0006906     
9.9800000     0.9424741     -0.0000003    0.0021616     0.0006859     
9.9900000     0.9424741     -0.0000003    0.0021467     0.0006811     
10.0000000    0.9424741     -0.0000003    0.0021319     0.0006764     
