#   delta = 1.000, g = 1.000, ds = 0.010
#   s             E             dE       ||Gammaod||    ||eta2B||    

0.0000000     1.0000000     -0.5833333    2.8284271     0.8975275     
0.0100000     0.9941875     -0.5791728    2.8084191     0.8975275     
0.0200000     0.9884551     -0.5711933    2.7886035     0.8916618     
0.0300000     0.9828016     -0.5633408    2.7689774     0.8858423     
0.0400000     0.9772256     -0.5556127    2.7495382     0.8800684     
0.0500000     0.9717261     -0.5480068    2.7302834     0.8743397     
0.0600000     0.9663017     -0.5405205    2.7112102     0.8686555     
0.0700000     0.9609513     -0.5331518    2.6923163     0.8630154     
0.0800000     0.9556738     -0.5258984    2.6735992     0.8574190     
0.0900000     0.9504679     -0.5187581    2.6550563     0.8518657     
0.1000000     0.9453326     -0.5117288    2.6366854     0.8463551     
0.1100000     0.9402669     -0.5048084    2.6184841     0.8408867     
0.1200000     0.9352695     -0.4979950    2.6004501     0.8354600     
0.1300000     0.9303395     -0.4912865    2.5825811     0.8300747     
0.1400000     0.9254758     -0.4846811    2.5648749     0.8247303     
0.1500000     0.9206774     -0.4781768    2.5473294     0.8194264     
0.1600000     0.9159433     -0.4717717    2.5299425     0.8141625     
0.1700000     0.9112726     -0.4654642    2.5127119     0.8089383     
0.1800000     0.9066642     -0.4592524    2.4956358     0.8037532     
0.1900000     0.9021172     -0.4531346    2.4787120     0.7986070     
0.2000000     0.8976307     -0.4471091    2.4619386     0.7934993     
0.2100000     0.8932039     -0.4411742    2.4453136     0.7884296     
0.2200000     0.8888357     -0.4353285    2.4288351     0.7833976     
0.2300000     0.8845253     -0.4295702    2.4125012     0.7784028     
0.2400000     0.8802718     -0.4238978    2.3963102     0.7734450     
0.2500000     0.8760745     -0.4183098    2.3802600     0.7685238     
0.2600000     0.8719324     -0.4128048    2.3643491     0.7636388     
0.2700000     0.8678447     -0.4073812    2.3485756     0.7587896     
0.2800000     0.8638107     -0.4020377    2.3329379     0.7539760     
0.2900000     0.8598296     -0.3967729    2.3174341     0.7491976     
0.3000000     0.8559005     -0.3915854    2.3020627     0.7444540     
0.3100000     0.8520228     -0.3864739    2.2868220     0.7397449     
0.3200000     0.8481956     -0.3814371    2.2717104     0.7350700     
0.3300000     0.8444182     -0.3764736    2.2567263     0.7304289     
0.3400000     0.8406899     -0.3715824    2.2418682     0.7258214     
0.3500000     0.8370100     -0.3667620    2.2271346     0.7212472     
0.3600000     0.8333778     -0.3620114    2.2125239     0.7167059     
0.3700000     0.8297926     -0.3573293    2.1980347     0.7121972     
0.3800000     0.8262537     -0.3527146    2.1836655     0.7077209     
0.3900000     0.8227605     -0.3481662    2.1694148     0.7032766     
0.4000000     0.8193122     -0.3436829    2.1552814     0.6988640     
0.4100000     0.8159083     -0.3392638    2.1412637     0.6944829     
0.4200000     0.8125482     -0.3349076    2.1273605     0.6901330     
0.4300000     0.8092311     -0.3306134    2.1135704     0.6858140     
0.4400000     0.8059565     -0.3263802    2.0998921     0.6815256     
0.4500000     0.8027239     -0.3222069    2.0863243     0.6772675     
0.4600000     0.7995325     -0.3180926    2.0728657     0.6730395     
0.4700000     0.7963818     -0.3140363    2.0595150     0.6688414     
0.4800000     0.7932713     -0.3100370    2.0462711     0.6646728     
0.4900000     0.7902003     -0.3060939    2.0331328     0.6605335     
0.5000000     0.7871684     -0.3022060    2.0200987     0.6564233     
0.5100000     0.7841749     -0.2983725    2.0071678     0.6523418     
0.5200000     0.7812194     -0.2945924    1.9943389     0.6482889     
0.5300000     0.7783012     -0.2908650    1.9816108     0.6442643     
0.5400000     0.7754200     -0.2871893    1.9689825     0.6402677     
0.5500000     0.7725752     -0.2835645    1.9564527     0.6362990     
0.5600000     0.7697662     -0.2799899    1.9440206     0.6323578     
0.5700000     0.7669926     -0.2764646    1.9316849     0.6284439     
0.5800000     0.7642539     -0.2729879    1.9194446     0.6245572     
0.5900000     0.7615496     -0.2695590    1.9072987     0.6206974     
0.6000000     0.7588792     -0.2661771    1.8952462     0.6168642     
0.6100000     0.7562424     -0.2628415    1.8832860     0.6130574     
0.6200000     0.7536385     -0.2595516    1.8714172     0.6092769     
0.6300000     0.7510672     -0.2563065    1.8596388     0.6055223     
0.6400000     0.7485280     -0.2531055    1.8479498     0.6017936     
0.6500000     0.7460205     -0.2499481    1.8363493     0.5980904     
0.6600000     0.7435443     -0.2468335    1.8248364     0.5944125     
0.6700000     0.7410989     -0.2437611    1.8134101     0.5907598     
0.6800000     0.7386839     -0.2407302    1.8020695     0.5871320     
0.6900000     0.7362990     -0.2377402    1.7908137     0.5835289     
0.7000000     0.7339436     -0.2347905    1.7796419     0.5799504     
0.7100000     0.7316174     -0.2318804    1.7685532     0.5763962     
0.7200000     0.7293201     -0.2290093    1.7575468     0.5728661     
0.7300000     0.7270511     -0.2261767    1.7466217     0.5693600     
0.7400000     0.7248102     -0.2233820    1.7357772     0.5658776     
0.7500000     0.7225970     -0.2206246    1.7250124     0.5624187     
0.7600000     0.7204111     -0.2179039    1.7143266     0.5589833     
0.7700000     0.7182521     -0.2152194    1.7037190     0.5555709     
0.7800000     0.7161197     -0.2125705    1.6931887     0.5521816     
0.7900000     0.7140136     -0.2099568    1.6827350     0.5488151     
0.8000000     0.7119333     -0.2073777    1.6723572     0.5454712     
0.8100000     0.7098785     -0.2048326    1.6620545     0.5421497     
0.8200000     0.7078490     -0.2023212    1.6518261     0.5388505     
0.8300000     0.7058443     -0.1998428    1.6416713     0.5355734     
0.8400000     0.7038642     -0.1973970    1.6315895     0.5323181     
0.8500000     0.7019083     -0.1949833    1.6215798     0.5290847     
0.8600000     0.6999763     -0.1926013    1.6116417     0.5258727     
0.8700000     0.6980679     -0.1902504    1.6017744     0.5226822     
0.8800000     0.6961827     -0.1879303    1.5919772     0.5195129     
0.8900000     0.6943206     -0.1856404    1.5822494     0.5163647     
0.9000000     0.6924811     -0.1833804    1.5725905     0.5132374     
0.9100000     0.6906640     -0.1811498    1.5629997     0.5101308     
0.9200000     0.6888690     -0.1789482    1.5534764     0.5070447     
0.9300000     0.6870958     -0.1767751    1.5440200     0.5039791     
0.9400000     0.6853441     -0.1746302    1.5346298     0.5009338     
0.9500000     0.6836137     -0.1725131    1.5253053     0.4979085     
0.9600000     0.6819042     -0.1704233    1.5160458     0.4949032     
0.9700000     0.6802155     -0.1683604    1.5068507     0.4919177     
0.9800000     0.6785472     -0.1663241    1.4977194     0.4889518     
0.9900000     0.6768990     -0.1643140    1.4886513     0.4860054     
1.0000000     0.6752708     -0.1623298    1.4796459     0.4830784     
1.0100000     0.6736622     -0.1603710    1.4707026     0.4801705     
1.0200000     0.6720730     -0.1584372    1.4618209     0.4772817     
1.0300000     0.6705029     -0.1565283    1.4530000     0.4744117     
1.0400000     0.6689518     -0.1546437    1.4442397     0.4715606     
1.0500000     0.6674194     -0.1527832    1.4355391     0.4687280     
1.0600000     0.6659053     -0.1509463    1.4268980     0.4659139     
1.0700000     0.6644095     -0.1491329    1.4183156     0.4631182     
1.0800000     0.6629317     -0.1473425    1.4097916     0.4603406     
1.0900000     0.6614715     -0.1455749    1.4013253     0.4575811     
1.1000000     0.6600289     -0.1438296    1.3929163     0.4548395     
1.1100000     0.6586036     -0.1421065    1.3845640     0.4521157     
1.1200000     0.6571954     -0.1404052    1.3762681     0.4494096     
1.1300000     0.6558040     -0.1387253    1.3680279     0.4467209     
1.1400000     0.6544292     -0.1370667    1.3598430     0.4440497     
1.1500000     0.6530709     -0.1354290    1.3517130     0.4413957     
1.1600000     0.6517288     -0.1338119    1.3436372     0.4387589     
1.1700000     0.6504027     -0.1322151    1.3356154     0.4361390     
1.1800000     0.6490925     -0.1306384    1.3276470     0.4335360     
1.1900000     0.6477979     -0.1290814    1.3197316     0.4309498     
1.2000000     0.6465187     -0.1275440    1.3118687     0.4283802     
1.2100000     0.6452547     -0.1260258    1.3040579     0.4258271     
1.2200000     0.6440058     -0.1245267    1.2962987     0.4232904     
1.2300000     0.6427717     -0.1230462    1.2885907     0.4207700     
1.2400000     0.6415523     -0.1215842    1.2809335     0.4182657     
1.2500000     0.6403474     -0.1201404    1.2733266     0.4157774     
1.2600000     0.6391568     -0.1187146    1.2657697     0.4133051     
1.2700000     0.6379803     -0.1173066    1.2582623     0.4108485     
1.2800000     0.6368178     -0.1159160    1.2508041     0.4084076     
1.2900000     0.6356690     -0.1145427    1.2433945     0.4059823     
1.3000000     0.6345339     -0.1131864    1.2360333     0.4035724     
1.3100000     0.6334122     -0.1118469    1.2287199     0.4011778     
1.3200000     0.6323038     -0.1105240    1.2214541     0.3987985     
1.3300000     0.6312085     -0.1092175    1.2142355     0.3964343     
1.3400000     0.6301261     -0.1079271    1.2070636     0.3940851     
1.3500000     0.6290565     -0.1066526    1.1999381     0.3917507     
1.3600000     0.6279996     -0.1053938    1.1928586     0.3894312     
1.3700000     0.6269551     -0.1041505    1.1858247     0.3871264     
1.3800000     0.6259230     -0.1029225    1.1788362     0.3848361     
1.3900000     0.6249030     -0.1017097    1.1718925     0.3825603     
1.4000000     0.6238950     -0.1005117    1.1649934     0.3802989     
1.4100000     0.6228989     -0.0993284    1.1581386     0.3780517     
1.4200000     0.6219146     -0.0981596    1.1513276     0.3758187     
1.4300000     0.6209418     -0.0970051    1.1445601     0.3735997     
1.4400000     0.6199805     -0.0958647    1.1378358     0.3713948     
1.4500000     0.6190304     -0.0947383    1.1311544     0.3692036     
1.4600000     0.6180916     -0.0936257    1.1245154     0.3670263     
1.4700000     0.6171637     -0.0925266    1.1179187     0.3648626     
1.4800000     0.6162468     -0.0914409    1.1113638     0.3627124     
1.4900000     0.6153406     -0.0903684    1.1048504     0.3605758     
1.5000000     0.6144450     -0.0893090    1.0983782     0.3584525     
1.5100000     0.6135600     -0.0882625    1.0919470     0.3563425     
1.5200000     0.6126853     -0.0872287    1.0855563     0.3542457     
1.5300000     0.6118209     -0.0862075    1.0792059     0.3521620     
1.5400000     0.6109665     -0.0851987    1.0728955     0.3500913     
1.5500000     0.6101222     -0.0842020    1.0666248     0.3480335     
1.5600000     0.6092878     -0.0832175    1.0603934     0.3459885     
1.5700000     0.6084631     -0.0822449    1.0542011     0.3439562     
1.5800000     0.6076481     -0.0812840    1.0480476     0.3419366     
1.5900000     0.6068426     -0.0803347    1.0419326     0.3399296     
1.6000000     0.6060465     -0.0793970    1.0358557     0.3379350     
1.6100000     0.6052596     -0.0784705    1.0298168     0.3359528     
1.6200000     0.6044820     -0.0775552    1.0238156     0.3339829     
1.6300000     0.6037135     -0.0766509    1.0178516     0.3320252     
1.6400000     0.6029539     -0.0757575    1.0119248     0.3300796     
1.6500000     0.6022031     -0.0748749    1.0060348     0.3281461     
1.6600000     0.6014611     -0.0740029    1.0001813     0.3262245     
1.6700000     0.6007278     -0.0731413    0.9943641     0.3243148     
1.6800000     0.6000030     -0.0722901    0.9885829     0.3224169     
1.6900000     0.5992866     -0.0714492    0.9828375     0.3205307     
1.7000000     0.5985786     -0.0706183    0.9771275     0.3186561     
1.7100000     0.5978788     -0.0697973    0.9714528     0.3167931     
1.7200000     0.5971872     -0.0689862    0.9658130     0.3149415     
1.7300000     0.5965035     -0.0681848    0.9602080     0.3131014     
1.7400000     0.5958279     -0.0673930    0.9546374     0.3112725     
1.7500000     0.5951601     -0.0666106    0.9491011     0.3094549     
1.7600000     0.5945000     -0.0658376    0.9435987     0.3076484     
1.7700000     0.5938476     -0.0650738    0.9381301     0.3058531     
1.7800000     0.5932028     -0.0643191    0.9326950     0.3040687     
1.7900000     0.5925654     -0.0635734    0.9272931     0.3022953     
1.8000000     0.5919355     -0.0628366    0.9219243     0.3005327     
1.8100000     0.5913128     -0.0621086    0.9165882     0.2987810     
1.8200000     0.5906974     -0.0613892    0.9112848     0.2970399     
1.8300000     0.5900891     -0.0606784    0.9060136     0.2953095     
1.8400000     0.5894878     -0.0599761    0.9007746     0.2935896     
1.8500000     0.5888935     -0.0592821    0.8955674     0.2918802     
1.8600000     0.5883061     -0.0585963    0.8903919     0.2901813     
1.8700000     0.5877255     -0.0579186    0.8852478     0.2884927     
1.8800000     0.5871516     -0.0572490    0.8801349     0.2868144     
1.8900000     0.5865843     -0.0565873    0.8750531     0.2851463     
1.9000000     0.5860236     -0.0559335    0.8700020     0.2834884     
1.9100000     0.5854694     -0.0552874    0.8649815     0.2818406     
1.9200000     0.5849216     -0.0546490    0.8599914     0.2802027     
1.9300000     0.5843801     -0.0540181    0.8550314     0.2785748     
1.9400000     0.5838448     -0.0533946    0.8501013     0.2769568     
1.9500000     0.5833158     -0.0527785    0.8452010     0.2753486     
1.9600000     0.5827929     -0.0521697    0.8403303     0.2737502     
1.9700000     0.5822759     -0.0515681    0.8354888     0.2721614     
1.9800000     0.5817650     -0.0509736    0.8306766     0.2705823     
1.9900000     0.5812599     -0.0503860    0.8258932     0.2690127     
2.0000000     0.5807607     -0.0498054    0.8211386     0.2674526     
2.0100000     0.5802672     -0.0492317    0.8164125     0.2659019     
2.0200000     0.5797795     -0.0486647    0.8117148     0.2643606     
2.0300000     0.5792973     -0.0481043    0.8070453     0.2628286     
2.0400000     0.5788207     -0.0475506    0.8024037     0.2613058     
2.0500000     0.5783496     -0.0470034    0.7977900     0.2597923     
2.0600000     0.5778839     -0.0464625    0.7932038     0.2582878     
2.0700000     0.5774236     -0.0459281    0.7886450     0.2567924     
2.0800000     0.5769685     -0.0453999    0.7841135     0.2553060     
2.0900000     0.5765187     -0.0448779    0.7796090     0.2538286     
2.1000000     0.5760741     -0.0443621    0.7751314     0.2523600     
2.1100000     0.5756346     -0.0438522    0.7706805     0.2509003     
2.1200000     0.5752001     -0.0433484    0.7662561     0.2494493     
2.1300000     0.5747707     -0.0428504    0.7618581     0.2480071     
2.1400000     0.5743462     -0.0423583    0.7574862     0.2465735     
2.1500000     0.5739265     -0.0418720    0.7531403     0.2451485     
2.1600000     0.5735117     -0.0413913    0.7488202     0.2437320     
2.1700000     0.5731016     -0.0409163    0.7445258     0.2423240     
2.1800000     0.5726963     -0.0404468    0.7402569     0.2409245     
2.1900000     0.5722956     -0.0399827    0.7360133     0.2395333     
2.2000000     0.5718995     -0.0395242    0.7317948     0.2381505     
2.2100000     0.5715080     -0.0390709    0.7276014     0.2367759     
2.2200000     0.5711209     -0.0386230    0.7234327     0.2354095     
2.2300000     0.5707383     -0.0381802    0.7192887     0.2340513     
2.2400000     0.5703601     -0.0377427    0.7151693     0.2327012     
2.2500000     0.5699862     -0.0373102    0.7110741     0.2313592     
2.2600000     0.5696166     -0.0368828    0.7070032     0.2300252     
2.2700000     0.5692512     -0.0364603    0.7029563     0.2286991     
2.2800000     0.5688900     -0.0360428    0.6989333     0.2273809     
2.2900000     0.5685330     -0.0356301    0.6949339     0.2260706     
2.3000000     0.5681801     -0.0352223    0.6909582     0.2247680     
2.3100000     0.5678312     -0.0348191    0.6870059     0.2234733     
2.3200000     0.5674863     -0.0344207    0.6830768     0.2221862     
2.3300000     0.5671453     -0.0340269    0.6791709     0.2209068     
2.3400000     0.5668083     -0.0336377    0.6752879     0.2196350     
2.3500000     0.5664751     -0.0332529    0.6714278     0.2183707     
2.3600000     0.5661457     -0.0328727    0.6675904     0.2171139     
2.3700000     0.5658201     -0.0324969    0.6637754     0.2158646     
2.3800000     0.5654982     -0.0321254    0.6599829     0.2146227     
2.3900000     0.5651800     -0.0317582    0.6562126     0.2133882     
2.4000000     0.5648654     -0.0313953    0.6524645     0.2121610     
2.4100000     0.5645545     -0.0310366    0.6487382     0.2109411     
2.4200000     0.5642471     -0.0306820    0.6450339     0.2097283     
2.4300000     0.5639432     -0.0303316    0.6413512     0.2085228     
2.4400000     0.5636427     -0.0299852    0.6376901     0.2073244     
2.4500000     0.5633458     -0.0296428    0.6340503     0.2061331     
2.4600000     0.5630522     -0.0293044    0.6304319     0.2049488     
2.4700000     0.5627619     -0.0289699    0.6268346     0.2037715     
2.4800000     0.5624750     -0.0286393    0.6232584     0.2026012     
2.4900000     0.5621914     -0.0283125    0.6197030     0.2014378     
2.5000000     0.5619110     -0.0279895    0.6161684     0.2002812     
2.5100000     0.5616338     -0.0276702    0.6126544     0.1991315     
2.5200000     0.5613597     -0.0273546    0.6091609     0.1979886     
2.5300000     0.5610888     -0.0270426    0.6056878     0.1968524     
2.5400000     0.5608210     -0.0267342    0.6022349     0.1957228     
2.5500000     0.5605562     -0.0264294    0.5988021     0.1946000     
2.5600000     0.5602945     -0.0261282    0.5953893     0.1934837     
2.5700000     0.5600357     -0.0258303    0.5919964     0.1923741     
2.5800000     0.5597799     -0.0255360    0.5886232     0.1912709     
2.5900000     0.5595271     -0.0252450    0.5852697     0.1901743     
2.6000000     0.5592771     -0.0249574    0.5819356     0.1890841     
2.6100000     0.5590299     -0.0246730    0.5786209     0.1880003     
2.6200000     0.5587856     -0.0243920    0.5753255     0.1869228     
2.6300000     0.5585440     -0.0241142    0.5720492     0.1858517     
2.6400000     0.5583053     -0.0238396    0.5687920     0.1847869     
2.6500000     0.5580692     -0.0235682    0.5655536     0.1837283     
2.6600000     0.5578358     -0.0232998    0.5623341     0.1826760     
2.6700000     0.5576051     -0.0230346    0.5591332     0.1816298     
2.6800000     0.5573770     -0.0227724    0.5559508     0.1805897     
2.6900000     0.5571515     -0.0225133    0.5527870     0.1795558     
2.7000000     0.5569286     -0.0222571    0.5496414     0.1785279     
2.7100000     0.5567082     -0.0220039    0.5465141     0.1775060     
2.7200000     0.5564903     -0.0217535    0.5434048     0.1764901     
2.7300000     0.5562750     -0.0215061    0.5403136     0.1754801     
2.7400000     0.5560620     -0.0212615    0.5372403     0.1744761     
2.7500000     0.5558515     -0.0210197    0.5341847     0.1734779     
2.7600000     0.5556434     -0.0207807    0.5311468     0.1724856     
2.7700000     0.5554376     -0.0205444    0.5281265     0.1714991     
2.7800000     0.5552342     -0.0203108    0.5251236     0.1705183     
2.7900000     0.5550331     -0.0200799    0.5221381     0.1695433     
2.8000000     0.5548343     -0.0198517    0.5191698     0.1685739     
2.8100000     0.5546378     -0.0196261    0.5162187     0.1676103     
2.8200000     0.5544435     -0.0194030    0.5132846     0.1666522     
2.8300000     0.5542514     -0.0191826    0.5103674     0.1656997     
2.8400000     0.5540615     -0.0189646    0.5074671     0.1647528     
2.8500000     0.5538737     -0.0187492    0.5045835     0.1638114     
2.8600000     0.5536881     -0.0185362    0.5017165     0.1628755     
2.8700000     0.5535046     -0.0183257    0.4988660     0.1619451     
2.8800000     0.5533232     -0.0181175    0.4960320     0.1610200     
2.8900000     0.5531438     -0.0179118    0.4932143     0.1601004     
2.9000000     0.5529665     -0.0177084    0.4904128     0.1591861     
2.9100000     0.5527912     -0.0175073    0.4876275     0.1582771     
2.9200000     0.5526179     -0.0173086    0.4848582     0.1573735     
2.9300000     0.5524466     -0.0171121    0.4821049     0.1564751     
2.9400000     0.5522772     -0.0169179    0.4793674     0.1555819     
2.9500000     0.5521097     -0.0167258    0.4766456     0.1546939     
2.9600000     0.5519442     -0.0165360    0.4739395     0.1538110     
2.9700000     0.5517805     -0.0163484    0.4712489     0.1529333     
2.9800000     0.5516187     -0.0161629    0.4685739     0.1520607     
2.9900000     0.5514587     -0.0159795    0.4659142     0.1511932     
3.0000000     0.5513005     -0.0157982    0.4632697     0.1503307     
3.0100000     0.5511441     -0.0156190    0.4606405     0.1494732     
3.0200000     0.5509895     -0.0154418    0.4580264     0.1486207     
3.0300000     0.5508367     -0.0152667    0.4554273     0.1477731     
3.0400000     0.5506856     -0.0150936    0.4528431     0.1469304     
3.0500000     0.5505362     -0.0149224    0.4502737     0.1460927     
3.0600000     0.5503885     -0.0147532    0.4477191     0.1452598     
3.0700000     0.5502425     -0.0145859    0.4451792     0.1444317     
3.0800000     0.5500982     -0.0144205    0.4426538     0.1436084     
3.0900000     0.5499554     -0.0142571    0.4401429     0.1427899     
3.1000000     0.5498143     -0.0140955    0.4376464     0.1419761     
3.1100000     0.5496748     -0.0139357    0.4351642     0.1411670     
3.1200000     0.5495369     -0.0137777    0.4326963     0.1403627     
3.1300000     0.5494006     -0.0136216    0.4302424     0.1395629     
3.1400000     0.5492658     -0.0134672    0.4278027     0.1387678     
3.1500000     0.5491325     -0.0133146    0.4253769     0.1379774     
3.1600000     0.5490008     -0.0131638    0.4229650     0.1371914     
3.1700000     0.5488705     -0.0130146    0.4205669     0.1364101     
3.1800000     0.5487417     -0.0128672    0.4181826     0.1356332     
3.1900000     0.5486144     -0.0127214    0.4158119     0.1348608     
3.2000000     0.5484885     -0.0125773    0.4134548     0.1340929     
3.2100000     0.5483640     -0.0124348    0.4111111     0.1333295     
3.2200000     0.5482410     -0.0122940    0.4087809     0.1325704     
3.2300000     0.5481193     -0.0121548    0.4064640     0.1318157     
3.2400000     0.5479991     -0.0120171    0.4041604     0.1310654     
3.2500000     0.5478802     -0.0118811    0.4018699     0.1303194     
3.2600000     0.5477626     -0.0117465    0.3995925     0.1295777     
3.2700000     0.5476464     -0.0116135    0.3973282     0.1288403     
3.2800000     0.5475315     -0.0114820    0.3950767     0.1281072     
3.2900000     0.5474179     -0.0113521    0.3928382     0.1273783     
3.3000000     0.5473056     -0.0112235    0.3906124     0.1266536     
3.3100000     0.5471945     -0.0110965    0.3883994     0.1259330     
3.3200000     0.5470848     -0.0109709    0.3861990     0.1252166     
3.3300000     0.5469762     -0.0108467    0.3840111     0.1245044     
3.3400000     0.5468689     -0.0107240    0.3818358     0.1237962     
3.3500000     0.5467628     -0.0106026    0.3796729     0.1230922     
3.3600000     0.5466579     -0.0104826    0.3775223     0.1223921     
3.3700000     0.5465542     -0.0103640    0.3753840     0.1216962     
3.3800000     0.5464517     -0.0102467    0.3732579     0.1210042     
3.3900000     0.5463503     -0.0101308    0.3711440     0.1203162     
3.4000000     0.5462501     -0.0100162    0.3690421     0.1196322     
3.4100000     0.5461510     -0.0099029    0.3669522     0.1189521     
3.4200000     0.5460531     -0.0097909    0.3648742     0.1182759     
3.4300000     0.5459562     -0.0096801    0.3628080     0.1176036     
3.4400000     0.5458605     -0.0095706    0.3607537     0.1169352     
3.4500000     0.5457658     -0.0094624    0.3587110     0.1162706     
3.4600000     0.5456722     -0.0093553    0.3566800     0.1156098     
3.4700000     0.5455797     -0.0092495    0.3546606     0.1149529     
3.4800000     0.5454882     -0.0091449    0.3526527     0.1142997     
3.4900000     0.5453977     -0.0090415    0.3506562     0.1136502     
3.5000000     0.5453083     -0.0089393    0.3486712     0.1130045     
3.5100000     0.5452199     -0.0088382    0.3466974     0.1123625     
3.5200000     0.5451325     -0.0087383    0.3447348     0.1117242     
3.5300000     0.5450461     -0.0086395    0.3427835     0.1110896     
3.5400000     0.5449606     -0.0085418    0.3408433     0.1104586     
3.5500000     0.5448762     -0.0084452    0.3389141     0.1098312     
3.5600000     0.5447926     -0.0083498    0.3369959     0.1092075     
3.5700000     0.5447101     -0.0082554    0.3350886     0.1085873     
3.5800000     0.5446284     -0.0081620    0.3331921     0.1079706     
3.5900000     0.5445477     -0.0080698    0.3313065     0.1073575     
3.6000000     0.5444679     -0.0079786    0.3294316     0.1067480     
3.6100000     0.5443890     -0.0078884    0.3275674     0.1061419     
3.6200000     0.5443110     -0.0077993    0.3257138     0.1055393     
3.6300000     0.5442339     -0.0077111    0.3238707     0.1049401     
3.6400000     0.5441576     -0.0076240    0.3220381     0.1043444     
3.6500000     0.5440822     -0.0075378    0.3202160     0.1037521     
3.6600000     0.5440077     -0.0074526    0.3184042     0.1031632     
3.6700000     0.5439340     -0.0073684    0.3166027     0.1025776     
3.6800000     0.5438612     -0.0072852    0.3148114     0.1019955     
3.6900000     0.5437891     -0.0072029    0.3130304     0.1014166     
3.7000000     0.5437179     -0.0071215    0.3112594     0.1008411     
3.7100000     0.5436475     -0.0070410    0.3094986     0.1002689     
3.7200000     0.5435779     -0.0069615    0.3077477     0.0996999     
3.7300000     0.5435091     -0.0068829    0.3060068     0.0991342     
3.7400000     0.5434410     -0.0068051    0.3042758     0.0985718     
3.7500000     0.5433738     -0.0067282    0.3025547     0.0980125     
3.7600000     0.5433072     -0.0066522    0.3008433     0.0974565     
3.7700000     0.5432415     -0.0065771    0.2991416     0.0969036     
3.7800000     0.5431765     -0.0065028    0.2974496     0.0963539     
3.7900000     0.5431122     -0.0064294    0.2957673     0.0958074     
3.8000000     0.5430486     -0.0063568    0.2940944     0.0952640     
3.8100000     0.5429858     -0.0062850    0.2924311     0.0947237     
3.8200000     0.5429237     -0.0062140    0.2907773     0.0941864     
3.8300000     0.5428622     -0.0061438    0.2891328     0.0936523     
3.8400000     0.5428015     -0.0060744    0.2874976     0.0931212     
3.8500000     0.5427415     -0.0060059    0.2858718     0.0925931     
3.8600000     0.5426821     -0.0059380    0.2842552     0.0920681     
3.8700000     0.5426234     -0.0058710    0.2826477     0.0915460     
3.8800000     0.5425654     -0.0058047    0.2810494     0.0910270     
3.8900000     0.5425080     -0.0057392    0.2794602     0.0905109     
3.9000000     0.5424513     -0.0056744    0.2778800     0.0899977     
3.9100000     0.5423952     -0.0056103    0.2763087     0.0894875     
3.9200000     0.5423398     -0.0055470    0.2747464     0.0889802     
3.9300000     0.5422850     -0.0054844    0.2731930     0.0884758     
3.9400000     0.5422308     -0.0054224    0.2716483     0.0879743     
3.9500000     0.5421772     -0.0053612    0.2701124     0.0874756     
3.9600000     0.5421242     -0.0053007    0.2685853     0.0869798     
3.9700000     0.5420718     -0.0052409    0.2670668     0.0864869     
3.9800000     0.5420200     -0.0051817    0.2655569     0.0859967     
3.9900000     0.5419688     -0.0051232    0.2640556     0.0855093     
4.0000000     0.5419182     -0.0050654    0.2625628     0.0850247     
4.0100000     0.5418681     -0.0050082    0.2610784     0.0845429     
4.0200000     0.5418187     -0.0049517    0.2596025     0.0840639     
4.0300000     0.5417697     -0.0048958    0.2581350     0.0835875     
4.0400000     0.5417214     -0.0048406    0.2566758     0.0831139     
4.0500000     0.5416735     -0.0047860    0.2552248     0.0826430     
4.0600000     0.5416263     -0.0047320    0.2537821     0.0821747     
4.0700000     0.5415795     -0.0046786    0.2523476     0.0817092     
4.0800000     0.5415333     -0.0046258    0.2509212     0.0812463     
4.0900000     0.5414876     -0.0045736    0.2495029     0.0807860     
4.1000000     0.5414424     -0.0045220    0.2480926     0.0803284     
4.1100000     0.5413977     -0.0044709    0.2466903     0.0798733     
4.1200000     0.5413536     -0.0044205    0.2452960     0.0794209     
4.1300000     0.5413099     -0.0043706    0.2439096     0.0789710     
4.1400000     0.5412667     -0.0043213    0.2425310     0.0785237     
4.1500000     0.5412240     -0.0042726    0.2411603     0.0780790     
4.1600000     0.5411818     -0.0042244    0.2397973     0.0776367     
4.1700000     0.5411401     -0.0041767    0.2384420     0.0771970     
4.1800000     0.5410989     -0.0041296    0.2370945     0.0767599     
4.1900000     0.5410581     -0.0040830    0.2357545     0.0763252     
4.2000000     0.5410177     -0.0040369    0.2344222     0.0758929     
4.2100000     0.5409779     -0.0039914    0.2330974     0.0754632     
4.2200000     0.5409385     -0.0039464    0.2317801     0.0750359     
4.2300000     0.5408995     -0.0039018    0.2304703     0.0746110     
4.2400000     0.5408609     -0.0038578    0.2291679     0.0741885     
4.2500000     0.5408228     -0.0038143    0.2278728     0.0737684     
4.2600000     0.5407852     -0.0037713    0.2265851     0.0733508     
4.2700000     0.5407479     -0.0037288    0.2253047     0.0729355     
4.2800000     0.5407111     -0.0036867    0.2240316     0.0725226     
4.2900000     0.5406747     -0.0036451    0.2227657     0.0721120     
4.3000000     0.5406387     -0.0036040    0.2215069     0.0717038     
4.3100000     0.5406031     -0.0035634    0.2202553     0.0712978     
4.3200000     0.5405679     -0.0035232    0.2190107     0.0708942     
4.3300000     0.5405332     -0.0034834    0.2177732     0.0704929     
4.3400000     0.5404988     -0.0034442    0.2165427     0.0700939     
4.3500000     0.5404648     -0.0034053    0.2153192     0.0696971     
4.3600000     0.5404311     -0.0033669    0.2141026     0.0693026     
4.3700000     0.5403979     -0.0033289    0.2128929     0.0689104     
4.3800000     0.5403650     -0.0032914    0.2116901     0.0685204     
4.3900000     0.5403325     -0.0032543    0.2104940     0.0681326     
4.4000000     0.5403004     -0.0032176    0.2093048     0.0677470     
4.4100000     0.5402687     -0.0031813    0.2081222     0.0673636     
4.4200000     0.5402373     -0.0031454    0.2069464     0.0669823     
4.4300000     0.5402062     -0.0031100    0.2057772     0.0666033     
4.4400000     0.5401755     -0.0030749    0.2046146     0.0662264     
4.4500000     0.5401452     -0.0030402    0.2034586     0.0658516     
4.4600000     0.5401151     -0.0030060    0.2023092     0.0654790     
4.4700000     0.5400855     -0.0029721    0.2011662     0.0651085     
4.4800000     0.5400561     -0.0029386    0.2000298     0.0647400     
4.4900000     0.5400271     -0.0029054    0.1988997     0.0643737     
4.5000000     0.5399985     -0.0028727    0.1977761     0.0640095     
4.5100000     0.5399701     -0.0028403    0.1966588     0.0636473     
4.5200000     0.5399421     -0.0028083    0.1955478     0.0632872     
4.5300000     0.5399144     -0.0027766    0.1944432     0.0629292     
4.5400000     0.5398870     -0.0027453    0.1933447     0.0625731     
4.5500000     0.5398599     -0.0027144    0.1922525     0.0622191     
4.5600000     0.5398331     -0.0026838    0.1911665     0.0618672     
4.5700000     0.5398066     -0.0026535    0.1900866     0.0615172     
4.5800000     0.5397804     -0.0026236    0.1890129     0.0611692     
4.5900000     0.5397545     -0.0025940    0.1879452     0.0608231     
4.6000000     0.5397290     -0.0025648    0.1868835     0.0604791     
4.6100000     0.5397036     -0.0025359    0.1858279     0.0601370     
4.6200000     0.5396786     -0.0025073    0.1847782     0.0597968     
4.6300000     0.5396539     -0.0024790    0.1837344     0.0594586     
4.6400000     0.5396294     -0.0024511    0.1826966     0.0591222     
4.6500000     0.5396053     -0.0024234    0.1816646     0.0587878     
4.6600000     0.5395814     -0.0023961    0.1806385     0.0584553     
4.6700000     0.5395577     -0.0023691    0.1796182     0.0581247     
4.6800000     0.5395343     -0.0023424    0.1786037     0.0577960     
4.6900000     0.5395112     -0.0023160    0.1775948     0.0574691     
4.7000000     0.5394884     -0.0022899    0.1765917     0.0571441     
4.7100000     0.5394658     -0.0022641    0.1755943     0.0568209     
4.7200000     0.5394435     -0.0022386    0.1746025     0.0564996     
4.7300000     0.5394214     -0.0022134    0.1736163     0.0561801     
4.7400000     0.5393996     -0.0021884    0.1726357     0.0558624     
4.7500000     0.5393780     -0.0021637    0.1716607     0.0555465     
4.7600000     0.5393567     -0.0021394    0.1706911     0.0552323     
4.7700000     0.5393356     -0.0021152    0.1697271     0.0549200     
4.7800000     0.5393147     -0.0020914    0.1687685     0.0546095     
4.7900000     0.5392941     -0.0020678    0.1678153     0.0543007     
4.8000000     0.5392737     -0.0020445    0.1668675     0.0539936     
4.8100000     0.5392535     -0.0020215    0.1659251     0.0536883     
4.8200000     0.5392336     -0.0019987    0.1649880     0.0533848     
4.8300000     0.5392139     -0.0019762    0.1640562     0.0530829     
4.8400000     0.5391944     -0.0019539    0.1631296     0.0527828     
4.8500000     0.5391751     -0.0019319    0.1622083     0.0524844     
4.8600000     0.5391561     -0.0019101    0.1612922     0.0521876     
4.8700000     0.5391373     -0.0018886    0.1603813     0.0518926     
4.8800000     0.5391186     -0.0018673    0.1594756     0.0515992     
4.8900000     0.5391002     -0.0018463    0.1585749     0.0513075     
4.9000000     0.5390820     -0.0018255    0.1576794     0.0510174     
4.9100000     0.5390640     -0.0018049    0.1567889     0.0507290     
4.9200000     0.5390462     -0.0017846    0.1559034     0.0504422     
4.9300000     0.5390287     -0.0017645    0.1550230     0.0501570     
4.9400000     0.5390113     -0.0017446    0.1541475     0.0498735     
4.9500000     0.5389941     -0.0017249    0.1532770     0.0495916     
4.9600000     0.5389771     -0.0017055    0.1524114     0.0493112     
4.9700000     0.5389603     -0.0016863    0.1515507     0.0490325     
4.9800000     0.5389436     -0.0016673    0.1506949     0.0487553     
4.9900000     0.5389272     -0.0016485    0.1498439     0.0484797     
5.0000000     0.5389110     -0.0016299    0.1489977     0.0482057     
5.0100000     0.5388949     -0.0016115    0.1481563     0.0479332     
5.0200000     0.5388790     -0.0015934    0.1473196     0.0476623     
5.0300000     0.5388633     -0.0015754    0.1464877     0.0473929     
5.0400000     0.5388478     -0.0015577    0.1456605     0.0471250     
5.0500000     0.5388325     -0.0015401    0.1448379     0.0468586     
5.0600000     0.5388173     -0.0015228    0.1440200     0.0465938     
5.0700000     0.5388023     -0.0015056    0.1432068     0.0463304     
5.0800000     0.5387875     -0.0014887    0.1423981     0.0460686     
5.0900000     0.5387728     -0.0014719    0.1415940     0.0458082     
5.1000000     0.5387583     -0.0014553    0.1407944     0.0455493     
5.1100000     0.5387440     -0.0014389    0.1399994     0.0452919     
5.1200000     0.5387298     -0.0014227    0.1392088     0.0450359     
5.1300000     0.5387158     -0.0014067    0.1384227     0.0447814     
5.1400000     0.5387019     -0.0013908    0.1376411     0.0445283     
5.1500000     0.5386882     -0.0013752    0.1368639     0.0442767     
5.1600000     0.5386747     -0.0013597    0.1360911     0.0440265     
5.1700000     0.5386613     -0.0013444    0.1353226     0.0437777     
5.1800000     0.5386480     -0.0013292    0.1345585     0.0435303     
5.1900000     0.5386350     -0.0013142    0.1337987     0.0432843     
5.2000000     0.5386220     -0.0012994    0.1330432     0.0430397     
5.2100000     0.5386092     -0.0012848    0.1322919     0.0427965     
5.2200000     0.5385966     -0.0012703    0.1315449     0.0425546     
5.2300000     0.5385841     -0.0012560    0.1308022     0.0423142     
5.2400000     0.5385717     -0.0012419    0.1300636     0.0420751     
5.2500000     0.5385595     -0.0012279    0.1293292     0.0418373     
5.2600000     0.5385474     -0.0012140    0.1285989     0.0416009     
5.2700000     0.5385354     -0.0012004    0.1278728     0.0413658     
5.2800000     0.5385236     -0.0011868    0.1271508     0.0411321     
5.2900000     0.5385119     -0.0011735    0.1264328     0.0408997     
5.3000000     0.5385004     -0.0011603    0.1257190     0.0406686     
5.3100000     0.5384890     -0.0011472    0.1250091     0.0404388     
5.3200000     0.5384777     -0.0011343    0.1243033     0.0402103     
5.3300000     0.5384665     -0.0011215    0.1236014     0.0399831     
5.3400000     0.5384555     -0.0011089    0.1229035     0.0397572     
5.3500000     0.5384446     -0.0010964    0.1222096     0.0395326     
5.3600000     0.5384338     -0.0010840    0.1215195     0.0393092     
5.3700000     0.5384231     -0.0010718    0.1208334     0.0390871     
5.3800000     0.5384126     -0.0010597    0.1201512     0.0388663     
5.3900000     0.5384021     -0.0010478    0.1194728     0.0386467     
5.4000000     0.5383918     -0.0010360    0.1187982     0.0384284     
5.4100000     0.5383816     -0.0010243    0.1181275     0.0382113     
5.4200000     0.5383716     -0.0010128    0.1174605     0.0379954     
5.4300000     0.5383616     -0.0010014    0.1167973     0.0377807     
5.4400000     0.5383517     -0.0009901    0.1161378     0.0375673     
5.4500000     0.5383420     -0.0009789    0.1154821     0.0373551     
5.4600000     0.5383324     -0.0009679    0.1148301     0.0371440     
5.4700000     0.5383229     -0.0009570    0.1141818     0.0369342     
5.4800000     0.5383134     -0.0009462    0.1135371     0.0367256     
5.4900000     0.5383041     -0.0009356    0.1128961     0.0365181     
5.5000000     0.5382949     -0.0009250    0.1122586     0.0363118     
5.5100000     0.5382858     -0.0009146    0.1116248     0.0361067     
5.5200000     0.5382768     -0.0009043    0.1109946     0.0359027     
5.5300000     0.5382679     -0.0008941    0.1103679     0.0356999     
5.5400000     0.5382592     -0.0008841    0.1097448     0.0354982     
5.5500000     0.5382505     -0.0008741    0.1091252     0.0352977     
5.5600000     0.5382419     -0.0008643    0.1085091     0.0350983     
5.5700000     0.5382334     -0.0008545    0.1078965     0.0349000     
5.5800000     0.5382250     -0.0008449    0.1072873     0.0347029     
5.5900000     0.5382167     -0.0008354    0.1066816     0.0345069     
5.6000000     0.5382085     -0.0008260    0.1060793     0.0343120     
5.6100000     0.5382003     -0.0008167    0.1054804     0.0341181     
5.6200000     0.5381923     -0.0008075    0.1048848     0.0339254     
5.6300000     0.5381844     -0.0007984    0.1042927     0.0337338     
5.6400000     0.5381765     -0.0007894    0.1037039     0.0335433     
5.6500000     0.5381688     -0.0007805    0.1031184     0.0333538     
5.6600000     0.5381611     -0.0007717    0.1025362     0.0331654     
5.6700000     0.5381535     -0.0007630    0.1019573     0.0329781     
5.6800000     0.5381460     -0.0007544    0.1013817     0.0327918     
5.6900000     0.5381386     -0.0007459    0.1008093     0.0326066     
5.7000000     0.5381313     -0.0007375    0.1002402     0.0324224     
5.7100000     0.5381240     -0.0007292    0.0996742     0.0322393     
5.7200000     0.5381169     -0.0007210    0.0991115     0.0320572     
5.7300000     0.5381098     -0.0007129    0.0985520     0.0318761     
5.7400000     0.5381028     -0.0007049    0.0979956     0.0316961     
5.7500000     0.5380959     -0.0006969    0.0974423     0.0315171     
5.7600000     0.5380890     -0.0006891    0.0968922     0.0313391     
5.7700000     0.5380822     -0.0006813    0.0963452     0.0311621     
5.7800000     0.5380755     -0.0006737    0.0958013     0.0309861     
5.7900000     0.5380689     -0.0006661    0.0952604     0.0308111     
5.8000000     0.5380624     -0.0006586    0.0947226     0.0306371     
5.8100000     0.5380559     -0.0006512    0.0941879     0.0304640     
5.8200000     0.5380495     -0.0006438    0.0936561     0.0302920     
5.8300000     0.5380432     -0.0006366    0.0931274     0.0301209     
5.8400000     0.5380370     -0.0006294    0.0926016     0.0299508     
5.8500000     0.5380308     -0.0006223    0.0920788     0.0297817     
5.8600000     0.5380247     -0.0006153    0.0915590     0.0296135     
5.8700000     0.5380186     -0.0006084    0.0910421     0.0294462     
5.8800000     0.5380127     -0.0006015    0.0905281     0.0292799     
5.8900000     0.5380068     -0.0005948    0.0900171     0.0291146     
5.9000000     0.5380009     -0.0005881    0.0895089     0.0289502     
5.9100000     0.5379951     -0.0005814    0.0890036     0.0287867     
5.9200000     0.5379894     -0.0005749    0.0885011     0.0286241     
5.9300000     0.5379838     -0.0005684    0.0880015     0.0284624     
5.9400000     0.5379782     -0.0005620    0.0875047     0.0283017     
5.9500000     0.5379727     -0.0005557    0.0870107     0.0281419     
5.9600000     0.5379673     -0.0005494    0.0865195     0.0279830     
5.9700000     0.5379619     -0.0005432    0.0860310     0.0278249     
5.9800000     0.5379565     -0.0005371    0.0855453     0.0276678     
5.9900000     0.5379513     -0.0005311    0.0850624     0.0275116     
6.0000000     0.5379461     -0.0005251    0.0845822     0.0273562     
6.0100000     0.5379409     -0.0005192    0.0841047     0.0272017     
6.0200000     0.5379358     -0.0005133    0.0836299     0.0270481     
6.0300000     0.5379308     -0.0005076    0.0831578     0.0268954     
6.0400000     0.5379258     -0.0005018    0.0826883     0.0267435     
6.0500000     0.5379209     -0.0004962    0.0822215     0.0265925     
6.0600000     0.5379160     -0.0004906    0.0817574     0.0264423     
6.0700000     0.5379112     -0.0004851    0.0812958     0.0262930     
6.0800000     0.5379064     -0.0004796    0.0808369     0.0261445     
6.0900000     0.5379017     -0.0004742    0.0803805     0.0259969     
6.1000000     0.5378971     -0.0004689    0.0799268     0.0258501     
6.1100000     0.5378925     -0.0004636    0.0794756     0.0257042     
6.1200000     0.5378880     -0.0004584    0.0790269     0.0255590     
6.1300000     0.5378835     -0.0004532    0.0785808     0.0254147     
6.1400000     0.5378790     -0.0004481    0.0781372     0.0252712     
6.1500000     0.5378746     -0.0004431    0.0776961     0.0251285     
6.1600000     0.5378703     -0.0004381    0.0772575     0.0249866     
6.1700000     0.5378660     -0.0004331    0.0768213     0.0248455     
6.1800000     0.5378618     -0.0004283    0.0763877     0.0247052     
6.1900000     0.5378576     -0.0004234    0.0759564     0.0245657     
6.2000000     0.5378534     -0.0004187    0.0755276     0.0244270     
6.2100000     0.5378493     -0.0004140    0.0751013     0.0242891     
6.2200000     0.5378453     -0.0004093    0.0746773     0.0241519     
6.2300000     0.5378412     -0.0004047    0.0742557     0.0240156     
6.2400000     0.5378373     -0.0004001    0.0738366     0.0238800     
6.2500000     0.5378334     -0.0003956    0.0734197     0.0237451     
6.2600000     0.5378295     -0.0003912    0.0730053     0.0236111     
6.2700000     0.5378257     -0.0003868    0.0725932     0.0234778     
6.2800000     0.5378219     -0.0003824    0.0721834     0.0233452     
6.2900000     0.5378181     -0.0003781    0.0717759     0.0232134     
6.3000000     0.5378144     -0.0003739    0.0713707     0.0230823     
6.3100000     0.5378108     -0.0003696    0.0709678     0.0229520     
6.3200000     0.5378071     -0.0003655    0.0705672     0.0228224     
6.3300000     0.5378036     -0.0003614    0.0701688     0.0226935     
6.3400000     0.5378000     -0.0003573    0.0697727     0.0225654     
6.3500000     0.5377965     -0.0003533    0.0693788     0.0224380     
6.3600000     0.5377931     -0.0003493    0.0689872     0.0223113     
6.3700000     0.5377897     -0.0003454    0.0685978     0.0221854     
6.3800000     0.5377863     -0.0003415    0.0682105     0.0220601     
6.3900000     0.5377829     -0.0003376    0.0678255     0.0219355     
6.4000000     0.5377796     -0.0003338    0.0674426     0.0218117     
6.4100000     0.5377764     -0.0003301    0.0670619     0.0216886     
6.4200000     0.5377731     -0.0003264    0.0666833     0.0215661     
6.4300000     0.5377699     -0.0003227    0.0663069     0.0214443     
6.4400000     0.5377668     -0.0003190    0.0659326     0.0213233     
6.4500000     0.5377637     -0.0003155    0.0655604     0.0212029     
6.4600000     0.5377606     -0.0003119    0.0651903     0.0210832     
6.4700000     0.5377575     -0.0003084    0.0648223     0.0209641     
6.4800000     0.5377545     -0.0003049    0.0644564     0.0208458     
6.4900000     0.5377515     -0.0003015    0.0640925     0.0207281     
6.5000000     0.5377486     -0.0002981    0.0637307     0.0206111     
6.5100000     0.5377457     -0.0002947    0.0633710     0.0204947     
6.5200000     0.5377428     -0.0002914    0.0630132     0.0203790     
6.5300000     0.5377399     -0.0002881    0.0626575     0.0202639     
6.5400000     0.5377371     -0.0002849    0.0623038     0.0201495     
6.5500000     0.5377343     -0.0002817    0.0619521     0.0200358     
6.5600000     0.5377316     -0.0002785    0.0616024     0.0199227     
6.5700000     0.5377289     -0.0002754    0.0612547     0.0198102     
6.5800000     0.5377262     -0.0002723    0.0609089     0.0196984     
6.5900000     0.5377235     -0.0002692    0.0605651     0.0195871     
6.6000000     0.5377209     -0.0002662    0.0602232     0.0194766     
6.6100000     0.5377183     -0.0002632    0.0598832     0.0193666     
6.6200000     0.5377157     -0.0002602    0.0595452     0.0192573     
6.6300000     0.5377132     -0.0002573    0.0592090     0.0191486     
6.6400000     0.5377107     -0.0002544    0.0588748     0.0190405     
6.6500000     0.5377082     -0.0002515    0.0585425     0.0189330     
6.6600000     0.5377057     -0.0002487    0.0582120     0.0188261     
6.6700000     0.5377033     -0.0002459    0.0578834     0.0187198     
6.6800000     0.5377009     -0.0002431    0.0575567     0.0186141     
6.6900000     0.5376985     -0.0002404    0.0572318     0.0185090     
6.7000000     0.5376962     -0.0002377    0.0569087     0.0184045     
6.7100000     0.5376939     -0.0002350    0.0565875     0.0183006     
6.7200000     0.5376916     -0.0002324    0.0562680     0.0181973     
6.7300000     0.5376893     -0.0002297    0.0559504     0.0180946     
6.7400000     0.5376871     -0.0002272    0.0556346     0.0179925     
6.7500000     0.5376848     -0.0002246    0.0553205     0.0178909     
6.7600000     0.5376827     -0.0002221    0.0550082     0.0177899     
6.7700000     0.5376805     -0.0002196    0.0546977     0.0176895     
6.7800000     0.5376783     -0.0002171    0.0543890     0.0175896     
6.7900000     0.5376762     -0.0002147    0.0540820     0.0174903     
6.8000000     0.5376741     -0.0002122    0.0537767     0.0173916     
6.8100000     0.5376721     -0.0002099    0.0534731     0.0172934     
6.8200000     0.5376700     -0.0002075    0.0531713     0.0171958     
6.8300000     0.5376680     -0.0002052    0.0528711     0.0170987     
6.8400000     0.5376660     -0.0002028    0.0525727     0.0170022     
6.8500000     0.5376640     -0.0002006    0.0522759     0.0169062     
6.8600000     0.5376621     -0.0001983    0.0519808     0.0168107     
6.8700000     0.5376601     -0.0001961    0.0516874     0.0167158     
6.8800000     0.5376582     -0.0001939    0.0513956     0.0166215     
6.8900000     0.5376563     -0.0001917    0.0511055     0.0165276     
6.9000000     0.5376545     -0.0001895    0.0508170     0.0164343     
6.9100000     0.5376526     -0.0001874    0.0505302     0.0163416     
6.9200000     0.5376508     -0.0001853    0.0502450     0.0162493     
6.9300000     0.5376490     -0.0001832    0.0499613     0.0161576     
6.9400000     0.5376472     -0.0001811    0.0496793     0.0160664     
6.9500000     0.5376454     -0.0001791    0.0493989     0.0159757     
6.9600000     0.5376437     -0.0001771    0.0491200     0.0158855     
6.9700000     0.5376420     -0.0001751    0.0488428     0.0157958     
6.9800000     0.5376403     -0.0001731    0.0485671     0.0157067     
6.9900000     0.5376386     -0.0001712    0.0482929     0.0156180     
7.0000000     0.5376369     -0.0001692    0.0480203     0.0155298     
7.0100000     0.5376353     -0.0001673    0.0477492     0.0154422     
7.0200000     0.5376336     -0.0001654    0.0474797     0.0153550     
7.0300000     0.5376320     -0.0001636    0.0472117     0.0152683     
7.0400000     0.5376304     -0.0001617    0.0469452     0.0151821     
7.0500000     0.5376289     -0.0001599    0.0466802     0.0150964     
7.0600000     0.5376273     -0.0001581    0.0464167     0.0150112     
7.0700000     0.5376258     -0.0001563    0.0461547     0.0149265     
7.0800000     0.5376243     -0.0001546    0.0458942     0.0148422     
7.0900000     0.5376228     -0.0001528    0.0456351     0.0147584     
7.1000000     0.5376213     -0.0001511    0.0453775     0.0146751     
7.1100000     0.5376198     -0.0001494    0.0451214     0.0145923     
7.1200000     0.5376183     -0.0001477    0.0448667     0.0145099     
7.1300000     0.5376169     -0.0001461    0.0446134     0.0144280     
7.1400000     0.5376155     -0.0001444    0.0443616     0.0143466     
7.1500000     0.5376141     -0.0001428    0.0441112     0.0142656     
7.1600000     0.5376127     -0.0001412    0.0438622     0.0141851     
7.1700000     0.5376113     -0.0001396    0.0436146     0.0141050     
7.1800000     0.5376100     -0.0001380    0.0433684     0.0140254     
7.1900000     0.5376086     -0.0001365    0.0431236     0.0139462     
7.2000000     0.5376073     -0.0001349    0.0428802     0.0138675     
7.2100000     0.5376060     -0.0001334    0.0426381     0.0137892     
7.2200000     0.5376047     -0.0001319    0.0423975     0.0137114     
7.2300000     0.5376034     -0.0001304    0.0421581     0.0136340     
7.2400000     0.5376022     -0.0001290    0.0419202     0.0135570     
7.2500000     0.5376009     -0.0001275    0.0416836     0.0134805     
7.2600000     0.5375997     -0.0001261    0.0414483     0.0134044     
7.2700000     0.5375984     -0.0001247    0.0412143     0.0133287     
7.2800000     0.5375972     -0.0001233    0.0409817     0.0132535     
7.2900000     0.5375960     -0.0001219    0.0407503     0.0131787     
7.3000000     0.5375949     -0.0001205    0.0405203     0.0131043     
7.3100000     0.5375937     -0.0001191    0.0402916     0.0130303     
7.3200000     0.5375925     -0.0001178    0.0400642     0.0129568     
7.3300000     0.5375914     -0.0001165    0.0398380     0.0128836     
7.3400000     0.5375903     -0.0001152    0.0396131     0.0128109     
7.3500000     0.5375891     -0.0001139    0.0393895     0.0127386     
7.3600000     0.5375880     -0.0001126    0.0391672     0.0126667     
7.3700000     0.5375869     -0.0001113    0.0389461     0.0125952     
7.3800000     0.5375859     -0.0001101    0.0387263     0.0125241     
7.3900000     0.5375848     -0.0001088    0.0385077     0.0124534     
7.4000000     0.5375837     -0.0001076    0.0382903     0.0123831     
7.4100000     0.5375827     -0.0001064    0.0380742     0.0123132     
7.4200000     0.5375817     -0.0001052    0.0378593     0.0122437     
7.4300000     0.5375807     -0.0001040    0.0376456     0.0121746     
7.4400000     0.5375796     -0.0001028    0.0374331     0.0121059     
7.4500000     0.5375787     -0.0001017    0.0372218     0.0120376     
7.4600000     0.5375777     -0.0001005    0.0370117     0.0119696     
7.4700000     0.5375767     -0.0000994    0.0368028     0.0119021     
7.4800000     0.5375757     -0.0000983    0.0365950     0.0118349     
7.4900000     0.5375748     -0.0000972    0.0363885     0.0117681     
7.5000000     0.5375738     -0.0000961    0.0361831     0.0117016     
7.5100000     0.5375729     -0.0000950    0.0359788     0.0116356     
7.5200000     0.5375720     -0.0000939    0.0357757     0.0115699     
7.5300000     0.5375711     -0.0000929    0.0355738     0.0115046     
7.5400000     0.5375702     -0.0000918    0.0353730     0.0114397     
7.5500000     0.5375693     -0.0000908    0.0351733     0.0113751     
7.5600000     0.5375684     -0.0000898    0.0349748     0.0113109     
7.5700000     0.5375676     -0.0000888    0.0347774     0.0112471     
7.5800000     0.5375667     -0.0000878    0.0345811     0.0111836     
7.5900000     0.5375658     -0.0000868    0.0343859     0.0111204     
7.6000000     0.5375650     -0.0000858    0.0341918     0.0110577     
7.6100000     0.5375642     -0.0000848    0.0339988     0.0109953     
7.6200000     0.5375634     -0.0000839    0.0338069     0.0109332     
7.6300000     0.5375626     -0.0000829    0.0336161     0.0108715     
7.6400000     0.5375617     -0.0000820    0.0334263     0.0108101     
7.6500000     0.5375610     -0.0000811    0.0332376     0.0107491     
7.6600000     0.5375602     -0.0000802    0.0330500     0.0106884     
7.6700000     0.5375594     -0.0000793    0.0328635     0.0106281     
7.6800000     0.5375586     -0.0000784    0.0326780     0.0105681     
7.6900000     0.5375579     -0.0000775    0.0324935     0.0105085     
7.7000000     0.5375571     -0.0000766    0.0323101     0.0104492     
7.7100000     0.5375564     -0.0000758    0.0321277     0.0103902     
7.7200000     0.5375557     -0.0000749    0.0319464     0.0103315     
7.7300000     0.5375549     -0.0000741    0.0317661     0.0102732     
7.7400000     0.5375542     -0.0000732    0.0315868     0.0102152     
7.7500000     0.5375535     -0.0000724    0.0314085     0.0101576     
7.7600000     0.5375528     -0.0000716    0.0312312     0.0101002     
7.7700000     0.5375521     -0.0000708    0.0310549     0.0100432     
7.7800000     0.5375515     -0.0000700    0.0308796     0.0099865     
7.7900000     0.5375508     -0.0000692    0.0307053     0.0099302     
7.8000000     0.5375501     -0.0000684    0.0305320     0.0098741     
7.8100000     0.5375495     -0.0000676    0.0303596     0.0098184     
7.8200000     0.5375488     -0.0000669    0.0301883     0.0097630     
7.8300000     0.5375482     -0.0000661    0.0300179     0.0097079     
7.8400000     0.5375475     -0.0000654    0.0298484     0.0096531     
7.8500000     0.5375469     -0.0000647    0.0296800     0.0095986     
7.8600000     0.5375463     -0.0000639    0.0295124     0.0095444     
7.8700000     0.5375457     -0.0000632    0.0293458     0.0094906     
7.8800000     0.5375450     -0.0000625    0.0291802     0.0094370     
7.8900000     0.5375444     -0.0000618    0.0290155     0.0093837     
7.9000000     0.5375439     -0.0000611    0.0288517     0.0093308     
7.9100000     0.5375433     -0.0000604    0.0286889     0.0092781     
7.9200000     0.5375427     -0.0000597    0.0285269     0.0092257     
7.9300000     0.5375421     -0.0000591    0.0283659     0.0091737     
7.9400000     0.5375415     -0.0000584    0.0282058     0.0091219     
7.9500000     0.5375410     -0.0000577    0.0280466     0.0090704     
7.9600000     0.5375404     -0.0000571    0.0278883     0.0090192     
7.9700000     0.5375399     -0.0000564    0.0277309     0.0089683     
7.9800000     0.5375393     -0.0000558    0.0275743     0.0089177     
7.9900000     0.5375388     -0.0000552    0.0274187     0.0088673     
8.0000000     0.5375383     -0.0000546    0.0272639     0.0088173     
8.0100000     0.5375377     -0.0000539    0.0271100     0.0087675     
8.0200000     0.5375372     -0.0000533    0.0269570     0.0087180     
8.0300000     0.5375367     -0.0000527    0.0268049     0.0086688     
8.0400000     0.5375362     -0.0000521    0.0266536     0.0086199     
8.0500000     0.5375357     -0.0000516    0.0265031     0.0085712     
8.0600000     0.5375352     -0.0000510    0.0263535     0.0085229     
8.0700000     0.5375347     -0.0000504    0.0262048     0.0084748     
8.0800000     0.5375342     -0.0000498    0.0260569     0.0084269     
8.0900000     0.5375338     -0.0000493    0.0259098     0.0083794     
8.1000000     0.5375333     -0.0000487    0.0257635     0.0083321     
8.1100000     0.5375328     -0.0000482    0.0256181     0.0082850     
8.1200000     0.5375324     -0.0000476    0.0254735     0.0082383     
8.1300000     0.5375319     -0.0000471    0.0253297     0.0081918     
8.1400000     0.5375315     -0.0000466    0.0251868     0.0081456     
8.1500000     0.5375310     -0.0000460    0.0250446     0.0080996     
8.1600000     0.5375306     -0.0000455    0.0249032     0.0080539     
8.1700000     0.5375301     -0.0000450    0.0247627     0.0080084     
8.1800000     0.5375297     -0.0000445    0.0246229     0.0079632     
8.1900000     0.5375293     -0.0000440    0.0244839     0.0079183     
8.2000000     0.5375289     -0.0000435    0.0243457     0.0078736     
8.2100000     0.5375284     -0.0000430    0.0242083     0.0078291     
8.2200000     0.5375280     -0.0000425    0.0240717     0.0077849     
8.2300000     0.5375276     -0.0000420    0.0239358     0.0077410     
8.2400000     0.5375272     -0.0000416    0.0238007     0.0076973     
8.2500000     0.5375268     -0.0000411    0.0236663     0.0076539     
8.2600000     0.5375264     -0.0000406    0.0235328     0.0076107     
8.2700000     0.5375260     -0.0000402    0.0233999     0.0075677     
8.2800000     0.5375257     -0.0000397    0.0232678     0.0075250     
8.2900000     0.5375253     -0.0000393    0.0231365     0.0074825     
8.3000000     0.5375249     -0.0000388    0.0230059     0.0074403     
8.3100000     0.5375245     -0.0000384    0.0228761     0.0073983     
8.3200000     0.5375242     -0.0000380    0.0227469     0.0073565     
8.3300000     0.5375238     -0.0000375    0.0226185     0.0073150     
8.3400000     0.5375235     -0.0000371    0.0224909     0.0072737     
8.3500000     0.5375231     -0.0000367    0.0223639     0.0072327     
8.3600000     0.5375228     -0.0000363    0.0222377     0.0071919     
8.3700000     0.5375224     -0.0000359    0.0221122     0.0071513     
8.3800000     0.5375221     -0.0000355    0.0219874     0.0071109     
8.3900000     0.5375217     -0.0000351    0.0218633     0.0070708     
8.4000000     0.5375214     -0.0000347    0.0217399     0.0070309     
8.4100000     0.5375211     -0.0000343    0.0216172     0.0069912     
8.4200000     0.5375207     -0.0000339    0.0214951     0.0069517     
8.4300000     0.5375204     -0.0000335    0.0213738     0.0069125     
8.4400000     0.5375201     -0.0000332    0.0212532     0.0068735     
8.4500000     0.5375198     -0.0000328    0.0211332     0.0068347     
8.4600000     0.5375195     -0.0000324    0.0210139     0.0067961     
8.4700000     0.5375192     -0.0000320    0.0208953     0.0067577     
8.4800000     0.5375189     -0.0000317    0.0207774     0.0067196     
8.4900000     0.5375186     -0.0000313    0.0206601     0.0066817     
8.5000000     0.5375183     -0.0000310    0.0205435     0.0066440     
8.5100000     0.5375180     -0.0000306    0.0204275     0.0066065     
8.5200000     0.5375177     -0.0000303    0.0203122     0.0065692     
8.5300000     0.5375174     -0.0000299    0.0201976     0.0065321     
8.5400000     0.5375171     -0.0000296    0.0200836     0.0064952     
8.5500000     0.5375168     -0.0000293    0.0199702     0.0064586     
8.5600000     0.5375165     -0.0000289    0.0198575     0.0064221     
8.5700000     0.5375163     -0.0000286    0.0197454     0.0063859     
8.5800000     0.5375160     -0.0000283    0.0196340     0.0063498     
8.5900000     0.5375157     -0.0000280    0.0195231     0.0063140     
8.6000000     0.5375155     -0.0000277    0.0194129     0.0062784     
8.6100000     0.5375152     -0.0000273    0.0193034     0.0062429     
8.6200000     0.5375149     -0.0000270    0.0191944     0.0062077     
8.6300000     0.5375147     -0.0000267    0.0190861     0.0061727     
8.6400000     0.5375144     -0.0000264    0.0189783     0.0061378     
8.6500000     0.5375142     -0.0000261    0.0188712     0.0061032     
8.6600000     0.5375139     -0.0000258    0.0187647     0.0060687     
8.6700000     0.5375137     -0.0000256    0.0186588     0.0060345     
8.6800000     0.5375134     -0.0000253    0.0185535     0.0060004     
8.6900000     0.5375132     -0.0000250    0.0184488     0.0059666     
8.7000000     0.5375130     -0.0000247    0.0183446     0.0059329     
8.7100000     0.5375127     -0.0000244    0.0182411     0.0058994     
8.7200000     0.5375125     -0.0000241    0.0181381     0.0058661     
8.7300000     0.5375123     -0.0000239    0.0180357     0.0058330     
8.7400000     0.5375121     -0.0000236    0.0179339     0.0058001     
8.7500000     0.5375118     -0.0000233    0.0178327     0.0057673     
8.7600000     0.5375116     -0.0000231    0.0177321     0.0057348     
8.7700000     0.5375114     -0.0000228    0.0176320     0.0057024     
8.7800000     0.5375112     -0.0000226    0.0175325     0.0056702     
8.7900000     0.5375110     -0.0000223    0.0174335     0.0056382     
8.8000000     0.5375108     -0.0000221    0.0173351     0.0056064     
8.8100000     0.5375105     -0.0000218    0.0172372     0.0055748     
8.8200000     0.5375103     -0.0000216    0.0171400     0.0055433     
8.8300000     0.5375101     -0.0000213    0.0170432     0.0055120     
8.8400000     0.5375099     -0.0000211    0.0169470     0.0054809     
8.8500000     0.5375097     -0.0000208    0.0168514     0.0054500     
8.8600000     0.5375095     -0.0000206    0.0167562     0.0054192     
8.8700000     0.5375094     -0.0000204    0.0166617     0.0053886     
8.8800000     0.5375092     -0.0000201    0.0165676     0.0053582     
8.8900000     0.5375090     -0.0000199    0.0164741     0.0053280     
8.9000000     0.5375088     -0.0000197    0.0163811     0.0052979     
8.9100000     0.5375086     -0.0000195    0.0162887     0.0052680     
8.9200000     0.5375084     -0.0000193    0.0161967     0.0052383     
8.9300000     0.5375082     -0.0000190    0.0161053     0.0052087     
8.9400000     0.5375081     -0.0000188    0.0160144     0.0051793     
8.9500000     0.5375079     -0.0000186    0.0159240     0.0051501     
8.9600000     0.5375077     -0.0000184    0.0158341     0.0051210     
8.9700000     0.5375075     -0.0000182    0.0157448     0.0050921     
8.9800000     0.5375074     -0.0000180    0.0156559     0.0050634     
8.9900000     0.5375072     -0.0000178    0.0155675     0.0050348     
9.0000000     0.5375070     -0.0000176    0.0154797     0.0050064     
9.0100000     0.5375069     -0.0000174    0.0153923     0.0049781     
9.0200000     0.5375067     -0.0000172    0.0153054     0.0049500     
9.0300000     0.5375065     -0.0000170    0.0152190     0.0049221     
9.0400000     0.5375064     -0.0000168    0.0151331     0.0048943     
9.0500000     0.5375062     -0.0000166    0.0150477     0.0048667     
9.0600000     0.5375061     -0.0000164    0.0149628     0.0048392     
9.0700000     0.5375059     -0.0000162    0.0148783     0.0048119     
9.0800000     0.5375058     -0.0000161    0.0147943     0.0047847     
9.0900000     0.5375056     -0.0000159    0.0147108     0.0047577     
9.1000000     0.5375055     -0.0000157    0.0146278     0.0047309     
9.1100000     0.5375053     -0.0000155    0.0145452     0.0047042     
9.1200000     0.5375052     -0.0000154    0.0144631     0.0046776     
9.1300000     0.5375050     -0.0000152    0.0143815     0.0046512     
9.1400000     0.5375049     -0.0000150    0.0143003     0.0046250     
9.1500000     0.5375047     -0.0000148    0.0142196     0.0045989     
9.1600000     0.5375046     -0.0000147    0.0141394     0.0045729     
9.1700000     0.5375045     -0.0000145    0.0140595     0.0045471     
9.1800000     0.5375043     -0.0000143    0.0139802     0.0045214     
9.1900000     0.5375042     -0.0000142    0.0139013     0.0044959     
9.2000000     0.5375041     -0.0000140    0.0138228     0.0044706     
9.2100000     0.5375039     -0.0000139    0.0137448     0.0044453     
9.2200000     0.5375038     -0.0000137    0.0136672     0.0044202     
9.2300000     0.5375037     -0.0000136    0.0135901     0.0043953     
9.2400000     0.5375036     -0.0000134    0.0135134     0.0043705     
9.2500000     0.5375034     -0.0000133    0.0134371     0.0043458     
9.2600000     0.5375033     -0.0000131    0.0133613     0.0043213     
9.2700000     0.5375032     -0.0000130    0.0132858     0.0042969     
9.2800000     0.5375031     -0.0000128    0.0132109     0.0042726     
9.2900000     0.5375030     -0.0000127    0.0131363     0.0042485     
9.3000000     0.5375028     -0.0000125    0.0130621     0.0042246     
9.3100000     0.5375027     -0.0000124    0.0129884     0.0042007     
9.3200000     0.5375026     -0.0000122    0.0129151     0.0041770     
9.3300000     0.5375025     -0.0000121    0.0128422     0.0041534     
9.3400000     0.5375024     -0.0000120    0.0127697     0.0041300     
9.3500000     0.5375023     -0.0000118    0.0126976     0.0041067     
9.3600000     0.5375022     -0.0000117    0.0126260     0.0040835     
9.3700000     0.5375020     -0.0000116    0.0125547     0.0040604     
9.3800000     0.5375019     -0.0000114    0.0124839     0.0040375     
9.3900000     0.5375018     -0.0000113    0.0124134     0.0040147     
9.4000000     0.5375017     -0.0000112    0.0123433     0.0039921     
9.4100000     0.5375016     -0.0000111    0.0122737     0.0039696     
9.4200000     0.5375015     -0.0000109    0.0122044     0.0039472     
9.4300000     0.5375014     -0.0000108    0.0121355     0.0039249     
9.4400000     0.5375013     -0.0000107    0.0120670     0.0039027     
9.4500000     0.5375012     -0.0000106    0.0119989     0.0038807     
9.4600000     0.5375011     -0.0000104    0.0119312     0.0038588     
9.4700000     0.5375010     -0.0000103    0.0118638     0.0038370     
9.4800000     0.5375009     -0.0000102    0.0117969     0.0038154     
9.4900000     0.5375008     -0.0000101    0.0117303     0.0037938     
9.5000000     0.5375008     -0.0000100    0.0116641     0.0037724     
9.5100000     0.5375007     -0.0000099    0.0115982     0.0037511     
9.5200000     0.5375006     -0.0000098    0.0115328     0.0037300     
9.5300000     0.5375005     -0.0000097    0.0114677     0.0037089     
9.5400000     0.5375004     -0.0000095    0.0114029     0.0036880     
9.5500000     0.5375003     -0.0000094    0.0113386     0.0036672     
9.5600000     0.5375002     -0.0000093    0.0112746     0.0036465     
9.5700000     0.5375001     -0.0000092    0.0112110     0.0036259     
9.5800000     0.5375000     -0.0000091    0.0111477     0.0036054     
9.5900000     0.5375000     -0.0000090    0.0110848     0.0035851     
9.6000000     0.5374999     -0.0000089    0.0110222     0.0035648     
9.6100000     0.5374998     -0.0000088    0.0109600     0.0035447     
9.6200000     0.5374997     -0.0000087    0.0108981     0.0035247     
9.6300000     0.5374996     -0.0000086    0.0108366     0.0035048     
9.6400000     0.5374996     -0.0000085    0.0107754     0.0034850     
9.6500000     0.5374995     -0.0000084    0.0107146     0.0034654     
9.6600000     0.5374994     -0.0000083    0.0106541     0.0034458     
9.6700000     0.5374993     -0.0000082    0.0105940     0.0034264     
9.6800000     0.5374993     -0.0000081    0.0105342     0.0034070     
9.6900000     0.5374992     -0.0000081    0.0104748     0.0033878     
9.7000000     0.5374991     -0.0000080    0.0104156     0.0033687     
9.7100000     0.5374990     -0.0000079    0.0103569     0.0033497     
9.7200000     0.5374990     -0.0000078    0.0102984     0.0033308     
9.7300000     0.5374989     -0.0000077    0.0102403     0.0033120     
9.7400000     0.5374988     -0.0000076    0.0101825     0.0032933     
9.7500000     0.5374988     -0.0000075    0.0101250     0.0032747     
9.7600000     0.5374987     -0.0000074    0.0100678     0.0032562     
9.7700000     0.5374986     -0.0000074    0.0100110     0.0032378     
9.7800000     0.5374986     -0.0000073    0.0099545     0.0032195     
9.7900000     0.5374985     -0.0000072    0.0098983     0.0032014     
9.8000000     0.5374984     -0.0000071    0.0098425     0.0031833     
9.8100000     0.5374984     -0.0000070    0.0097869     0.0031653     
9.8200000     0.5374983     -0.0000070    0.0097317     0.0031475     
9.8300000     0.5374982     -0.0000069    0.0096767     0.0031297     
9.8400000     0.5374982     -0.0000068    0.0096221     0.0031120     
9.8500000     0.5374981     -0.0000067    0.0095678     0.0030945     
9.8600000     0.5374980     -0.0000066    0.0095138     0.0030770     
9.8700000     0.5374980     -0.0000066    0.0094601     0.0030596     
9.8800000     0.5374979     -0.0000065    0.0094067     0.0030424     
9.8900000     0.5374979     -0.0000064    0.0093536     0.0030252     
9.9000000     0.5374978     -0.0000063    0.0093008     0.0030081     
9.9100000     0.5374978     -0.0000063    0.0092483     0.0029912     
9.9200000     0.5374977     -0.0000062    0.0091961     0.0029743     
9.9300000     0.5374976     -0.0000061    0.0091442     0.0029575     
9.9400000     0.5374976     -0.0000061    0.0090926     0.0029408     
9.9500000     0.5374975     -0.0000060    0.0090413     0.0029242     
9.9600000     0.5374975     -0.0000059    0.0089903     0.0029077     
9.9700000     0.5374974     -0.0000059    0.0089395     0.0028913     
9.9800000     0.5374974     -0.0000058    0.0088891     0.0028750     
9.9900000     0.5374973     -0.0000057    0.0088389     0.0028587     
10.0000000    0.5374973     -0.0000057    0.0087890     0.0028426     
