#   delta = 1.000, g = 0.900, ds = 0.010
#   s             E             dE       ||Gammaod||    ||eta2B||    

0.0000000     1.1000000     -0.4725000    2.5455844     0.8077747     
0.0100000     1.0952925     -0.4689940    2.5268302     0.8077747     
0.0200000     1.0906530     -0.4622256    2.5082509     0.8021642     
0.0300000     1.0860804     -0.4555656    2.4898441     0.7965976     
0.0400000     1.0815736     -0.4490122    2.4716077     0.7910747     
0.0500000     1.0771316     -0.4425633    2.4535392     0.7855950     
0.0600000     1.0727533     -0.4362170    2.4356367     0.7801579     
0.0700000     1.0684377     -0.4299714    2.4178978     0.7747632     
0.0800000     1.0641838     -0.4238246    2.4003204     0.7694103     
0.0900000     1.0599907     -0.4177748    2.3829026     0.7640988     
0.1000000     1.0558573     -0.4118203    2.3656422     0.7588283     
0.1100000     1.0517828     -0.4059593    2.3485372     0.7535985     
0.1200000     1.0477663     -0.4001901    2.3315856     0.7484089     
0.1300000     1.0438067     -0.3945112    2.3147855     0.7432591     
0.1400000     1.0399033     -0.3889207    2.2981351     0.7381487     
0.1500000     1.0360552     -0.3834172    2.2816323     0.7330774     
0.1600000     1.0322614     -0.3779992    2.2652755     0.7280448     
0.1700000     1.0285213     -0.3726650    2.2490627     0.7230504     
0.1800000     1.0248338     -0.3674132    2.2329922     0.7180941     
0.1900000     1.0211983     -0.3622424    2.2170622     0.7131753     
0.2000000     1.0176138     -0.3571510    2.2012711     0.7082937     
0.2100000     1.0140797     -0.3521378    2.1856171     0.7034490     
0.2200000     1.0105952     -0.3472014    2.1700986     0.6986409     
0.2300000     1.0071595     -0.3423403    2.1547139     0.6938689     
0.2400000     1.0037718     -0.3375534    2.1394615     0.6891328     
0.2500000     1.0004315     -0.3328392    2.1243398     0.6844323     
0.2600000     0.9971377     -0.3281967    2.1093471     0.6797670     
0.2700000     0.9938899     -0.3236244    2.0944821     0.6751365     
0.2800000     0.9906873     -0.3191213    2.0797431     0.6705406     
0.2900000     0.9875292     -0.3146861    2.0651288     0.6659790     
0.3000000     0.9844150     -0.3103177    2.0506376     0.6614514     
0.3100000     0.9813439     -0.3060149    2.0362681     0.6569574     
0.3200000     0.9783154     -0.3017766    2.0220190     0.6524967     
0.3300000     0.9753288     -0.2976018    2.0078888     0.6480691     
0.3400000     0.9723836     -0.2934893    1.9938762     0.6436742     
0.3500000     0.9694789     -0.2894382    1.9799799     0.6393118     
0.3600000     0.9666144     -0.2854473    1.9661984     0.6349816     
0.3700000     0.9637893     -0.2815157    1.9525307     0.6306833     
0.3800000     0.9610030     -0.2776424    1.9389752     0.6264166     
0.3900000     0.9582551     -0.2738264    1.9255309     0.6221813     
0.4000000     0.9555449     -0.2700668    1.9121964     0.6179770     
0.4100000     0.9528720     -0.2663627    1.8989706     0.6138036     
0.4200000     0.9502356     -0.2627130    1.8858522     0.6096607     
0.4300000     0.9476353     -0.2591170    1.8728402     0.6055480     
0.4400000     0.9450707     -0.2555737    1.8599332     0.6014654     
0.4500000     0.9425410     -0.2520823    1.8471302     0.5974126     
0.4600000     0.9400459     -0.2486420    1.8344300     0.5933892     
0.4700000     0.9375848     -0.2452518    1.8218316     0.5893952     
0.4800000     0.9351573     -0.2419111    1.8093338     0.5854301     
0.4900000     0.9327628     -0.2386189    1.7969356     0.5814938     
0.5000000     0.9304009     -0.2353746    1.7846359     0.5775860     
0.5100000     0.9280710     -0.2321773    1.7724336     0.5737065     
0.5200000     0.9257728     -0.2290262    1.7603278     0.5698551     
0.5300000     0.9235058     -0.2259208    1.7483174     0.5660315     
0.5400000     0.9212694     -0.2228601    1.7364015     0.5622355     
0.5500000     0.9190634     -0.2198435    1.7245790     0.5584668     
0.5600000     0.9168872     -0.2168704    1.7128489     0.5547252     
0.5700000     0.9147404     -0.2139399    1.7012104     0.5510106     
0.5800000     0.9126226     -0.2110515    1.6896625     0.5473226     
0.5900000     0.9105334     -0.2082044    1.6782042     0.5436611     
0.6000000     0.9084724     -0.2053981    1.6668347     0.5400259     
0.6100000     0.9064391     -0.2026318    1.6555530     0.5364167     
0.6200000     0.9044332     -0.1999050    1.6443582     0.5328333     
0.6300000     0.9024542     -0.1972170    1.6332496     0.5292755     
0.6400000     0.9005019     -0.1945672    1.6222261     0.5257431     
0.6500000     0.8985758     -0.1919551    1.6112870     0.5222359     
0.6600000     0.8966755     -0.1893800    1.6004315     0.5187537     
0.6700000     0.8948007     -0.1868414    1.5896586     0.5152962     
0.6800000     0.8929510     -0.1843387    1.5789676     0.5118634     
0.6900000     0.8911261     -0.1818713    1.5683577     0.5084550     
0.7000000     0.8893256     -0.1794388    1.5578281     0.5050707     
0.7100000     0.8875492     -0.1770405    1.5473780     0.5017105     
0.7200000     0.8857965     -0.1746759    1.5370067     0.4983740     
0.7300000     0.8840672     -0.1723446    1.5267133     0.4950612     
0.7400000     0.8823610     -0.1700460    1.5164971     0.4917718     
0.7500000     0.8806775     -0.1677796    1.5063574     0.4885056     
0.7600000     0.8790164     -0.1655450    1.4962934     0.4852625     
0.7700000     0.8773775     -0.1633416    1.4863045     0.4820423     
0.7800000     0.8757604     -0.1611690    1.4763899     0.4788448     
0.7900000     0.8741648     -0.1590266    1.4665489     0.4756698     
0.8000000     0.8725903     -0.1569142    1.4567809     0.4725171     
0.8100000     0.8710368     -0.1548311    1.4470851     0.4693866     
0.8200000     0.8695039     -0.1527770    1.4374608     0.4662781     
0.8300000     0.8679913     -0.1507514    1.4279075     0.4631914     
0.8400000     0.8664988     -0.1487539    1.4184244     0.4601263     
0.8500000     0.8650260     -0.1467841    1.4090109     0.4570827     
0.8600000     0.8635728     -0.1448415    1.3996663     0.4540604     
0.8700000     0.8621387     -0.1429258    1.3903901     0.4510593     
0.8800000     0.8607237     -0.1410365    1.3811816     0.4480791     
0.8900000     0.8593273     -0.1391733    1.3720401     0.4451197     
0.9000000     0.8579494     -0.1373358    1.3629652     0.4421810     
0.9100000     0.8565896     -0.1355236    1.3539561     0.4392628     
0.9200000     0.8552478     -0.1337363    1.3450123     0.4363649     
0.9300000     0.8539237     -0.1319735    1.3361332     0.4334872     
0.9400000     0.8526170     -0.1302350    1.3273182     0.4306295     
0.9500000     0.8513276     -0.1285203    1.3185668     0.4277917     
0.9600000     0.8500551     -0.1268290    1.3098783     0.4249735     
0.9700000     0.8487993     -0.1251609    1.3012523     0.4221750     
0.9800000     0.8475601     -0.1235156    1.2926881     0.4193958     
0.9900000     0.8463371     -0.1218928    1.2841853     0.4166359     
1.0000000     0.8451303     -0.1202921    1.2757433     0.4138952     
1.0100000     0.8439392     -0.1187133    1.2673615     0.4111734     
1.0200000     0.8427638     -0.1171559    1.2590395     0.4084704     
1.0300000     0.8416038     -0.1156197    1.2507767     0.4057861     
1.0400000     0.8404590     -0.1141044    1.2425727     0.4031203     
1.0500000     0.8393293     -0.1126097    1.2344268     0.4004729     
1.0600000     0.8382143     -0.1111353    1.2263386     0.3978438     
1.0700000     0.8371139     -0.1096809    1.2183077     0.3952328     
1.0800000     0.8360279     -0.1082461    1.2103335     0.3926398     
1.0900000     0.8349561     -0.1068308    1.2024155     0.3900646     
1.1000000     0.8338983     -0.1054347    1.1945533     0.3875071     
1.1100000     0.8328544     -0.1040573    1.1867463     0.3849673     
1.1200000     0.8318241     -0.1026986    1.1789942     0.3824448     
1.1300000     0.8308072     -0.1013583    1.1712965     0.3799397     
1.1400000     0.8298036     -0.1000359    1.1636527     0.3774517     
1.1500000     0.8288131     -0.0987314    1.1560624     0.3749808     
1.1600000     0.8278355     -0.0974445    1.1485250     0.3725269     
1.1700000     0.8268707     -0.0961748    1.1410403     0.3700897     
1.1800000     0.8259184     -0.0949223    1.1336077     0.3676692     
1.1900000     0.8249785     -0.0936865    1.1262268     0.3652652     
1.2000000     0.8240509     -0.0924673    1.1188972     0.3628777     
1.2100000     0.8231353     -0.0912645    1.1116184     0.3605065     
1.2200000     0.8222317     -0.0900777    1.1043901     0.3581514     
1.2300000     0.8213398     -0.0889069    1.0972119     0.3558124     
1.2400000     0.8204595     -0.0877517    1.0900833     0.3534894     
1.2500000     0.8195906     -0.0866120    1.0830039     0.3511822     
1.2600000     0.8187330     -0.0854875    1.0759733     0.3488907     
1.2700000     0.8178865     -0.0843780    1.0689912     0.3466147     
1.2800000     0.8170511     -0.0832833    1.0620572     0.3443543     
1.2900000     0.8162264     -0.0822032    1.0551708     0.3421092     
1.3000000     0.8154125     -0.0811375    1.0483317     0.3398793     
1.3100000     0.8146091     -0.0800859    1.0415394     0.3376646     
1.3200000     0.8138161     -0.0790484    1.0347938     0.3354649     
1.3300000     0.8130335     -0.0780247    1.0280943     0.3332801     
1.3400000     0.8122609     -0.0770145    1.0214405     0.3311102     
1.3500000     0.8114983     -0.0760178    1.0148323     0.3289549     
1.3600000     0.8107456     -0.0750343    1.0082691     0.3268142     
1.3700000     0.8100027     -0.0740638    1.0017506     0.3246880     
1.3800000     0.8092694     -0.0731062    0.9952765     0.3225761     
1.3900000     0.8085455     -0.0721613    0.9888464     0.3204785     
1.4000000     0.8078310     -0.0712289    0.9824600     0.3183951     
1.4100000     0.8071257     -0.0703088    0.9761170     0.3163258     
1.4200000     0.8064296     -0.0694009    0.9698169     0.3142704     
1.4300000     0.8057424     -0.0685050    0.9635596     0.3122288     
1.4400000     0.8050641     -0.0676210    0.9573446     0.3102010     
1.4500000     0.8043946     -0.0667486    0.9511716     0.3081869     
1.4600000     0.8037337     -0.0658877    0.9450403     0.3061863     
1.4700000     0.8030813     -0.0650381    0.9389503     0.3041992     
1.4800000     0.8024374     -0.0641998    0.9329015     0.3022255     
1.4900000     0.8018017     -0.0633725    0.9268934     0.3002650     
1.5000000     0.8011742     -0.0625561    0.9209257     0.2983177     
1.5100000     0.8005549     -0.0617504    0.9149981     0.2963834     
1.5200000     0.7999435     -0.0609553    0.9091104     0.2944621     
1.5300000     0.7993399     -0.0601707    0.9032622     0.2925538     
1.5400000     0.7987442     -0.0593963    0.8974532     0.2906582     
1.5500000     0.7981561     -0.0586322    0.8916832     0.2887753     
1.5600000     0.7975756     -0.0578781    0.8859518     0.2869050     
1.5700000     0.7970025     -0.0571338    0.8802587     0.2850472     
1.5800000     0.7964368     -0.0563993    0.8746037     0.2832019     
1.5900000     0.7958784     -0.0556745    0.8689865     0.2813689     
1.6000000     0.7953272     -0.0549591    0.8634068     0.2795482     
1.6100000     0.7947831     -0.0542531    0.8578642     0.2777396     
1.6200000     0.7942459     -0.0535564    0.8523587     0.2759431     
1.6300000     0.7937157     -0.0528687    0.8468898     0.2741586     
1.6400000     0.7931922     -0.0521901    0.8414572     0.2723860     
1.6500000     0.7926755     -0.0515203    0.8360608     0.2706252     
1.6600000     0.7921654     -0.0508592    0.8307003     0.2688761     
1.6700000     0.7916619     -0.0502068    0.8253754     0.2671387     
1.6800000     0.7911648     -0.0495629    0.8200858     0.2654129     
1.6900000     0.7906741     -0.0489274    0.8148312     0.2636986     
1.7000000     0.7901897     -0.0483002    0.8096115     0.2619956     
1.7100000     0.7897115     -0.0476812    0.8044264     0.2603040     
1.7200000     0.7892394     -0.0470702    0.7992756     0.2586237     
1.7300000     0.7887734     -0.0464672    0.7941588     0.2569545     
1.7400000     0.7883134     -0.0458720    0.7890758     0.2552964     
1.7500000     0.7878592     -0.0452846    0.7840265     0.2536493     
1.7600000     0.7874109     -0.0447048    0.7790104     0.2520131     
1.7700000     0.7869683     -0.0441326    0.7740274     0.2503878     
1.7800000     0.7865314     -0.0435678    0.7690773     0.2487732     
1.7900000     0.7861001     -0.0430103    0.7641598     0.2471694     
1.8000000     0.7856743     -0.0424601    0.7592747     0.2455762     
1.8100000     0.7852539     -0.0419170    0.7544217     0.2439935     
1.8200000     0.7848389     -0.0413810    0.7496006     0.2424213     
1.8300000     0.7844293     -0.0408519    0.7448113     0.2408596     
1.8400000     0.7840248     -0.0403297    0.7400533     0.2393081     
1.8500000     0.7836256     -0.0398142    0.7353266     0.2377669     
1.8600000     0.7832314     -0.0393054    0.7306310     0.2362359     
1.8700000     0.7828423     -0.0388033    0.7259661     0.2347150     
1.8800000     0.7824582     -0.0383076    0.7213318     0.2332042     
1.8900000     0.7820789     -0.0378183    0.7167279     0.2317033     
1.9000000     0.7817046     -0.0373354    0.7121541     0.2302124     
1.9100000     0.7813350     -0.0368587    0.7076102     0.2287312     
1.9200000     0.7809701     -0.0363882    0.7030960     0.2272599     
1.9300000     0.7806099     -0.0359238    0.6986114     0.2257982     
1.9400000     0.7802542     -0.0354654    0.6941561     0.2243462     
1.9500000     0.7799032     -0.0350129    0.6897298     0.2229037     
1.9600000     0.7795566     -0.0345662    0.6853325     0.2214707     
1.9700000     0.7792144     -0.0341253    0.6809638     0.2200472     
1.9800000     0.7788766     -0.0336901    0.6766236     0.2186330     
1.9900000     0.7785431     -0.0332605    0.6723118     0.2172282     
2.0000000     0.7782139     -0.0328365    0.6680280     0.2158325     
2.0100000     0.7778888     -0.0324179    0.6637721     0.2144461     
2.0200000     0.7775679     -0.0320047    0.6595439     0.2130687     
2.0300000     0.7772511     -0.0315969    0.6553432     0.2117004     
2.0400000     0.7769383     -0.0311943    0.6511699     0.2103411     
2.0500000     0.7766296     -0.0307969    0.6470237     0.2089907     
2.0600000     0.7763247     -0.0304046    0.6429044     0.2076492     
2.0700000     0.7760238     -0.0300174    0.6388118     0.2063165     
2.0800000     0.7757267     -0.0296351    0.6347459     0.2049925     
2.0900000     0.7754333     -0.0292578    0.6307063     0.2036772     
2.1000000     0.7751437     -0.0288853    0.6266930     0.2023705     
2.1100000     0.7748578     -0.0285176    0.6227056     0.2010724     
2.1200000     0.7745756     -0.0281546    0.6187441     0.1997828     
2.1300000     0.7742969     -0.0277963    0.6148083     0.1985016     
2.1400000     0.7740218     -0.0274426    0.6108980     0.1972288     
2.1500000     0.7737501     -0.0270935    0.6070130     0.1959643     
2.1600000     0.7734820     -0.0267488    0.6031531     0.1947081     
2.1700000     0.7732172     -0.0264086    0.5993182     0.1934601     
2.1800000     0.7729558     -0.0260727    0.5955081     0.1922203     
2.1900000     0.7726978     -0.0257412    0.5917227     0.1909886     
2.2000000     0.7724430     -0.0254139    0.5879617     0.1897649     
2.2100000     0.7721915     -0.0250908    0.5842250     0.1885493     
2.2200000     0.7719432     -0.0247718    0.5805124     0.1873415     
2.2300000     0.7716980     -0.0244570    0.5768238     0.1861417     
2.2400000     0.7714560     -0.0241461    0.5731591     0.1849496     
2.2500000     0.7712170     -0.0238393    0.5695179     0.1837654     
2.2600000     0.7709811     -0.0235364    0.5659003     0.1825888     
2.2700000     0.7707481     -0.0232374    0.5623060     0.1814200     
2.2800000     0.7705182     -0.0229422    0.5587348     0.1802588     
2.2900000     0.7702911     -0.0226507    0.5551867     0.1791051     
2.3000000     0.7700669     -0.0223631    0.5516614     0.1779589     
2.3100000     0.7698456     -0.0220791    0.5481588     0.1768202     
2.3200000     0.7696271     -0.0217987    0.5446788     0.1756890     
2.3300000     0.7694114     -0.0215219    0.5412211     0.1745651     
2.3400000     0.7691984     -0.0212487    0.5377857     0.1734485     
2.3500000     0.7689882     -0.0209789    0.5343725     0.1723391     
2.3600000     0.7687805     -0.0207126    0.5309811     0.1712370     
2.3700000     0.7685756     -0.0204498    0.5276116     0.1701421     
2.3800000     0.7683732     -0.0201902    0.5242637     0.1690542     
2.3900000     0.7681734     -0.0199340    0.5209373     0.1679735     
2.4000000     0.7679762     -0.0196811    0.5176323     0.1668997     
2.4100000     0.7677814     -0.0194314    0.5143486     0.1658330     
2.4200000     0.7675891     -0.0191849    0.5110859     0.1647732     
2.4300000     0.7673993     -0.0189415    0.5078441     0.1637202     
2.4400000     0.7672119     -0.0187013    0.5046232     0.1626741     
2.4500000     0.7670268     -0.0184641    0.5014229     0.1616348     
2.4600000     0.7668441     -0.0182299    0.4982431     0.1606022     
2.4700000     0.7666638     -0.0179988    0.4950837     0.1595763     
2.4800000     0.7664857     -0.0177705    0.4919446     0.1585571     
2.4900000     0.7663098     -0.0175452    0.4888256     0.1575445     
2.5000000     0.7661362     -0.0173228    0.4857266     0.1565384     
2.5100000     0.7659648     -0.0171032    0.4826475     0.1555389     
2.5200000     0.7657956     -0.0168864    0.4795880     0.1545458     
2.5300000     0.7656285     -0.0166724    0.4765482     0.1535592     
2.5400000     0.7654636     -0.0164611    0.4735278     0.1525789     
2.5500000     0.7653007     -0.0162525    0.4705268     0.1516050     
2.5600000     0.7651399     -0.0160466    0.4675449     0.1506375     
2.5700000     0.7649812     -0.0158432    0.4645822     0.1496761     
2.5800000     0.7648244     -0.0156425    0.4616383     0.1487210     
2.5900000     0.7646697     -0.0154443    0.4587134     0.1477721     
2.6000000     0.7645169     -0.0152487    0.4558071     0.1468293     
2.6100000     0.7643660     -0.0150555    0.4529194     0.1458926     
2.6200000     0.7642171     -0.0148649    0.4500501     0.1449620     
2.6300000     0.7640700     -0.0146766    0.4471992     0.1440374     
2.6400000     0.7639248     -0.0144907    0.4443665     0.1431187     
2.6500000     0.7637815     -0.0143072    0.4415519     0.1422060     
2.6600000     0.7636399     -0.0141261    0.4387553     0.1412992     
2.6700000     0.7635002     -0.0139472    0.4359765     0.1403983     
2.6800000     0.7633622     -0.0137706    0.4332155     0.1395032     
2.6900000     0.7632260     -0.0135963    0.4304721     0.1386138     
2.7000000     0.7630915     -0.0134242    0.4277462     0.1377302     
2.7100000     0.7629587     -0.0132542    0.4250377     0.1368523     
2.7200000     0.7628276     -0.0130865    0.4223465     0.1359800     
2.7300000     0.7626982     -0.0129208    0.4196724     0.1351134     
2.7400000     0.7625704     -0.0127573    0.4170154     0.1342524     
2.7500000     0.7624442     -0.0125959    0.4143754     0.1333969     
2.7600000     0.7623196     -0.0124365    0.4117522     0.1325470     
2.7700000     0.7621966     -0.0122791    0.4091457     0.1317025     
2.7800000     0.7620751     -0.0121237    0.4065558     0.1308634     
2.7900000     0.7619552     -0.0119703    0.4039824     0.1300298     
2.8000000     0.7618368     -0.0118189    0.4014254     0.1292016     
2.8100000     0.7617199     -0.0116694    0.3988847     0.1283786     
2.8200000     0.7616045     -0.0115217    0.3963602     0.1275610     
2.8300000     0.7614906     -0.0113760    0.3938518     0.1267487     
2.8400000     0.7613780     -0.0112321    0.3913594     0.1259415     
2.8500000     0.7612670     -0.0110900    0.3888828     0.1251396     
2.8600000     0.7611573     -0.0109498    0.3864220     0.1243429     
2.8700000     0.7610490     -0.0108113    0.3839768     0.1235512     
2.8800000     0.7609421     -0.0106746    0.3815472     0.1227647     
2.8900000     0.7608365     -0.0105396    0.3791331     0.1219832     
2.9000000     0.7607323     -0.0104063    0.3767343     0.1212067     
2.9100000     0.7606294     -0.0102747    0.3743509     0.1204353     
2.9200000     0.7605278     -0.0101448    0.3719825     0.1196688     
2.9300000     0.7604274     -0.0100166    0.3696292     0.1189072     
2.9400000     0.7603284     -0.0098899    0.3672909     0.1181505     
2.9500000     0.7602306     -0.0097649    0.3649675     0.1173987     
2.9600000     0.7601340     -0.0096414    0.3626588     0.1166517     
2.9700000     0.7600387     -0.0095196    0.3603649     0.1159095     
2.9800000     0.7599446     -0.0093992    0.3580855     0.1151721     
2.9900000     0.7598516     -0.0092804    0.3558205     0.1144394     
3.0000000     0.7597599     -0.0091631    0.3535700     0.1137115     
3.0100000     0.7596693     -0.0090473    0.3513338     0.1129882     
3.0200000     0.7595798     -0.0089330    0.3491118     0.1122695     
3.0300000     0.7594915     -0.0088201    0.3469039     0.1115555     
3.0400000     0.7594043     -0.0087086    0.3447101     0.1108460     
3.0500000     0.7593182     -0.0085986    0.3425301     0.1101411     
3.0600000     0.7592332     -0.0084899    0.3403641     0.1094407     
3.0700000     0.7591492     -0.0083827    0.3382117     0.1087449     
3.0800000     0.7590664     -0.0082768    0.3360731     0.1080534     
3.0900000     0.7589845     -0.0081722    0.3339480     0.1073664     
3.1000000     0.7589038     -0.0080689    0.3318364     0.1066839     
3.1100000     0.7588240     -0.0079670    0.3297382     0.1060057     
3.1200000     0.7587452     -0.0078664    0.3276534     0.1053318     
3.1300000     0.7586675     -0.0077670    0.3255818     0.1046623     
3.1400000     0.7585907     -0.0076689    0.3235233     0.1039970     
3.1500000     0.7585149     -0.0075720    0.3214779     0.1033361     
3.1600000     0.7584400     -0.0074764    0.3194454     0.1026793     
3.1700000     0.7583661     -0.0073819    0.3174259     0.1020268     
3.1800000     0.7582931     -0.0072887    0.3154192     0.1013784     
3.1900000     0.7582211     -0.0071966    0.3134252     0.1007342     
3.2000000     0.7581500     -0.0071057    0.3114438     0.1000942     
3.2100000     0.7580797     -0.0070160    0.3094751     0.0994582     
3.2200000     0.7580104     -0.0069274    0.3075188     0.0988263     
3.2300000     0.7579419     -0.0068399    0.3055749     0.0981984     
3.2400000     0.7578743     -0.0067536    0.3036433     0.0975746     
3.2500000     0.7578076     -0.0066683    0.3017240     0.0969547     
3.2600000     0.7577417     -0.0065841    0.2998169     0.0963389     
3.2700000     0.7576766     -0.0065009    0.2979218     0.0957269     
3.2800000     0.7576123     -0.0064189    0.2960388     0.0951189     
3.2900000     0.7575489     -0.0063378    0.2941677     0.0945148     
3.3000000     0.7574863     -0.0062578    0.2923085     0.0939145     
3.3100000     0.7574244     -0.0061788    0.2904610     0.0933181     
3.3200000     0.7573634     -0.0061008    0.2886253     0.0927255     
3.3300000     0.7573031     -0.0060238    0.2868012     0.0921367     
3.3400000     0.7572436     -0.0059477    0.2849886     0.0915516     
3.3500000     0.7571848     -0.0058726    0.2831875     0.0909703     
3.3600000     0.7571268     -0.0057985    0.2813979     0.0903927     
3.3700000     0.7570695     -0.0057253    0.2796196     0.0898188     
3.3800000     0.7570129     -0.0056531    0.2778525     0.0892486     
3.3900000     0.7569570     -0.0055817    0.2760967     0.0886820     
3.4000000     0.7569019     -0.0055113    0.2743520     0.0881190     
3.4100000     0.7568474     -0.0054417    0.2726183     0.0875597     
3.4200000     0.7567937     -0.0053730    0.2708956     0.0870039     
3.4300000     0.7567406     -0.0053052    0.2691838     0.0864516     
3.4400000     0.7566882     -0.0052382    0.2674828     0.0859029     
3.4500000     0.7566364     -0.0051721    0.2657927     0.0853577     
3.4600000     0.7565853     -0.0051069    0.2641132     0.0848160     
3.4700000     0.7565349     -0.0050424    0.2624444     0.0842777     
3.4800000     0.7564850     -0.0049788    0.2607861     0.0837429     
3.4900000     0.7564359     -0.0049160    0.2591383     0.0832115     
3.5000000     0.7563873     -0.0048539    0.2575010     0.0826834     
3.5100000     0.7563393     -0.0047927    0.2558740     0.0821588     
3.5200000     0.7562920     -0.0047322    0.2542573     0.0816375     
3.5300000     0.7562453     -0.0046725    0.2526509     0.0811195     
3.5400000     0.7561991     -0.0046135    0.2510546     0.0806048     
3.5500000     0.7561535     -0.0045553    0.2494685     0.0800935     
3.5600000     0.7561085     -0.0044979    0.2478923     0.0795853     
3.5700000     0.7560641     -0.0044411    0.2463262     0.0790805     
3.5800000     0.7560203     -0.0043851    0.2447699     0.0785788     
3.5900000     0.7559769     -0.0043298    0.2432235     0.0780803     
3.6000000     0.7559342     -0.0042751    0.2416869     0.0775851     
3.6100000     0.7558920     -0.0042212    0.2401600     0.0770929     
3.6200000     0.7558503     -0.0041680    0.2386428     0.0766040     
3.6300000     0.7558091     -0.0041154    0.2371352     0.0761181     
3.6400000     0.7557685     -0.0040635    0.2356371     0.0756353     
3.6500000     0.7557283     -0.0040122    0.2341485     0.0751557     
3.6600000     0.7556887     -0.0039616    0.2326693     0.0746790     
3.6700000     0.7556496     -0.0039116    0.2311995     0.0742054     
3.6800000     0.7556110     -0.0038623    0.2297390     0.0737349     
3.6900000     0.7555728     -0.0038136    0.2282877     0.0732673     
3.7000000     0.7555352     -0.0037655    0.2268456     0.0728027     
3.7100000     0.7554980     -0.0037180    0.2254126     0.0723411     
3.7200000     0.7554613     -0.0036711    0.2239887     0.0718824     
3.7300000     0.7554251     -0.0036248    0.2225737     0.0714266     
3.7400000     0.7553893     -0.0035790    0.2211678     0.0709738     
3.7500000     0.7553539     -0.0035339    0.2197707     0.0705238     
3.7600000     0.7553190     -0.0034893    0.2183825     0.0700767     
3.7700000     0.7552846     -0.0034453    0.2170030     0.0696324     
3.7800000     0.7552506     -0.0034019    0.2156323     0.0691910     
3.7900000     0.7552170     -0.0033590    0.2142702     0.0687524     
3.8000000     0.7551838     -0.0033166    0.2129167     0.0683165     
3.8100000     0.7551511     -0.0032748    0.2115718     0.0678835     
3.8200000     0.7551188     -0.0032335    0.2102354     0.0674532     
3.8300000     0.7550869     -0.0031927    0.2089075     0.0670257     
3.8400000     0.7550553     -0.0031525    0.2075879     0.0666008     
3.8500000     0.7550242     -0.0031127    0.2062767     0.0661787     
3.8600000     0.7549935     -0.0030735    0.2049738     0.0657593     
3.8700000     0.7549632     -0.0030347    0.2036791     0.0653425     
3.8800000     0.7549332     -0.0029964    0.2023926     0.0649284     
3.8900000     0.7549036     -0.0029586    0.2011143     0.0645169     
3.9000000     0.7548744     -0.0029213    0.1998440     0.0641080     
3.9100000     0.7548456     -0.0028845    0.1985818     0.0637018     
3.9200000     0.7548172     -0.0028481    0.1973275     0.0632981     
3.9300000     0.7547890     -0.0028122    0.1960811     0.0628970     
3.9400000     0.7547613     -0.0027768    0.1948427     0.0624985     
3.9500000     0.7547339     -0.0027418    0.1936121     0.0621025     
3.9600000     0.7547068     -0.0027072    0.1923892     0.0617090     
3.9700000     0.7546801     -0.0026731    0.1911741     0.0613180     
3.9800000     0.7546538     -0.0026394    0.1899666     0.0609295     
3.9900000     0.7546277     -0.0026061    0.1887668     0.0605434     
4.0000000     0.7546020     -0.0025732    0.1875746     0.0601598     
4.0100000     0.7545766     -0.0025408    0.1863899     0.0597787     
4.0200000     0.7545516     -0.0025087    0.1852127     0.0594000     
4.0300000     0.7545268     -0.0024771    0.1840429     0.0590237     
4.0400000     0.7545024     -0.0024459    0.1828805     0.0586498     
4.0500000     0.7544782     -0.0024151    0.1817255     0.0582782     
4.0600000     0.7544544     -0.0023846    0.1805778     0.0579091     
4.0700000     0.7544309     -0.0023545    0.1794373     0.0575422     
4.0800000     0.7544077     -0.0023249    0.1783040     0.0571777     
4.0900000     0.7543847     -0.0022956    0.1771779     0.0568156     
4.1000000     0.7543621     -0.0022666    0.1760589     0.0564557     
4.1100000     0.7543397     -0.0022380    0.1749470     0.0560981     
4.1200000     0.7543177     -0.0022098    0.1738421     0.0557428     
4.1300000     0.7542959     -0.0021820    0.1727442     0.0553897     
4.1400000     0.7542744     -0.0021545    0.1716532     0.0550389     
4.1500000     0.7542531     -0.0021273    0.1705691     0.0546904     
4.1600000     0.7542321     -0.0021005    0.1694919     0.0543440     
4.1700000     0.7542114     -0.0020740    0.1684215     0.0539998     
4.1800000     0.7541910     -0.0020479    0.1673578     0.0536578     
4.1900000     0.7541708     -0.0020221    0.1663008     0.0533180     
4.2000000     0.7541508     -0.0019966    0.1652506     0.0529804     
4.2100000     0.7541311     -0.0019714    0.1642069     0.0526449     
4.2200000     0.7541117     -0.0019466    0.1631699     0.0523115     
4.2300000     0.7540925     -0.0019220    0.1621394     0.0519803     
4.2400000     0.7540736     -0.0018978    0.1611154     0.0516511     
4.2500000     0.7540549     -0.0018739    0.1600979     0.0513241     
4.2600000     0.7540364     -0.0018503    0.1590868     0.0509991     
4.2700000     0.7540181     -0.0018269    0.1580822     0.0506762     
4.2800000     0.7540001     -0.0018039    0.1570838     0.0503553     
4.2900000     0.7539824     -0.0017812    0.1560918     0.0500365     
4.3000000     0.7539648     -0.0017587    0.1551060     0.0497197     
4.3100000     0.7539475     -0.0017366    0.1541265     0.0494049     
4.3200000     0.7539304     -0.0017147    0.1531531     0.0490921     
4.3300000     0.7539135     -0.0016931    0.1521859     0.0487813     
4.3400000     0.7538968     -0.0016717    0.1512248     0.0484725     
4.3500000     0.7538803     -0.0016507    0.1502698     0.0481656     
4.3600000     0.7538640     -0.0016299    0.1493208     0.0478607     
4.3700000     0.7538480     -0.0016093    0.1483778     0.0475577     
4.3800000     0.7538321     -0.0015890    0.1474407     0.0472566     
4.3900000     0.7538164     -0.0015690    0.1465096     0.0469575     
4.4000000     0.7538010     -0.0015492    0.1455844     0.0466602     
4.4100000     0.7537857     -0.0015297    0.1446650     0.0463649     
4.4200000     0.7537707     -0.0015104    0.1437514     0.0460714     
4.4300000     0.7537558     -0.0014914    0.1428435     0.0457797     
4.4400000     0.7537411     -0.0014726    0.1419415     0.0454900     
4.4500000     0.7537266     -0.0014540    0.1410451     0.0452020     
4.4600000     0.7537122     -0.0014357    0.1401543     0.0449159     
4.4700000     0.7536981     -0.0014176    0.1392692     0.0446316     
4.4800000     0.7536841     -0.0013998    0.1383897     0.0443491     
4.4900000     0.7536704     -0.0013821    0.1375158     0.0440684     
4.5000000     0.7536567     -0.0013647    0.1366473     0.0437895     
4.5100000     0.7536433     -0.0013475    0.1357844     0.0435124     
4.5200000     0.7536300     -0.0013305    0.1349269     0.0432370     
4.5300000     0.7536169     -0.0013138    0.1340748     0.0429633     
4.5400000     0.7536040     -0.0012972    0.1332281     0.0426914     
4.5500000     0.7535912     -0.0012809    0.1323867     0.0424212     
4.5600000     0.7535786     -0.0012647    0.1315507     0.0421528     
4.5700000     0.7535661     -0.0012488    0.1307199     0.0418860     
4.5800000     0.7535539     -0.0012331    0.1298944     0.0416209     
4.5900000     0.7535417     -0.0012175    0.1290741     0.0413576     
4.6000000     0.7535297     -0.0012022    0.1282590     0.0410958     
4.6100000     0.7535179     -0.0011870    0.1274490     0.0408358     
4.6200000     0.7535062     -0.0011721    0.1266442     0.0405774     
4.6300000     0.7534947     -0.0011573    0.1258444     0.0403206     
4.6400000     0.7534833     -0.0011427    0.1250496     0.0400655     
4.6500000     0.7534720     -0.0011283    0.1242599     0.0398119     
4.6600000     0.7534609     -0.0011141    0.1234752     0.0395600     
4.6700000     0.7534500     -0.0011001    0.1226955     0.0393097     
4.6800000     0.7534391     -0.0010862    0.1219206     0.0390610     
4.6900000     0.7534284     -0.0010725    0.1211507     0.0388138     
4.7000000     0.7534179     -0.0010590    0.1203856     0.0385682     
4.7100000     0.7534075     -0.0010457    0.1196253     0.0383242     
4.7200000     0.7533972     -0.0010325    0.1188699     0.0380817     
4.7300000     0.7533870     -0.0010195    0.1181192     0.0378408     
4.7400000     0.7533770     -0.0010066    0.1173733     0.0376014     
4.7500000     0.7533671     -0.0009939    0.1166320     0.0373635     
4.7600000     0.7533573     -0.0009814    0.1158955     0.0371271     
4.7700000     0.7533476     -0.0009691    0.1151636     0.0368922     
4.7800000     0.7533381     -0.0009568    0.1144363     0.0366588     
4.7900000     0.7533287     -0.0009448    0.1137136     0.0364268     
4.8000000     0.7533194     -0.0009329    0.1129955     0.0361964     
4.8100000     0.7533102     -0.0009211    0.1122819     0.0359674     
4.8200000     0.7533012     -0.0009095    0.1115729     0.0357399     
4.8300000     0.7532922     -0.0008981    0.1108683     0.0355138     
4.8400000     0.7532834     -0.0008868    0.1101681     0.0352891     
4.8500000     0.7532747     -0.0008756    0.1094724     0.0350658     
4.8600000     0.7532661     -0.0008645    0.1087810     0.0348440     
4.8700000     0.7532576     -0.0008537    0.1080941     0.0346236     
4.8800000     0.7532492     -0.0008429    0.1074114     0.0344046     
4.8900000     0.7532409     -0.0008323    0.1067331     0.0341869     
4.9000000     0.7532327     -0.0008218    0.1060591     0.0339707     
4.9100000     0.7532246     -0.0008114    0.1053893     0.0337558     
4.9200000     0.7532166     -0.0008012    0.1047237     0.0335423     
4.9300000     0.7532088     -0.0007911    0.1040624     0.0333301     
4.9400000     0.7532010     -0.0007812    0.1034052     0.0331193     
4.9500000     0.7531933     -0.0007713    0.1027522     0.0329098     
4.9600000     0.7531857     -0.0007616    0.1021033     0.0327016     
4.9700000     0.7531782     -0.0007520    0.1014585     0.0324948     
4.9800000     0.7531709     -0.0007425    0.1008178     0.0322892     
4.9900000     0.7531636     -0.0007332    0.1001811     0.0320850     
5.0000000     0.7531564     -0.0007239    0.0995484     0.0318821     
5.0100000     0.7531492     -0.0007148    0.0989197     0.0316804     
5.0200000     0.7531422     -0.0007058    0.0982950     0.0314800     
5.0300000     0.7531353     -0.0006969    0.0976743     0.0312809     
5.0400000     0.7531284     -0.0006881    0.0970574     0.0310831     
5.0500000     0.7531217     -0.0006795    0.0964445     0.0308865     
5.0600000     0.7531150     -0.0006709    0.0958354     0.0306911     
5.0700000     0.7531084     -0.0006625    0.0952302     0.0304970     
5.0800000     0.7531019     -0.0006541    0.0946288     0.0303042     
5.0900000     0.7530955     -0.0006459    0.0940312     0.0301125     
5.1000000     0.7530891     -0.0006377    0.0934374     0.0299221     
5.1100000     0.7530829     -0.0006297    0.0928473     0.0297328     
5.1200000     0.7530767     -0.0006218    0.0922609     0.0295448     
5.1300000     0.7530706     -0.0006139    0.0916783     0.0293579     
5.1400000     0.7530646     -0.0006062    0.0910993     0.0291723     
5.1500000     0.7530586     -0.0005986    0.0905240     0.0289878     
5.1600000     0.7530527     -0.0005910    0.0899523     0.0288045     
5.1700000     0.7530469     -0.0005836    0.0893842     0.0286223     
5.1800000     0.7530412     -0.0005762    0.0888197     0.0284413     
5.1900000     0.7530355     -0.0005690    0.0882588     0.0282614     
5.2000000     0.7530300     -0.0005618    0.0877014     0.0280827     
5.2100000     0.7530244     -0.0005547    0.0871476     0.0279051     
5.2200000     0.7530190     -0.0005477    0.0865972     0.0277287     
5.2300000     0.7530136     -0.0005408    0.0860503     0.0275533     
5.2400000     0.7530083     -0.0005340    0.0855069     0.0273791     
5.2500000     0.7530031     -0.0005273    0.0849669     0.0272060     
5.2600000     0.7529979     -0.0005207    0.0844303     0.0270339     
5.2700000     0.7529928     -0.0005141    0.0838971     0.0268630     
5.2800000     0.7529877     -0.0005076    0.0833672     0.0266931     
5.2900000     0.7529828     -0.0005012    0.0828407     0.0265243     
5.3000000     0.7529778     -0.0004949    0.0823176     0.0263566     
5.3100000     0.7529730     -0.0004887    0.0817977     0.0261899     
5.3200000     0.7529682     -0.0004825    0.0812811     0.0260243     
5.3300000     0.7529635     -0.0004764    0.0807678     0.0258598     
5.3400000     0.7529588     -0.0004704    0.0802577     0.0256963     
5.3500000     0.7529542     -0.0004645    0.0797508     0.0255338     
5.3600000     0.7529496     -0.0004587    0.0792472     0.0253723     
5.3700000     0.7529451     -0.0004529    0.0787467     0.0252119     
5.3800000     0.7529407     -0.0004472    0.0782494     0.0250525     
5.3900000     0.7529363     -0.0004415    0.0777552     0.0248941     
5.4000000     0.7529320     -0.0004360    0.0772642     0.0247367     
5.4100000     0.7529277     -0.0004305    0.0767762     0.0245803     
5.4200000     0.7529235     -0.0004251    0.0762913     0.0244249     
5.4300000     0.7529193     -0.0004197    0.0758095     0.0242705     
5.4400000     0.7529152     -0.0004144    0.0753307     0.0241170     
5.4500000     0.7529111     -0.0004092    0.0748550     0.0239645     
5.4600000     0.7529071     -0.0004041    0.0743822     0.0238130     
5.4700000     0.7529032     -0.0003990    0.0739125     0.0236624     
5.4800000     0.7528993     -0.0003939    0.0734457     0.0235128     
5.4900000     0.7528954     -0.0003890    0.0729818     0.0233642     
5.5000000     0.7528916     -0.0003841    0.0725209     0.0232165     
5.5100000     0.7528878     -0.0003792    0.0720629     0.0230697     
5.5200000     0.7528841     -0.0003745    0.0716078     0.0229238     
5.5300000     0.7528805     -0.0003697    0.0711556     0.0227789     
5.5400000     0.7528768     -0.0003651    0.0707062     0.0226349     
5.5500000     0.7528733     -0.0003605    0.0702596     0.0224918     
5.5600000     0.7528697     -0.0003559    0.0698159     0.0223496     
5.5700000     0.7528662     -0.0003515    0.0693750     0.0222083     
5.5800000     0.7528628     -0.0003470    0.0689368     0.0220679     
5.5900000     0.7528594     -0.0003427    0.0685015     0.0219284     
5.6000000     0.7528561     -0.0003383    0.0680688     0.0217898     
5.6100000     0.7528527     -0.0003341    0.0676389     0.0216520     
5.6200000     0.7528495     -0.0003299    0.0672118     0.0215151     
5.6300000     0.7528462     -0.0003257    0.0667873     0.0213791     
5.6400000     0.7528431     -0.0003216    0.0663655     0.0212440     
5.6500000     0.7528399     -0.0003176    0.0659463     0.0211097     
5.6600000     0.7528368     -0.0003136    0.0655298     0.0209762     
5.6700000     0.7528337     -0.0003096    0.0651160     0.0208436     
5.6800000     0.7528307     -0.0003057    0.0647047     0.0207119     
5.6900000     0.7528277     -0.0003019    0.0642961     0.0205809     
5.7000000     0.7528248     -0.0002981    0.0638900     0.0204508     
5.7100000     0.7528218     -0.0002943    0.0634865     0.0203215     
5.7200000     0.7528190     -0.0002906    0.0630855     0.0201931     
5.7300000     0.7528161     -0.0002869    0.0626871     0.0200654     
5.7400000     0.7528133     -0.0002833    0.0622912     0.0199386     
5.7500000     0.7528106     -0.0002798    0.0618978     0.0198126     
5.7600000     0.7528078     -0.0002762    0.0615069     0.0196873     
5.7700000     0.7528051     -0.0002728    0.0611184     0.0195629     
5.7800000     0.7528025     -0.0002693    0.0607324     0.0194392     
5.7900000     0.7527998     -0.0002659    0.0603488     0.0193163     
5.8000000     0.7527972     -0.0002626    0.0599677     0.0191942     
5.8100000     0.7527947     -0.0002593    0.0595889     0.0190729     
5.8200000     0.7527921     -0.0002560    0.0592126     0.0189523     
5.8300000     0.7527896     -0.0002528    0.0588386     0.0188325     
5.8400000     0.7527872     -0.0002496    0.0584670     0.0187135     
5.8500000     0.7527847     -0.0002465    0.0580978     0.0185952     
5.8600000     0.7527823     -0.0002433    0.0577308     0.0184777     
5.8700000     0.7527799     -0.0002403    0.0573662     0.0183609     
5.8800000     0.7527776     -0.0002373    0.0570039     0.0182448     
5.8900000     0.7527753     -0.0002343    0.0566439     0.0181295     
5.9000000     0.7527730     -0.0002313    0.0562861     0.0180149     
5.9100000     0.7527707     -0.0002284    0.0559306     0.0179010     
5.9200000     0.7527685     -0.0002255    0.0555774     0.0177879     
5.9300000     0.7527663     -0.0002227    0.0552264     0.0176754     
5.9400000     0.7527641     -0.0002199    0.0548776     0.0175637     
5.9500000     0.7527620     -0.0002171    0.0545310     0.0174527     
5.9600000     0.7527599     -0.0002144    0.0541866     0.0173424     
5.9700000     0.7527578     -0.0002117    0.0538443     0.0172328     
5.9800000     0.7527557     -0.0002090    0.0535043     0.0171239     
5.9900000     0.7527537     -0.0002064    0.0531663     0.0170156     
6.0000000     0.7527516     -0.0002038    0.0528305     0.0169081     
6.0100000     0.7527497     -0.0002012    0.0524969     0.0168012     
6.0200000     0.7527477     -0.0001987    0.0521653     0.0166950     
6.0300000     0.7527458     -0.0001962    0.0518358     0.0165895     
6.0400000     0.7527438     -0.0001937    0.0515085     0.0164846     
6.0500000     0.7527420     -0.0001913    0.0511831     0.0163805     
6.0600000     0.7527401     -0.0001889    0.0508599     0.0162769     
6.0700000     0.7527383     -0.0001865    0.0505386     0.0161741     
6.0800000     0.7527364     -0.0001841    0.0502194     0.0160718     
6.0900000     0.7527346     -0.0001818    0.0499023     0.0159702     
6.1000000     0.7527329     -0.0001795    0.0495871     0.0158693     
6.1100000     0.7527311     -0.0001773    0.0492739     0.0157690     
6.1200000     0.7527294     -0.0001750    0.0489627     0.0156694     
6.1300000     0.7527277     -0.0001728    0.0486534     0.0155703     
6.1400000     0.7527260     -0.0001706    0.0483462     0.0154719     
6.1500000     0.7527243     -0.0001685    0.0480408     0.0153741     
6.1600000     0.7527227     -0.0001664    0.0477374     0.0152770     
6.1700000     0.7527211     -0.0001643    0.0474359     0.0151804     
6.1800000     0.7527195     -0.0001622    0.0471363     0.0150845     
6.1900000     0.7527179     -0.0001602    0.0468386     0.0149891     
6.2000000     0.7527163     -0.0001581    0.0465427     0.0148944     
6.2100000     0.7527148     -0.0001562    0.0462488     0.0148003     
6.2200000     0.7527133     -0.0001542    0.0459567     0.0147067     
6.2300000     0.7527118     -0.0001522    0.0456664     0.0146138     
6.2400000     0.7527103     -0.0001503    0.0453780     0.0145214     
6.2500000     0.7527088     -0.0001484    0.0450914     0.0144297     
6.2600000     0.7527074     -0.0001466    0.0448066     0.0143385     
6.2700000     0.7527060     -0.0001447    0.0445236     0.0142478     
6.2800000     0.7527046     -0.0001429    0.0442424     0.0141578     
6.2900000     0.7527032     -0.0001411    0.0439629     0.0140683     
6.3000000     0.7527018     -0.0001393    0.0436852     0.0139794     
6.3100000     0.7527005     -0.0001376    0.0434093     0.0138911     
6.3200000     0.7526991     -0.0001358    0.0431352     0.0138033     
6.3300000     0.7526978     -0.0001341    0.0428627     0.0137161     
6.3400000     0.7526965     -0.0001324    0.0425920     0.0136294     
6.3500000     0.7526952     -0.0001308    0.0423230     0.0135432     
6.3600000     0.7526939     -0.0001291    0.0420557     0.0134577     
6.3700000     0.7526927     -0.0001275    0.0417900     0.0133726     
6.3800000     0.7526914     -0.0001259    0.0415261     0.0132881     
6.3900000     0.7526902     -0.0001243    0.0412638     0.0132041     
6.4000000     0.7526890     -0.0001227    0.0410032     0.0131207     
6.4100000     0.7526878     -0.0001212    0.0407442     0.0130378     
6.4200000     0.7526866     -0.0001197    0.0404868     0.0129554     
6.4300000     0.7526855     -0.0001182    0.0402311     0.0128735     
6.4400000     0.7526843     -0.0001167    0.0399770     0.0127921     
6.4500000     0.7526832     -0.0001152    0.0397245     0.0127113     
6.4600000     0.7526821     -0.0001137    0.0394736     0.0126310     
6.4700000     0.7526810     -0.0001123    0.0392243     0.0125512     
6.4800000     0.7526799     -0.0001109    0.0389766     0.0124718     
6.4900000     0.7526788     -0.0001095    0.0387304     0.0123930     
6.5000000     0.7526778     -0.0001081    0.0384857     0.0123147     
6.5100000     0.7526767     -0.0001068    0.0382427     0.0122369     
6.5200000     0.7526757     -0.0001054    0.0380011     0.0121596     
6.5300000     0.7526747     -0.0001041    0.0377611     0.0120827     
6.5400000     0.7526736     -0.0001028    0.0375226     0.0120064     
6.5500000     0.7526727     -0.0001015    0.0372856     0.0119305     
6.5600000     0.7526717     -0.0001002    0.0370501     0.0118551     
6.5700000     0.7526707     -0.0000989    0.0368161     0.0117802     
6.5800000     0.7526697     -0.0000977    0.0365835     0.0117057     
6.5900000     0.7526688     -0.0000965    0.0363525     0.0116318     
6.6000000     0.7526679     -0.0000953    0.0361229     0.0115583     
6.6100000     0.7526669     -0.0000941    0.0358947     0.0114852     
6.6200000     0.7526660     -0.0000929    0.0356680     0.0114127     
6.6300000     0.7526651     -0.0000917    0.0354427     0.0113405     
6.6400000     0.7526642     -0.0000905    0.0352188     0.0112689     
6.6500000     0.7526634     -0.0000894    0.0349964     0.0111977     
6.6600000     0.7526625     -0.0000883    0.0347753     0.0111269     
6.6700000     0.7526616     -0.0000872    0.0345557     0.0110566     
6.6800000     0.7526608     -0.0000861    0.0343374     0.0109867     
6.6900000     0.7526600     -0.0000850    0.0341205     0.0109173     
6.7000000     0.7526591     -0.0000839    0.0339050     0.0108483     
6.7100000     0.7526583     -0.0000829    0.0336909     0.0107798     
6.7200000     0.7526575     -0.0000818    0.0334781     0.0107117     
6.7300000     0.7526567     -0.0000808    0.0332666     0.0106440     
6.7400000     0.7526560     -0.0000798    0.0330565     0.0105767     
6.7500000     0.7526552     -0.0000788    0.0328477     0.0105099     
6.7600000     0.7526544     -0.0000778    0.0326402     0.0104435     
6.7700000     0.7526537     -0.0000768    0.0324341     0.0103775     
6.7800000     0.7526529     -0.0000758    0.0322292     0.0103119     
6.7900000     0.7526522     -0.0000749    0.0320256     0.0102467     
6.8000000     0.7526515     -0.0000739    0.0318233     0.0101820     
6.8100000     0.7526508     -0.0000730    0.0316223     0.0101177     
6.8200000     0.7526501     -0.0000721    0.0314226     0.0100537     
6.8300000     0.7526494     -0.0000712    0.0312241     0.0099902     
6.8400000     0.7526487     -0.0000703    0.0310269     0.0099271     
6.8500000     0.7526480     -0.0000694    0.0308309     0.0098643     
6.8600000     0.7526473     -0.0000685    0.0306362     0.0098020     
6.8700000     0.7526467     -0.0000676    0.0304427     0.0097401     
6.8800000     0.7526460     -0.0000668    0.0302504     0.0096785     
6.8900000     0.7526454     -0.0000660    0.0300593     0.0096174     
6.9000000     0.7526448     -0.0000651    0.0298695     0.0095566     
6.9100000     0.7526441     -0.0000643    0.0296808     0.0094962     
6.9200000     0.7526435     -0.0000635    0.0294933     0.0094362     
6.9300000     0.7526429     -0.0000627    0.0293070     0.0093766     
6.9400000     0.7526423     -0.0000619    0.0291219     0.0093173     
6.9500000     0.7526417     -0.0000611    0.0289380     0.0092585     
6.9600000     0.7526411     -0.0000604    0.0287552     0.0092000     
6.9700000     0.7526405     -0.0000596    0.0285736     0.0091418     
6.9800000     0.7526399     -0.0000588    0.0283931     0.0090841     
6.9900000     0.7526394     -0.0000581    0.0282137     0.0090267     
7.0000000     0.7526388     -0.0000574    0.0280355     0.0089696     
7.0100000     0.7526383     -0.0000566    0.0278584     0.0089130     
7.0200000     0.7526377     -0.0000559    0.0276825     0.0088567     
7.0300000     0.7526372     -0.0000552    0.0275076     0.0088007     
7.0400000     0.7526367     -0.0000545    0.0273339     0.0087451     
7.0500000     0.7526361     -0.0000538    0.0271612     0.0086898     
7.0600000     0.7526356     -0.0000532    0.0269897     0.0086349     
7.0700000     0.7526351     -0.0000525    0.0268192     0.0085804     
7.0800000     0.7526346     -0.0000518    0.0266498     0.0085261     
7.0900000     0.7526341     -0.0000512    0.0264814     0.0084723     
7.1000000     0.7526336     -0.0000505    0.0263142     0.0084187     
7.1100000     0.7526331     -0.0000499    0.0261480     0.0083655     
7.1200000     0.7526327     -0.0000493    0.0259828     0.0083127     
7.1300000     0.7526322     -0.0000487    0.0258187     0.0082602     
7.1400000     0.7526317     -0.0000480    0.0256556     0.0082080     
7.1500000     0.7526313     -0.0000474    0.0254936     0.0081561     
7.1600000     0.7526308     -0.0000468    0.0253325     0.0081046     
7.1700000     0.7526303     -0.0000463    0.0251725     0.0080534     
7.1800000     0.7526299     -0.0000457    0.0250135     0.0080025     
7.1900000     0.7526295     -0.0000451    0.0248555     0.0079519     
7.2000000     0.7526290     -0.0000445    0.0246985     0.0079017     
7.2100000     0.7526286     -0.0000440    0.0245425     0.0078518     
7.2200000     0.7526282     -0.0000434    0.0243875     0.0078022     
7.2300000     0.7526278     -0.0000429    0.0242334     0.0077529     
7.2400000     0.7526274     -0.0000423    0.0240804     0.0077039     
7.2500000     0.7526270     -0.0000418    0.0239283     0.0076552     
7.2600000     0.7526266     -0.0000413    0.0237771     0.0076068     
7.2700000     0.7526262     -0.0000407    0.0236269     0.0075588     
7.2800000     0.7526258     -0.0000402    0.0234777     0.0075110     
7.2900000     0.7526254     -0.0000397    0.0233294     0.0074636     
7.3000000     0.7526250     -0.0000392    0.0231820     0.0074164     
7.3100000     0.7526246     -0.0000387    0.0230356     0.0073695     
7.3200000     0.7526243     -0.0000382    0.0228901     0.0073230     
7.3300000     0.7526239     -0.0000378    0.0227455     0.0072767     
7.3400000     0.7526235     -0.0000373    0.0226018     0.0072307     
7.3500000     0.7526232     -0.0000368    0.0224591     0.0071850     
7.3600000     0.7526228     -0.0000364    0.0223172     0.0071397     
7.3700000     0.7526225     -0.0000359    0.0221763     0.0070945     
7.3800000     0.7526221     -0.0000354    0.0220362     0.0070497     
7.3900000     0.7526218     -0.0000350    0.0218970     0.0070052     
7.4000000     0.7526215     -0.0000346    0.0217587     0.0069609     
7.4100000     0.7526211     -0.0000341    0.0216212     0.0069169     
7.4200000     0.7526208     -0.0000337    0.0214847     0.0068732     
7.4300000     0.7526205     -0.0000333    0.0213490     0.0068298     
7.4400000     0.7526202     -0.0000328    0.0212141     0.0067867     
7.4500000     0.7526199     -0.0000324    0.0210801     0.0067438     
7.4600000     0.7526196     -0.0000320    0.0209469     0.0067012     
7.4700000     0.7526193     -0.0000316    0.0208146     0.0066588     
7.4800000     0.7526190     -0.0000312    0.0206832     0.0066168     
7.4900000     0.7526187     -0.0000308    0.0205525     0.0065750     
7.5000000     0.7526184     -0.0000304    0.0204227     0.0065334     
7.5100000     0.7526181     -0.0000301    0.0202937     0.0064921     
7.5200000     0.7526178     -0.0000297    0.0201655     0.0064511     
7.5300000     0.7526175     -0.0000293    0.0200381     0.0064104     
7.5400000     0.7526172     -0.0000289    0.0199115     0.0063699     
7.5500000     0.7526170     -0.0000286    0.0197858     0.0063296     
7.5600000     0.7526167     -0.0000282    0.0196608     0.0062896     
7.5700000     0.7526164     -0.0000279    0.0195366     0.0062499     
7.5800000     0.7526161     -0.0000275    0.0194132     0.0062104     
7.5900000     0.7526159     -0.0000272    0.0192906     0.0061712     
7.6000000     0.7526156     -0.0000268    0.0191687     0.0061322     
7.6100000     0.7526154     -0.0000265    0.0190476     0.0060934     
7.6200000     0.7526151     -0.0000261    0.0189273     0.0060549     
7.6300000     0.7526149     -0.0000258    0.0188078     0.0060167     
7.6400000     0.7526146     -0.0000255    0.0186890     0.0059787     
7.6500000     0.7526144     -0.0000252    0.0185709     0.0059409     
7.6600000     0.7526142     -0.0000249    0.0184536     0.0059034     
7.6700000     0.7526139     -0.0000245    0.0183371     0.0058661     
7.6800000     0.7526137     -0.0000242    0.0182212     0.0058290     
7.6900000     0.7526135     -0.0000239    0.0181061     0.0057922     
7.7000000     0.7526132     -0.0000236    0.0179918     0.0057556     
7.7100000     0.7526130     -0.0000233    0.0178781     0.0057192     
7.7200000     0.7526128     -0.0000230    0.0177652     0.0056831     
7.7300000     0.7526126     -0.0000227    0.0176530     0.0056472     
7.7400000     0.7526124     -0.0000225    0.0175415     0.0056115     
7.7500000     0.7526121     -0.0000222    0.0174307     0.0055760     
7.7600000     0.7526119     -0.0000219    0.0173205     0.0055408     
7.7700000     0.7526117     -0.0000216    0.0172111     0.0055058     
7.7800000     0.7526115     -0.0000213    0.0171024     0.0054710     
7.7900000     0.7526113     -0.0000211    0.0169944     0.0054365     
7.8000000     0.7526111     -0.0000208    0.0168870     0.0054021     
7.8100000     0.7526109     -0.0000206    0.0167804     0.0053680     
7.8200000     0.7526107     -0.0000203    0.0166744     0.0053341     
7.8300000     0.7526105     -0.0000200    0.0165691     0.0053004     
7.8400000     0.7526104     -0.0000198    0.0164644     0.0052669     
7.8500000     0.7526102     -0.0000195    0.0163604     0.0052336     
7.8600000     0.7526100     -0.0000193    0.0162571     0.0052005     
7.8700000     0.7526098     -0.0000190    0.0161544     0.0051677     
7.8800000     0.7526096     -0.0000188    0.0160523     0.0051350     
7.8900000     0.7526094     -0.0000186    0.0159509     0.0051026     
7.9000000     0.7526093     -0.0000183    0.0158502     0.0050704     
7.9100000     0.7526091     -0.0000181    0.0157500     0.0050383     
7.9200000     0.7526089     -0.0000179    0.0156506     0.0050065     
7.9300000     0.7526088     -0.0000177    0.0155517     0.0049749     
7.9400000     0.7526086     -0.0000174    0.0154535     0.0049434     
7.9500000     0.7526084     -0.0000172    0.0153558     0.0049122     
7.9600000     0.7526083     -0.0000170    0.0152588     0.0048812     
7.9700000     0.7526081     -0.0000168    0.0151625     0.0048503     
7.9800000     0.7526080     -0.0000166    0.0150667     0.0048197     
7.9900000     0.7526078     -0.0000164    0.0149715     0.0047892     
8.0000000     0.7526076     -0.0000162    0.0148769     0.0047590     
8.0100000     0.7526075     -0.0000159    0.0147830     0.0047289     
8.0200000     0.7526073     -0.0000157    0.0146896     0.0046990     
8.0300000     0.7526072     -0.0000156    0.0145968     0.0046694     
8.0400000     0.7526071     -0.0000154    0.0145046     0.0046399     
8.0500000     0.7526069     -0.0000152    0.0144130     0.0046105     
8.0600000     0.7526068     -0.0000150    0.0143219     0.0045814     
8.0700000     0.7526066     -0.0000148    0.0142315     0.0045525     
8.0800000     0.7526065     -0.0000146    0.0141416     0.0045237     
8.0900000     0.7526064     -0.0000144    0.0140522     0.0044951     
8.1000000     0.7526062     -0.0000142    0.0139635     0.0044667     
8.1100000     0.7526061     -0.0000141    0.0138753     0.0044385     
8.1200000     0.7526060     -0.0000139    0.0137876     0.0044105     
8.1300000     0.7526058     -0.0000137    0.0137005     0.0043826     
8.1400000     0.7526057     -0.0000135    0.0136140     0.0043549     
8.1500000     0.7526056     -0.0000134    0.0135280     0.0043274     
8.1600000     0.7526054     -0.0000132    0.0134425     0.0043001     
8.1700000     0.7526053     -0.0000130    0.0133576     0.0042729     
8.1800000     0.7526052     -0.0000129    0.0132733     0.0042459     
8.1900000     0.7526051     -0.0000127    0.0131894     0.0042191     
8.2000000     0.7526050     -0.0000125    0.0131061     0.0041924     
8.2100000     0.7526049     -0.0000124    0.0130233     0.0041660     
8.2200000     0.7526047     -0.0000122    0.0129410     0.0041396     
8.2300000     0.7526046     -0.0000121    0.0128593     0.0041135     
8.2400000     0.7526045     -0.0000119    0.0127781     0.0040875     
8.2500000     0.7526044     -0.0000118    0.0126974     0.0040617     
8.2600000     0.7526043     -0.0000116    0.0126171     0.0040360     
8.2700000     0.7526042     -0.0000115    0.0125374     0.0040105     
8.2800000     0.7526041     -0.0000113    0.0124582     0.0039852     
8.2900000     0.7526040     -0.0000112    0.0123796     0.0039600     
8.3000000     0.7526039     -0.0000110    0.0123014     0.0039350     
8.3100000     0.7526038     -0.0000109    0.0122237     0.0039101     
8.3200000     0.7526037     -0.0000108    0.0121464     0.0038854     
8.3300000     0.7526036     -0.0000106    0.0120697     0.0038609     
8.3400000     0.7526035     -0.0000105    0.0119935     0.0038365     
8.3500000     0.7526034     -0.0000104    0.0119177     0.0038122     
8.3600000     0.7526033     -0.0000102    0.0118424     0.0037882     
8.3700000     0.7526032     -0.0000101    0.0117676     0.0037642     
8.3800000     0.7526031     -0.0000100    0.0116933     0.0037405     
8.3900000     0.7526030     -0.0000099    0.0116194     0.0037168     
8.4000000     0.7526029     -0.0000097    0.0115460     0.0036933     
8.4100000     0.7526028     -0.0000096    0.0114731     0.0036700     
8.4200000     0.7526027     -0.0000095    0.0114006     0.0036468     
8.4300000     0.7526026     -0.0000094    0.0113286     0.0036238     
8.4400000     0.7526026     -0.0000092    0.0112570     0.0036009     
8.4500000     0.7526025     -0.0000091    0.0111859     0.0035781     
8.4600000     0.7526024     -0.0000090    0.0111153     0.0035555     
8.4700000     0.7526023     -0.0000089    0.0110451     0.0035331     
8.4800000     0.7526022     -0.0000088    0.0109753     0.0035108     
8.4900000     0.7526021     -0.0000087    0.0109060     0.0034886     
8.5000000     0.7526021     -0.0000086    0.0108371     0.0034665     
8.5100000     0.7526020     -0.0000085    0.0107686     0.0034446     
8.5200000     0.7526019     -0.0000084    0.0107006     0.0034229     
8.5300000     0.7526018     -0.0000083    0.0106330     0.0034013     
8.5400000     0.7526018     -0.0000081    0.0105658     0.0033798     
8.5500000     0.7526017     -0.0000080    0.0104991     0.0033584     
8.5600000     0.7526016     -0.0000079    0.0104328     0.0033372     
8.5700000     0.7526015     -0.0000078    0.0103669     0.0033161     
8.5800000     0.7526015     -0.0000077    0.0103014     0.0032952     
8.5900000     0.7526014     -0.0000076    0.0102363     0.0032743     
8.6000000     0.7526013     -0.0000076    0.0101717     0.0032537     
8.6100000     0.7526013     -0.0000075    0.0101074     0.0032331     
8.6200000     0.7526012     -0.0000074    0.0100436     0.0032127     
8.6300000     0.7526011     -0.0000073    0.0099801     0.0031924     
8.6400000     0.7526011     -0.0000072    0.0099171     0.0031722     
8.6500000     0.7526010     -0.0000071    0.0098544     0.0031522     
8.6600000     0.7526009     -0.0000070    0.0097922     0.0031323     
8.6700000     0.7526009     -0.0000069    0.0097303     0.0031125     
8.6800000     0.7526008     -0.0000068    0.0096689     0.0030928     
8.6900000     0.7526007     -0.0000067    0.0096078     0.0030733     
8.7000000     0.7526007     -0.0000067    0.0095471     0.0030539     
8.7100000     0.7526006     -0.0000066    0.0094868     0.0030346     
8.7200000     0.7526006     -0.0000065    0.0094269     0.0030154     
8.7300000     0.7526005     -0.0000064    0.0093673     0.0029963     
8.7400000     0.7526004     -0.0000063    0.0093081     0.0029774     
8.7500000     0.7526004     -0.0000062    0.0092493     0.0029586     
8.7600000     0.7526003     -0.0000062    0.0091909     0.0029399     
8.7700000     0.7526003     -0.0000061    0.0091329     0.0029213     
8.7800000     0.7526002     -0.0000060    0.0090752     0.0029029     
8.7900000     0.7526002     -0.0000059    0.0090178     0.0028846     
8.8000000     0.7526001     -0.0000059    0.0089609     0.0028663     
8.8100000     0.7526001     -0.0000058    0.0089043     0.0028482     
8.8200000     0.7526000     -0.0000057    0.0088480     0.0028302     
8.8300000     0.7525999     -0.0000056    0.0087921     0.0028124     
8.8400000     0.7525999     -0.0000056    0.0087366     0.0027946     
8.8500000     0.7525998     -0.0000055    0.0086814     0.0027769     
8.8600000     0.7525998     -0.0000054    0.0086266     0.0027594     
8.8700000     0.7525998     -0.0000054    0.0085721     0.0027420     
8.8800000     0.7525997     -0.0000053    0.0085179     0.0027246     
8.8900000     0.7525997     -0.0000052    0.0084641     0.0027074     
8.9000000     0.7525996     -0.0000052    0.0084106     0.0026903     
8.9100000     0.7525996     -0.0000051    0.0083575     0.0026733     
8.9200000     0.7525995     -0.0000050    0.0083047     0.0026564     
8.9300000     0.7525995     -0.0000050    0.0082523     0.0026397     
8.9400000     0.7525994     -0.0000049    0.0082001     0.0026230     
8.9500000     0.7525994     -0.0000048    0.0081483     0.0026064     
8.9600000     0.7525993     -0.0000048    0.0080969     0.0025899     
8.9700000     0.7525993     -0.0000047    0.0080457     0.0025736     
8.9800000     0.7525993     -0.0000047    0.0079949     0.0025573     
8.9900000     0.7525992     -0.0000046    0.0079444     0.0025412     
9.0000000     0.7525992     -0.0000045    0.0078942     0.0025251     
9.0100000     0.7525991     -0.0000045    0.0078443     0.0025092     
9.0200000     0.7525991     -0.0000044    0.0077948     0.0024933     
9.0300000     0.7525991     -0.0000044    0.0077456     0.0024776     
9.0400000     0.7525990     -0.0000043    0.0076966     0.0024619     
9.0500000     0.7525990     -0.0000043    0.0076480     0.0024464     
9.0600000     0.7525989     -0.0000042    0.0075997     0.0024309     
9.0700000     0.7525989     -0.0000042    0.0075517     0.0024155     
9.0800000     0.7525989     -0.0000041    0.0075040     0.0024003     
9.0900000     0.7525988     -0.0000041    0.0074566     0.0023851     
9.1000000     0.7525988     -0.0000040    0.0074095     0.0023701     
9.1100000     0.7525988     -0.0000040    0.0073627     0.0023551     
9.1200000     0.7525987     -0.0000039    0.0073162     0.0023402     
9.1300000     0.7525987     -0.0000039    0.0072700     0.0023254     
9.1400000     0.7525987     -0.0000038    0.0072240     0.0023107     
9.1500000     0.7525986     -0.0000038    0.0071784     0.0022961     
9.1600000     0.7525986     -0.0000037    0.0071331     0.0022816     
9.1700000     0.7525986     -0.0000037    0.0070880     0.0022672     
9.1800000     0.7525985     -0.0000036    0.0070432     0.0022529     
9.1900000     0.7525985     -0.0000036    0.0069987     0.0022387     
9.2000000     0.7525985     -0.0000035    0.0069545     0.0022245     
9.2100000     0.7525984     -0.0000035    0.0069106     0.0022105     
9.2200000     0.7525984     -0.0000034    0.0068669     0.0021965     
9.2300000     0.7525984     -0.0000034    0.0068236     0.0021826     
9.2400000     0.7525983     -0.0000034    0.0067805     0.0021688     
9.2500000     0.7525983     -0.0000033    0.0067376     0.0021551     
9.2600000     0.7525983     -0.0000033    0.0066951     0.0021415     
9.2700000     0.7525983     -0.0000032    0.0066528     0.0021280     
9.2800000     0.7525982     -0.0000032    0.0066107     0.0021145     
9.2900000     0.7525982     -0.0000031    0.0065690     0.0021012     
9.3000000     0.7525982     -0.0000031    0.0065275     0.0020879     
9.3100000     0.7525981     -0.0000031    0.0064863     0.0020747     
9.3200000     0.7525981     -0.0000030    0.0064453     0.0020616     
9.3300000     0.7525981     -0.0000030    0.0064046     0.0020486     
9.3400000     0.7525981     -0.0000030    0.0063641     0.0020357     
9.3500000     0.7525980     -0.0000029    0.0063239     0.0020228     
9.3600000     0.7525980     -0.0000029    0.0062840     0.0020100     
9.3700000     0.7525980     -0.0000028    0.0062443     0.0019973     
9.3800000     0.7525980     -0.0000028    0.0062048     0.0019847     
9.3900000     0.7525979     -0.0000028    0.0061656     0.0019722     
9.4000000     0.7525979     -0.0000027    0.0061267     0.0019597     
9.4100000     0.7525979     -0.0000027    0.0060880     0.0019473     
9.4200000     0.7525979     -0.0000027    0.0060495     0.0019350     
9.4300000     0.7525978     -0.0000026    0.0060113     0.0019228     
9.4400000     0.7525978     -0.0000026    0.0059733     0.0019107     
9.4500000     0.7525978     -0.0000026    0.0059356     0.0018986     
9.4600000     0.7525978     -0.0000025    0.0058981     0.0018866     
9.4700000     0.7525978     -0.0000025    0.0058608     0.0018747     
9.4800000     0.7525977     -0.0000025    0.0058238     0.0018628     
9.4900000     0.7525977     -0.0000024    0.0057870     0.0018511     
9.5000000     0.7525977     -0.0000024    0.0057505     0.0018394     
9.5100000     0.7525977     -0.0000024    0.0057142     0.0018277     
9.5200000     0.7525977     -0.0000024    0.0056781     0.0018162     
9.5300000     0.7525976     -0.0000023    0.0056422     0.0018047     
9.5400000     0.7525976     -0.0000023    0.0056066     0.0017933     
9.5500000     0.7525976     -0.0000023    0.0055711     0.0017820     
9.5600000     0.7525976     -0.0000022    0.0055359     0.0017707     
9.5700000     0.7525976     -0.0000022    0.0055010     0.0017596     
9.5800000     0.7525975     -0.0000022    0.0054662     0.0017484     
9.5900000     0.7525975     -0.0000022    0.0054317     0.0017374     
9.6000000     0.7525975     -0.0000021    0.0053974     0.0017264     
9.6100000     0.7525975     -0.0000021    0.0053633     0.0017155     
9.6200000     0.7525975     -0.0000021    0.0053294     0.0017047     
9.6300000     0.7525975     -0.0000020    0.0052957     0.0016939     
9.6400000     0.7525974     -0.0000020    0.0052623     0.0016832     
9.6500000     0.7525974     -0.0000020    0.0052290     0.0016726     
9.6600000     0.7525974     -0.0000020    0.0051960     0.0016620     
9.6700000     0.7525974     -0.0000019    0.0051632     0.0016515     
9.6800000     0.7525974     -0.0000019    0.0051306     0.0016411     
9.6900000     0.7525974     -0.0000019    0.0050982     0.0016307     
9.7000000     0.7525973     -0.0000019    0.0050660     0.0016204     
9.7100000     0.7525973     -0.0000018    0.0050340     0.0016102     
9.7200000     0.7525973     -0.0000018    0.0050022     0.0016000     
9.7300000     0.7525973     -0.0000018    0.0049706     0.0015899     
9.7400000     0.7525973     -0.0000018    0.0049392     0.0015798     
9.7500000     0.7525973     -0.0000018    0.0049080     0.0015699     
9.7600000     0.7525972     -0.0000017    0.0048770     0.0015600     
9.7700000     0.7525972     -0.0000017    0.0048462     0.0015501     
9.7800000     0.7525972     -0.0000017    0.0048155     0.0015403     
9.7900000     0.7525972     -0.0000017    0.0047851     0.0015306     
9.8000000     0.7525972     -0.0000016    0.0047549     0.0015209     
9.8100000     0.7525972     -0.0000016    0.0047249     0.0015113     
9.8200000     0.7525972     -0.0000016    0.0046950     0.0015018     
9.8300000     0.7525971     -0.0000016    0.0046654     0.0014923     
9.8400000     0.7525971     -0.0000016    0.0046359     0.0014828     
9.8500000     0.7525971     -0.0000015    0.0046066     0.0014735     
9.8600000     0.7525971     -0.0000015    0.0045775     0.0014642     
9.8700000     0.7525971     -0.0000015    0.0045486     0.0014549     
9.8800000     0.7525971     -0.0000015    0.0045199     0.0014457     
9.8900000     0.7525971     -0.0000015    0.0044913     0.0014366     
9.9000000     0.7525971     -0.0000015    0.0044629     0.0014275     
9.9100000     0.7525971     -0.0000014    0.0044347     0.0014185     
9.9200000     0.7525970     -0.0000014    0.0044067     0.0014095     
9.9300000     0.7525970     -0.0000014    0.0043789     0.0014006     
9.9400000     0.7525970     -0.0000014    0.0043512     0.0013918     
9.9500000     0.7525970     -0.0000014    0.0043237     0.0013830     
9.9600000     0.7525970     -0.0000013    0.0042964     0.0013743     
9.9700000     0.7525970     -0.0000013    0.0042693     0.0013656     
9.9800000     0.7525970     -0.0000013    0.0042423     0.0013569     
9.9900000     0.7525970     -0.0000013    0.0042155     0.0013484     
10.0000000    0.7525970     -0.0000013    0.0041889     0.0013399     
