#   delta = 1.000, g = 0.500, ds = 0.010
#   s             E             dE       ||Gammaod||    ||eta2B||    

0.0000000     1.5000000     -0.1458333    1.4142136     0.4487637     
0.0100000     1.4985479     -0.1445837    1.4021372     0.4487637     
0.0200000     1.4971205     -0.1421322    1.3901700     0.4449741     
0.0300000     1.4957172     -0.1397232    1.3783109     0.4412170     
0.0400000     1.4943377     -0.1373560    1.3665588     0.4374921     
0.0500000     1.4929816     -0.1350297    1.3549125     0.4337992     
0.0600000     1.4916484     -0.1327437    1.3433710     0.4301380     
0.0700000     1.4903378     -0.1304972    1.3319332     0.4265082     
0.0800000     1.4890494     -0.1282895    1.3205980     0.4229095     
0.0900000     1.4877828     -0.1261200    1.3093643     0.4193416     
0.1000000     1.4865376     -0.1239879    1.2982313     0.4158043     
0.1100000     1.4853134     -0.1218925    1.2871977     0.4122973     
0.1200000     1.4841099     -0.1198333    1.2762626     0.4088203     
0.1300000     1.4829268     -0.1178095    1.2654250     0.4053731     
0.1400000     1.4817636     -0.1158205    1.2546840     0.4019554     
0.1500000     1.4806200     -0.1138658    1.2440385     0.3985669     
0.1600000     1.4794958     -0.1119446    1.2334876     0.3952074     
0.1700000     1.4783905     -0.1100565    1.2230304     0.3918766     
0.1800000     1.4773038     -0.1082008    1.2126659     0.3885743     
0.1900000     1.4762355     -0.1063769    1.2023931     0.3853001     
0.2000000     1.4751852     -0.1045843    1.1922113     0.3820540     
0.2100000     1.4741526     -0.1028225    1.1821194     0.3788355     
0.2200000     1.4731373     -0.1010908    1.1721167     0.3756446     
0.2300000     1.4721392     -0.0993887    1.1622021     0.3724808     
0.2400000     1.4711578     -0.0977158    1.1523749     0.3693441     
0.2500000     1.4701930     -0.0960715    1.1426342     0.3662341     
0.2600000     1.4692444     -0.0944553    1.1329791     0.3631506     
0.2700000     1.4683118     -0.0928667    1.1234089     0.3600934     
0.2800000     1.4673948     -0.0913053    1.1139226     0.3570623     
0.2900000     1.4664933     -0.0897704    1.1045196     0.3540570     
0.3000000     1.4656069     -0.0882618    1.0951989     0.3510773     
0.3100000     1.4647354     -0.0867789    1.0859597     0.3481230     
0.3200000     1.4638786     -0.0853213    1.0768014     0.3451938     
0.3300000     1.4630361     -0.0838885    1.0677230     0.3422896     
0.3400000     1.4622078     -0.0824801    1.0587240     0.3394101     
0.3500000     1.4613934     -0.0810957    1.0498033     0.3365551     
0.3600000     1.4605926     -0.0797348    1.0409605     0.3337244     
0.3700000     1.4598053     -0.0783971    1.0321946     0.3309178     
0.3800000     1.4590312     -0.0770821    1.0235050     0.3281350     
0.3900000     1.4582701     -0.0757895    1.0148909     0.3253759     
0.4000000     1.4575217     -0.0745188    1.0063516     0.3226402     
0.4100000     1.4567859     -0.0732696    0.9978865     0.3199278     
0.4200000     1.4560624     -0.0720417    0.9894947     0.3172384     
0.4300000     1.4553511     -0.0708346    0.9811757     0.3145719     
0.4400000     1.4546516     -0.0696480    0.9729287     0.3119280     
0.4500000     1.4539639     -0.0684815    0.9647531     0.3093066     
0.4600000     1.4532877     -0.0673347    0.9566482     0.3067075     
0.4700000     1.4526228     -0.0662074    0.9486133     0.3041304     
0.4800000     1.4519691     -0.0650991    0.9406478     0.3015751     
0.4900000     1.4513262     -0.0640097    0.9327510     0.2990416     
0.5000000     1.4506942     -0.0629386    0.9249223     0.2965295     
0.5100000     1.4500727     -0.0618857    0.9171611     0.2940388     
0.5200000     1.4494616     -0.0608505    0.9094667     0.2915692     
0.5300000     1.4488607     -0.0598329    0.9018386     0.2891205     
0.5400000     1.4482699     -0.0588324    0.8942760     0.2866926     
0.5500000     1.4476890     -0.0578489    0.8867785     0.2842852     
0.5600000     1.4471177     -0.0568819    0.8793453     0.2818983     
0.5700000     1.4465561     -0.0559313    0.8719760     0.2795316     
0.5800000     1.4460038     -0.0549967    0.8646699     0.2771849     
0.5900000     1.4454607     -0.0540779    0.8574264     0.2748582     
0.6000000     1.4449267     -0.0531746    0.8502450     0.2725511     
0.6100000     1.4444016     -0.0522865    0.8431252     0.2702636     
0.6200000     1.4438853     -0.0514134    0.8360662     0.2679954     
0.6300000     1.4433776     -0.0505550    0.8290677     0.2657464     
0.6400000     1.4428784     -0.0497110    0.8221290     0.2635165     
0.6500000     1.4423875     -0.0488813    0.8152496     0.2613054     
0.6600000     1.4419048     -0.0480655    0.8084290     0.2591131     
0.6700000     1.4414302     -0.0472634    0.8016666     0.2569393     
0.6800000     1.4409635     -0.0464749    0.7949619     0.2547838     
0.6900000     1.4405046     -0.0456996    0.7883144     0.2526467     
0.7000000     1.4400533     -0.0449373    0.7817236     0.2505276     
0.7100000     1.4396096     -0.0441879    0.7751889     0.2484264     
0.7200000     1.4391732     -0.0434510    0.7687099     0.2463429     
0.7300000     1.4387441     -0.0427266    0.7622860     0.2442771     
0.7400000     1.4383222     -0.0420143    0.7559168     0.2422288     
0.7500000     1.4379073     -0.0413139    0.7496018     0.2401977     
0.7600000     1.4374994     -0.0406254    0.7433404     0.2381838     
0.7700000     1.4370982     -0.0399484    0.7371323     0.2361869     
0.7800000     1.4367037     -0.0392827    0.7309768     0.2342069     
0.7900000     1.4363158     -0.0386282    0.7248737     0.2322437     
0.8000000     1.4359344     -0.0379847    0.7188223     0.2302970     
0.8100000     1.4355593     -0.0373520    0.7128223     0.2283667     
0.8200000     1.4351904     -0.0367299    0.7068731     0.2264527     
0.8300000     1.4348277     -0.0361183    0.7009744     0.2245549     
0.8400000     1.4344711     -0.0355168    0.6951256     0.2226731     
0.8500000     1.4341203     -0.0349255    0.6893264     0.2208072     
0.8600000     1.4337755     -0.0343441    0.6835763     0.2189571     
0.8700000     1.4334363     -0.0337724    0.6778749     0.2171225     
0.8800000     1.4331028     -0.0332103    0.6722217     0.2153034     
0.8900000     1.4327749     -0.0326575    0.6666163     0.2134997     
0.9000000     1.4324524     -0.0321141    0.6610583     0.2117112     
0.9100000     1.4321352     -0.0315797    0.6555472     0.2099378     
0.9200000     1.4318234     -0.0310543    0.6500827     0.2081793     
0.9300000     1.4315167     -0.0305377    0.6446644     0.2064357     
0.9400000     1.4312152     -0.0300297    0.6392918     0.2047067     
0.9500000     1.4309186     -0.0295302    0.6339646     0.2029923     
0.9600000     1.4306270     -0.0290391    0.6286823     0.2012924     
0.9700000     1.4303403     -0.0285562    0.6234446     0.1996068     
0.9800000     1.4300583     -0.0280813    0.6182510     0.1979354     
0.9900000     1.4297810     -0.0276144    0.6131012     0.1962781     
1.0000000     1.4295083     -0.0271553    0.6079948     0.1946348     
1.0100000     1.4292401     -0.0267039    0.6029314     0.1930053     
1.0200000     1.4289764     -0.0262600    0.5979107     0.1913895     
1.0300000     1.4287171     -0.0258235    0.5929322     0.1897874     
1.0400000     1.4284621     -0.0253943    0.5879957     0.1881987     
1.0500000     1.4282113     -0.0249723    0.5831007     0.1866234     
1.0600000     1.4279647     -0.0245573    0.5782468     0.1850614     
1.0700000     1.4277222     -0.0241493    0.5734338     0.1835125     
1.0800000     1.4274838     -0.0237480    0.5686613     0.1819767     
1.0900000     1.4272492     -0.0233535    0.5639288     0.1804538     
1.1000000     1.4270186     -0.0229655    0.5592362     0.1789437     
1.1100000     1.4267918     -0.0225840    0.5545829     0.1774463     
1.1200000     1.4265688     -0.0222089    0.5499688     0.1759615     
1.1300000     1.4263495     -0.0218400    0.5453934     0.1744892     
1.1400000     1.4261338     -0.0214773    0.5408564     0.1730293     
1.1500000     1.4259218     -0.0211207    0.5363575     0.1715817     
1.1600000     1.4257132     -0.0207699    0.5318964     0.1701463     
1.1700000     1.4255081     -0.0204251    0.5274726     0.1687229     
1.1800000     1.4253064     -0.0200859    0.5230860     0.1673115     
1.1900000     1.4251080     -0.0197525    0.5187362     0.1659120     
1.2000000     1.4249130     -0.0194246    0.5144228     0.1645242     
1.2100000     1.4247212     -0.0191021    0.5101456     0.1631482     
1.2200000     1.4245325     -0.0187850    0.5059043     0.1617836     
1.2300000     1.4243470     -0.0184732    0.5016985     0.1604306     
1.2400000     1.4241646     -0.0181666    0.4975279     0.1590889     
1.2500000     1.4239852     -0.0178651    0.4933922     0.1577585     
1.2600000     1.4238088     -0.0175686    0.4892912     0.1564393     
1.2700000     1.4236353     -0.0172771    0.4852245     0.1551312     
1.2800000     1.4234647     -0.0169904    0.4811919     0.1538341     
1.2900000     1.4232969     -0.0167085    0.4771930     0.1525478     
1.3000000     1.4231319     -0.0164313    0.4732275     0.1512724     
1.3100000     1.4229697     -0.0161587    0.4692953     0.1500077     
1.3200000     1.4228101     -0.0158906    0.4653959     0.1487536     
1.3300000     1.4226532     -0.0156270    0.4615292     0.1475100     
1.3400000     1.4224989     -0.0153678    0.4576947     0.1462769     
1.3500000     1.4223471     -0.0151129    0.4538924     0.1450542     
1.3600000     1.4221979     -0.0148622    0.4501218     0.1438417     
1.3700000     1.4220511     -0.0146157    0.4463827     0.1426394     
1.3800000     1.4219068     -0.0143733    0.4426749     0.1414472     
1.3900000     1.4217648     -0.0141349    0.4389981     0.1402650     
1.4000000     1.4216253     -0.0139005    0.4353519     0.1390927     
1.4100000     1.4214880     -0.0136700    0.4317363     0.1379303     
1.4200000     1.4213530     -0.0134434    0.4281508     0.1367776     
1.4300000     1.4212203     -0.0132205    0.4245953     0.1356346     
1.4400000     1.4210897     -0.0130013    0.4210694     0.1345012     
1.4500000     1.4209613     -0.0127857    0.4175730     0.1333774     
1.4600000     1.4208351     -0.0125737    0.4141058     0.1322629     
1.4700000     1.4207109     -0.0123653    0.4106675     0.1311578     
1.4800000     1.4205888     -0.0121603    0.4072579     0.1300620     
1.4900000     1.4204687     -0.0119587    0.4038767     0.1289753     
1.5000000     1.4203506     -0.0117605    0.4005237     0.1278978     
1.5100000     1.4202345     -0.0115656    0.3971988     0.1268293     
1.5200000     1.4201203     -0.0113739    0.3939015     0.1257698     
1.5300000     1.4200080     -0.0111853    0.3906317     0.1247192     
1.5400000     1.4198975     -0.0110000    0.3873892     0.1236773     
1.5500000     1.4197889     -0.0108177    0.3841738     0.1226443     
1.5600000     1.4196821     -0.0106384    0.3809851     0.1216198     
1.5700000     1.4195770     -0.0104621    0.3778230     0.1206040     
1.5800000     1.4194737     -0.0102887    0.3746873     0.1195967     
1.5900000     1.4193721     -0.0101182    0.3715777     0.1185978     
1.6000000     1.4192722     -0.0099506    0.3684940     0.1176073     
1.6100000     1.4191739     -0.0097857    0.3654360     0.1166252     
1.6200000     1.4190773     -0.0096236    0.3624035     0.1156512     
1.6300000     1.4189823     -0.0094641    0.3593962     0.1146854     
1.6400000     1.4188888     -0.0093073    0.3564140     0.1137277     
1.6500000     1.4187969     -0.0091531    0.3534566     0.1127781     
1.6600000     1.4187065     -0.0090015    0.3505239     0.1118364     
1.6700000     1.4186177     -0.0088524    0.3476155     0.1109026     
1.6800000     1.4185302     -0.0087057    0.3447314     0.1099766     
1.6900000     1.4184443     -0.0085615    0.3418713     0.1090583     
1.7000000     1.4183597     -0.0084197    0.3390350     0.1081478     
1.7100000     1.4182766     -0.0082802    0.3362223     0.1072449     
1.7200000     1.4181948     -0.0081431    0.3334330     0.1063496     
1.7300000     1.4181144     -0.0080082    0.3306669     0.1054617     
1.7400000     1.4180354     -0.0078756    0.3279239     0.1045813     
1.7500000     1.4179576     -0.0077451    0.3252036     0.1037083     
1.7600000     1.4178811     -0.0076169    0.3225060     0.1028426     
1.7700000     1.4178059     -0.0074907    0.3198309     0.1019841     
1.7800000     1.4177319     -0.0073667    0.3171780     0.1011329     
1.7900000     1.4176592     -0.0072447    0.3145471     0.1002887     
1.8000000     1.4175877     -0.0071247    0.3119381     0.0994516     
1.8100000     1.4175173     -0.0070067    0.3093509     0.0986216     
1.8200000     1.4174481     -0.0068907    0.3067851     0.0977985     
1.8300000     1.4173801     -0.0067766    0.3042407     0.0969822     
1.8400000     1.4173132     -0.0066644    0.3017174     0.0961729     
1.8500000     1.4172474     -0.0065540    0.2992152     0.0953703     
1.8600000     1.4171826     -0.0064455    0.2967337     0.0945744     
1.8700000     1.4171190     -0.0063388    0.2942728     0.0937851     
1.8800000     1.4170564     -0.0062338    0.2918324     0.0930025     
1.8900000     1.4169949     -0.0061306    0.2894123     0.0922265     
1.9000000     1.4169343     -0.0060291    0.2870123     0.0914569     
1.9100000     1.4168748     -0.0059293    0.2846323     0.0906938     
1.9200000     1.4168162     -0.0058312    0.2822720     0.0899370     
1.9300000     1.4167587     -0.0057346    0.2799313     0.0891866     
1.9400000     1.4167020     -0.0056397    0.2776101     0.0884425     
1.9500000     1.4166464     -0.0055463    0.2753082     0.0877046     
1.9600000     1.4165916     -0.0054545    0.2730254     0.0869729     
1.9700000     1.4165377     -0.0053642    0.2707615     0.0862473     
1.9800000     1.4164848     -0.0052754    0.2685165     0.0855277     
1.9900000     1.4164327     -0.0051881    0.2662901     0.0848142     
2.0000000     1.4163815     -0.0051022    0.2640822     0.0841067     
2.0100000     1.4163311     -0.0050178    0.2618927     0.0834050     
2.0200000     1.4162815     -0.0049347    0.2597213     0.0827093     
2.0300000     1.4162328     -0.0048530    0.2575680     0.0820194     
2.0400000     1.4161849     -0.0047727    0.2554325     0.0813352     
2.0500000     1.4161378     -0.0046937    0.2533148     0.0806568     
2.0600000     1.4160914     -0.0046160    0.2512147     0.0799840     
2.0700000     1.4160458     -0.0045396    0.2491320     0.0793169     
2.0800000     1.4160010     -0.0044645    0.2470666     0.0786553     
2.0900000     1.4159569     -0.0043906    0.2450183     0.0779993     
2.1000000     1.4159136     -0.0043180    0.2429871     0.0773488     
2.1100000     1.4158710     -0.0042465    0.2409727     0.0767037     
2.1200000     1.4158290     -0.0041762    0.2389750     0.0760640     
2.1300000     1.4157878     -0.0041071    0.2369939     0.0754296     
2.1400000     1.4157472     -0.0040391    0.2350293     0.0748006     
2.1500000     1.4157074     -0.0039723    0.2330810     0.0741768     
2.1600000     1.4156681     -0.0039066    0.2311488     0.0735582     
2.1700000     1.4156296     -0.0038419    0.2292327     0.0729448     
2.1800000     1.4155916     -0.0037784    0.2273325     0.0723365     
2.1900000     1.4155543     -0.0037158    0.2254480     0.0717333     
2.2000000     1.4155176     -0.0036543    0.2235792     0.0711352     
2.2100000     1.4154816     -0.0035939    0.2217259     0.0705421     
2.2200000     1.4154461     -0.0035344    0.2198880     0.0699539     
2.2300000     1.4154112     -0.0034759    0.2180653     0.0693706     
2.2400000     1.4153769     -0.0034184    0.2162578     0.0687922     
2.2500000     1.4153431     -0.0033619    0.2144653     0.0682186     
2.2600000     1.4153099     -0.0033062    0.2126876     0.0676499     
2.2700000     1.4152773     -0.0032515    0.2109247     0.0670859     
2.2800000     1.4152452     -0.0031977    0.2091764     0.0665266     
2.2900000     1.4152136     -0.0031448    0.2074426     0.0659719     
2.3000000     1.4151826     -0.0030928    0.2057232     0.0654220     
2.3100000     1.4151520     -0.0030416    0.2040180     0.0648766     
2.3200000     1.4151220     -0.0029913    0.2023270     0.0643357     
2.3300000     1.4150925     -0.0029418    0.2006500     0.0637994     
2.3400000     1.4150634     -0.0028931    0.1989870     0.0632676     
2.3500000     1.4150349     -0.0028453    0.1973377     0.0627402     
2.3600000     1.4150068     -0.0027982    0.1957021     0.0622172     
2.3700000     1.4149792     -0.0027519    0.1940801     0.0616986     
2.3800000     1.4149520     -0.0027064    0.1924715     0.0611843     
2.3900000     1.4149253     -0.0026616    0.1908763     0.0606743     
2.4000000     1.4148990     -0.0026176    0.1892943     0.0601686     
2.4100000     1.4148731     -0.0025743    0.1877254     0.0596671     
2.4200000     1.4148477     -0.0025317    0.1861696     0.0591698     
2.4300000     1.4148227     -0.0024898    0.1846266     0.0586766     
2.4400000     1.4147982     -0.0024486    0.1830964     0.0581876     
2.4500000     1.4147740     -0.0024081    0.1815789     0.0577026     
2.4600000     1.4147502     -0.0023683    0.1800741     0.0572217     
2.4700000     1.4147268     -0.0023291    0.1785816     0.0567448     
2.4800000     1.4147038     -0.0022906    0.1771016     0.0562719     
2.4900000     1.4146812     -0.0022527    0.1756338     0.0558030     
2.5000000     1.4146590     -0.0022154    0.1741782     0.0553380     
2.5100000     1.4146371     -0.0021788    0.1727347     0.0548768     
2.5200000     1.4146156     -0.0021428    0.1713032     0.0544195     
2.5300000     1.4145945     -0.0021073    0.1698835     0.0539660     
2.5400000     1.4145737     -0.0020725    0.1684755     0.0535163     
2.5500000     1.4145532     -0.0020382    0.1670793     0.0530704     
2.5600000     1.4145331     -0.0020045    0.1656946     0.0526282     
2.5700000     1.4145133     -0.0019713    0.1643214     0.0521896     
2.5800000     1.4144938     -0.0019387    0.1629596     0.0517548     
2.5900000     1.4144747     -0.0019066    0.1616091     0.0513235     
2.6000000     1.4144559     -0.0018751    0.1602698     0.0508959     
2.6100000     1.4144374     -0.0018441    0.1589416     0.0504718     
2.6200000     1.4144192     -0.0018136    0.1576244     0.0500513     
2.6300000     1.4144013     -0.0017836    0.1563181     0.0496343     
2.6400000     1.4143836     -0.0017541    0.1550227     0.0492208     
2.6500000     1.4143663     -0.0017251    0.1537379     0.0488107     
2.6600000     1.4143493     -0.0016966    0.1524639     0.0484040     
2.6700000     1.4143326     -0.0016685    0.1512004     0.0480008     
2.6800000     1.4143161     -0.0016409    0.1499473     0.0476009     
2.6900000     1.4142999     -0.0016138    0.1487047     0.0472043     
2.7000000     1.4142840     -0.0015871    0.1474724     0.0468111     
2.7100000     1.4142683     -0.0015608    0.1462502     0.0464211     
2.7200000     1.4142529     -0.0015350    0.1450382     0.0460344     
2.7300000     1.4142377     -0.0015096    0.1438363     0.0456509     
2.7400000     1.4142228     -0.0014847    0.1426443     0.0452706     
2.7500000     1.4142082     -0.0014601    0.1414622     0.0448935     
2.7600000     1.4141938     -0.0014360    0.1402899     0.0445196     
2.7700000     1.4141796     -0.0014122    0.1391273     0.0441487     
2.7800000     1.4141657     -0.0013889    0.1379743     0.0437810     
2.7900000     1.4141519     -0.0013659    0.1368309     0.0434163     
2.8000000     1.4141385     -0.0013433    0.1356970     0.0430547     
2.8100000     1.4141252     -0.0013211    0.1345725     0.0426960     
2.8200000     1.4141122     -0.0012992    0.1334572     0.0423404     
2.8300000     1.4140993     -0.0012778    0.1323513     0.0419878     
2.8400000     1.4140867     -0.0012566    0.1312545     0.0416380     
2.8500000     1.4140743     -0.0012359    0.1301668     0.0412912     
2.8600000     1.4140621     -0.0012154    0.1290881     0.0409473     
2.8700000     1.4140501     -0.0011953    0.1280183     0.0406063     
2.8800000     1.4140383     -0.0011756    0.1269574     0.0402681     
2.8900000     1.4140267     -0.0011561    0.1259053     0.0399328     
2.9000000     1.4140153     -0.0011370    0.1248619     0.0396002     
2.9100000     1.4140041     -0.0011182    0.1238272     0.0392704     
2.9200000     1.4139931     -0.0010997    0.1228011     0.0389433     
2.9300000     1.4139822     -0.0010815    0.1217834     0.0386190     
2.9400000     1.4139715     -0.0010636    0.1207742     0.0382974     
2.9500000     1.4139610     -0.0010460    0.1197733     0.0379785     
2.9600000     1.4139507     -0.0010287    0.1187808     0.0376622     
2.9700000     1.4139406     -0.0010117    0.1177964     0.0373486     
2.9800000     1.4139306     -0.0009950    0.1168202     0.0370376     
2.9900000     1.4139208     -0.0009786    0.1158521     0.0367292     
3.0000000     1.4139111     -0.0009624    0.1148921     0.0364233     
3.0100000     1.4139016     -0.0009465    0.1139400     0.0361200     
3.0200000     1.4138923     -0.0009308    0.1129957     0.0358192     
3.0300000     1.4138831     -0.0009154    0.1120593     0.0355210     
3.0400000     1.4138741     -0.0009003    0.1111307     0.0352252     
3.0500000     1.4138652     -0.0008854    0.1102098     0.0349319     
3.0600000     1.4138564     -0.0008708    0.1092964     0.0346411     
3.0700000     1.4138478     -0.0008564    0.1083907     0.0343526     
3.0800000     1.4138394     -0.0008422    0.1074925     0.0340666     
3.0900000     1.4138311     -0.0008283    0.1066017     0.0337830     
3.1000000     1.4138229     -0.0008146    0.1057182     0.0335017     
3.1100000     1.4138149     -0.0008011    0.1048422     0.0332227     
3.1200000     1.4138070     -0.0007879    0.1039733     0.0329461     
3.1300000     1.4137992     -0.0007748    0.1031117     0.0326718     
3.1400000     1.4137915     -0.0007620    0.1022572     0.0323998     
3.1500000     1.4137840     -0.0007494    0.1014098     0.0321301     
3.1600000     1.4137766     -0.0007370    0.1005694     0.0318626     
3.1700000     1.4137694     -0.0007249    0.0997359     0.0315973     
3.1800000     1.4137622     -0.0007129    0.0989094     0.0313343     
3.1900000     1.4137552     -0.0007011    0.0980897     0.0310734     
3.2000000     1.4137483     -0.0006895    0.0972769     0.0308147     
3.2100000     1.4137415     -0.0006781    0.0964707     0.0305582     
3.2200000     1.4137348     -0.0006669    0.0956712     0.0303038     
3.2300000     1.4137282     -0.0006559    0.0948784     0.0300515     
3.2400000     1.4137217     -0.0006450    0.0940921     0.0298014     
3.2500000     1.4137153     -0.0006343    0.0933124     0.0295533     
3.2600000     1.4137091     -0.0006239    0.0925391     0.0293073     
3.2700000     1.4137029     -0.0006135    0.0917722     0.0290633     
3.2800000     1.4136969     -0.0006034    0.0910116     0.0288214     
3.2900000     1.4136909     -0.0005934    0.0902574     0.0285815     
3.3000000     1.4136851     -0.0005836    0.0895094     0.0283436     
3.3100000     1.4136793     -0.0005740    0.0887676     0.0281077     
3.3200000     1.4136737     -0.0005645    0.0880320     0.0278737     
3.3300000     1.4136681     -0.0005551    0.0873024     0.0276417     
3.3400000     1.4136626     -0.0005460    0.0865789     0.0274116     
3.3500000     1.4136572     -0.0005369    0.0858614     0.0271834     
3.3600000     1.4136519     -0.0005281    0.0851498     0.0269572     
3.3700000     1.4136467     -0.0005193    0.0844442     0.0267328     
3.3800000     1.4136416     -0.0005107    0.0837443     0.0265103     
3.3900000     1.4136366     -0.0005023    0.0830503     0.0262897     
3.4000000     1.4136316     -0.0004940    0.0823621     0.0260709     
3.4100000     1.4136267     -0.0004858    0.0816795     0.0258539     
3.4200000     1.4136219     -0.0004778    0.0810026     0.0256387     
3.4300000     1.4136172     -0.0004699    0.0803313     0.0254253     
3.4400000     1.4136126     -0.0004621    0.0796655     0.0252137     
3.4500000     1.4136080     -0.0004545    0.0790053     0.0250039     
3.4600000     1.4136035     -0.0004470    0.0783505     0.0247958     
3.4700000     1.4135991     -0.0004396    0.0777012     0.0245894     
3.4800000     1.4135948     -0.0004323    0.0770572     0.0243848     
3.4900000     1.4135905     -0.0004252    0.0764186     0.0241818     
3.5000000     1.4135863     -0.0004181    0.0757853     0.0239806     
3.5100000     1.4135822     -0.0004112    0.0751572     0.0237810     
3.5200000     1.4135782     -0.0004044    0.0745344     0.0235831     
3.5300000     1.4135742     -0.0003977    0.0739166     0.0233869     
3.5400000     1.4135703     -0.0003912    0.0733040     0.0231922     
3.5500000     1.4135664     -0.0003847    0.0726965     0.0229992     
3.5600000     1.4135626     -0.0003783    0.0720940     0.0228079     
3.5700000     1.4135589     -0.0003721    0.0714965     0.0226181     
3.5800000     1.4135552     -0.0003659    0.0709040     0.0224298     
3.5900000     1.4135516     -0.0003599    0.0703164     0.0222432     
3.6000000     1.4135480     -0.0003539    0.0697336     0.0220581     
3.6100000     1.4135446     -0.0003481    0.0691557     0.0218746     
3.6200000     1.4135411     -0.0003423    0.0685825     0.0216925     
3.6300000     1.4135377     -0.0003367    0.0680141     0.0215120     
3.6400000     1.4135344     -0.0003311    0.0674504     0.0213330     
3.6500000     1.4135312     -0.0003256    0.0668914     0.0211555     
3.6600000     1.4135279     -0.0003202    0.0663370     0.0209795     
3.6700000     1.4135248     -0.0003150    0.0657872     0.0208049     
3.6800000     1.4135217     -0.0003097    0.0652420     0.0206318     
3.6900000     1.4135186     -0.0003046    0.0647013     0.0204602     
3.7000000     1.4135156     -0.0002996    0.0641650     0.0202899     
3.7100000     1.4135127     -0.0002946    0.0636332     0.0201211     
3.7200000     1.4135098     -0.0002898    0.0631058     0.0199537     
3.7300000     1.4135069     -0.0002850    0.0625828     0.0197877     
3.7400000     1.4135041     -0.0002803    0.0620641     0.0196230     
3.7500000     1.4135013     -0.0002756    0.0615497     0.0194598     
3.7600000     1.4134986     -0.0002711    0.0610396     0.0192979     
3.7700000     1.4134959     -0.0002666    0.0605337     0.0191373     
3.7800000     1.4134933     -0.0002622    0.0600320     0.0189781     
3.7900000     1.4134907     -0.0002579    0.0595344     0.0188202     
3.8000000     1.4134882     -0.0002536    0.0590410     0.0186636     
3.8100000     1.4134857     -0.0002494    0.0585517     0.0185084     
3.8200000     1.4134832     -0.0002453    0.0580664     0.0183544     
3.8300000     1.4134808     -0.0002412    0.0575851     0.0182017     
3.8400000     1.4134784     -0.0002372    0.0571078     0.0180503     
3.8500000     1.4134761     -0.0002333    0.0566345     0.0179001     
3.8600000     1.4134738     -0.0002295    0.0561651     0.0177512     
3.8700000     1.4134715     -0.0002257    0.0556996     0.0176035     
3.8800000     1.4134693     -0.0002219    0.0552379     0.0174571     
3.8900000     1.4134671     -0.0002183    0.0547801     0.0173118     
3.9000000     1.4134650     -0.0002147    0.0543261     0.0171678     
3.9100000     1.4134629     -0.0002111    0.0538758     0.0170250     
3.9200000     1.4134608     -0.0002076    0.0534293     0.0168834     
3.9300000     1.4134587     -0.0002042    0.0529864     0.0167429     
3.9400000     1.4134567     -0.0002008    0.0525472     0.0166037     
3.9500000     1.4134547     -0.0001975    0.0521117     0.0164655     
3.9600000     1.4134528     -0.0001942    0.0516798     0.0163286     
3.9700000     1.4134509     -0.0001910    0.0512514     0.0161927     
3.9800000     1.4134490     -0.0001879    0.0508266     0.0160580     
3.9900000     1.4134471     -0.0001848    0.0504053     0.0159245     
4.0000000     1.4134453     -0.0001817    0.0499876     0.0157920     
4.0100000     1.4134435     -0.0001787    0.0495732     0.0156607     
4.0200000     1.4134418     -0.0001757    0.0491623     0.0155304     
4.0300000     1.4134400     -0.0001728    0.0487548     0.0154012     
4.0400000     1.4134383     -0.0001700    0.0483507     0.0152731     
4.0500000     1.4134367     -0.0001672    0.0479500     0.0151461     
4.0600000     1.4134350     -0.0001644    0.0475525     0.0150201     
4.0700000     1.4134334     -0.0001617    0.0471584     0.0148951     
4.0800000     1.4134318     -0.0001590    0.0467675     0.0147713     
4.0900000     1.4134302     -0.0001564    0.0463798     0.0146484     
4.1000000     1.4134287     -0.0001538    0.0459954     0.0145266     
4.1100000     1.4134272     -0.0001513    0.0456142     0.0144057     
4.1200000     1.4134257     -0.0001488    0.0452361     0.0142859     
4.1300000     1.4134242     -0.0001463    0.0448611     0.0141671     
4.1400000     1.4134228     -0.0001439    0.0444893     0.0140493     
4.1500000     1.4134214     -0.0001415    0.0441205     0.0139324     
4.1600000     1.4134200     -0.0001392    0.0437548     0.0138165     
4.1700000     1.4134186     -0.0001369    0.0433921     0.0137016     
4.1800000     1.4134173     -0.0001346    0.0430324     0.0135877     
4.1900000     1.4134159     -0.0001324    0.0426757     0.0134747     
4.2000000     1.4134146     -0.0001302    0.0423220     0.0133626     
4.2100000     1.4134133     -0.0001280    0.0419712     0.0132515     
4.2200000     1.4134121     -0.0001259    0.0416233     0.0131413     
4.2300000     1.4134108     -0.0001238    0.0412783     0.0130320     
4.2400000     1.4134096     -0.0001218    0.0409361     0.0129236     
4.2500000     1.4134084     -0.0001198    0.0405968     0.0128161     
4.2600000     1.4134072     -0.0001178    0.0402603     0.0127095     
4.2700000     1.4134061     -0.0001159    0.0399266     0.0126038     
4.2800000     1.4134049     -0.0001139    0.0395956     0.0124990     
4.2900000     1.4134038     -0.0001121    0.0392674     0.0123951     
4.3000000     1.4134027     -0.0001102    0.0389419     0.0122920     
4.3100000     1.4134016     -0.0001084    0.0386191     0.0121898     
4.3200000     1.4134006     -0.0001066    0.0382990     0.0120884     
4.3300000     1.4133995     -0.0001048    0.0379815     0.0119879     
4.3400000     1.4133985     -0.0001031    0.0376666     0.0118882     
4.3500000     1.4133975     -0.0001014    0.0373544     0.0117893     
4.3600000     1.4133965     -0.0000997    0.0370448     0.0116913     
4.3700000     1.4133955     -0.0000981    0.0367377     0.0115941     
4.3800000     1.4133945     -0.0000964    0.0364332     0.0114977     
4.3900000     1.4133936     -0.0000949    0.0361311     0.0114020     
4.4000000     1.4133926     -0.0000933    0.0358316     0.0113072     
4.4100000     1.4133917     -0.0000917    0.0355346     0.0112132     
4.4200000     1.4133908     -0.0000902    0.0352400     0.0111200     
4.4300000     1.4133899     -0.0000887    0.0349479     0.0110275     
4.4400000     1.4133891     -0.0000873    0.0346582     0.0109358     
4.4500000     1.4133882     -0.0000858    0.0343709     0.0108449     
4.4600000     1.4133874     -0.0000844    0.0340860     0.0107547     
4.4700000     1.4133865     -0.0000830    0.0338034     0.0106653     
4.4800000     1.4133857     -0.0000816    0.0335232     0.0105766     
4.4900000     1.4133849     -0.0000803    0.0332453     0.0104886     
4.5000000     1.4133841     -0.0000790    0.0329697     0.0104014     
4.5100000     1.4133833     -0.0000777    0.0326964     0.0103149     
4.5200000     1.4133826     -0.0000764    0.0324254     0.0102292     
4.5300000     1.4133818     -0.0000751    0.0321566     0.0101441     
4.5400000     1.4133811     -0.0000739    0.0318900     0.0100598     
4.5500000     1.4133804     -0.0000726    0.0316256     0.0099761     
4.5600000     1.4133796     -0.0000714    0.0313635     0.0098932     
4.5700000     1.4133789     -0.0000703    0.0311035     0.0098109     
4.5800000     1.4133783     -0.0000691    0.0308456     0.0097294     
4.5900000     1.4133776     -0.0000680    0.0305899     0.0096485     
4.6000000     1.4133769     -0.0000668    0.0303363     0.0095682     
4.6100000     1.4133762     -0.0000657    0.0300849     0.0094887     
4.6200000     1.4133756     -0.0000646    0.0298355     0.0094098     
4.6300000     1.4133750     -0.0000636    0.0295881     0.0093316     
4.6400000     1.4133743     -0.0000625    0.0293428     0.0092540     
4.6500000     1.4133737     -0.0000615    0.0290996     0.0091770     
4.6600000     1.4133731     -0.0000605    0.0288583     0.0091007     
4.6700000     1.4133725     -0.0000595    0.0286191     0.0090251     
4.6800000     1.4133719     -0.0000585    0.0283819     0.0089500     
4.6900000     1.4133714     -0.0000575    0.0281466     0.0088756     
4.7000000     1.4133708     -0.0000566    0.0279132     0.0088018     
4.7100000     1.4133702     -0.0000556    0.0276818     0.0087287     
4.7200000     1.4133697     -0.0000547    0.0274523     0.0086561     
4.7300000     1.4133692     -0.0000538    0.0272247     0.0085841     
4.7400000     1.4133686     -0.0000529    0.0269990     0.0085128     
4.7500000     1.4133681     -0.0000521    0.0267752     0.0084420     
4.7600000     1.4133676     -0.0000512    0.0265532     0.0083718     
4.7700000     1.4133671     -0.0000503    0.0263331     0.0083022     
4.7800000     1.4133666     -0.0000495    0.0261148     0.0082332     
4.7900000     1.4133661     -0.0000487    0.0258983     0.0081648     
4.8000000     1.4133656     -0.0000479    0.0256836     0.0080969     
4.8100000     1.4133652     -0.0000471    0.0254707     0.0080296     
4.8200000     1.4133647     -0.0000463    0.0252595     0.0079628     
4.8300000     1.4133642     -0.0000456    0.0250501     0.0078966     
4.8400000     1.4133638     -0.0000448    0.0248424     0.0078310     
4.8500000     1.4133634     -0.0000441    0.0246365     0.0077659     
4.8600000     1.4133629     -0.0000433    0.0244322     0.0077013     
4.8700000     1.4133625     -0.0000426    0.0242297     0.0076373     
4.8800000     1.4133621     -0.0000419    0.0240288     0.0075738     
4.8900000     1.4133617     -0.0000412    0.0238296     0.0075108     
4.9000000     1.4133613     -0.0000405    0.0236320     0.0074484     
4.9100000     1.4133609     -0.0000399    0.0234361     0.0073865     
4.9200000     1.4133605     -0.0000392    0.0232418     0.0073251     
4.9300000     1.4133601     -0.0000386    0.0230491     0.0072642     
4.9400000     1.4133597     -0.0000379    0.0228580     0.0072038     
4.9500000     1.4133593     -0.0000373    0.0226685     0.0071439     
4.9600000     1.4133590     -0.0000367    0.0224806     0.0070845     
4.9700000     1.4133586     -0.0000361    0.0222942     0.0070257     
4.9800000     1.4133583     -0.0000355    0.0221094     0.0069673     
4.9900000     1.4133579     -0.0000349    0.0219261     0.0069093     
5.0000000     1.4133576     -0.0000343    0.0217443     0.0068519     
5.0100000     1.4133572     -0.0000337    0.0215640     0.0067950     
5.0200000     1.4133569     -0.0000332    0.0213852     0.0067385     
5.0300000     1.4133566     -0.0000326    0.0212079     0.0066825     
5.0400000     1.4133563     -0.0000321    0.0210321     0.0066269     
5.0500000     1.4133559     -0.0000316    0.0208577     0.0065718     
5.0600000     1.4133556     -0.0000310    0.0206848     0.0065172     
5.0700000     1.4133553     -0.0000305    0.0205133     0.0064630     
5.0800000     1.4133550     -0.0000300    0.0203432     0.0064093     
5.0900000     1.4133547     -0.0000295    0.0201745     0.0063560     
5.1000000     1.4133544     -0.0000290    0.0200073     0.0063032     
5.1100000     1.4133542     -0.0000286    0.0198414     0.0062508     
5.1200000     1.4133539     -0.0000281    0.0196769     0.0061989     
5.1300000     1.4133536     -0.0000276    0.0195138     0.0061473     
5.1400000     1.4133533     -0.0000272    0.0193520     0.0060963     
5.1500000     1.4133531     -0.0000267    0.0191915     0.0060456     
5.1600000     1.4133528     -0.0000263    0.0190324     0.0059953     
5.1700000     1.4133525     -0.0000258    0.0188746     0.0059455     
5.1800000     1.4133523     -0.0000254    0.0187181     0.0058961     
5.1900000     1.4133520     -0.0000250    0.0185629     0.0058471     
5.2000000     1.4133518     -0.0000246    0.0184090     0.0057985     
5.2100000     1.4133516     -0.0000242    0.0182564     0.0057503     
5.2200000     1.4133513     -0.0000238    0.0181050     0.0057025     
5.2300000     1.4133511     -0.0000234    0.0179549     0.0056551     
5.2400000     1.4133509     -0.0000230    0.0178060     0.0056081     
5.2500000     1.4133506     -0.0000226    0.0176584     0.0055615     
5.2600000     1.4133504     -0.0000222    0.0175120     0.0055153     
5.2700000     1.4133502     -0.0000219    0.0173668     0.0054694     
5.2800000     1.4133500     -0.0000215    0.0172228     0.0054240     
5.2900000     1.4133498     -0.0000212    0.0170800     0.0053789     
5.3000000     1.4133496     -0.0000208    0.0169384     0.0053342     
5.3100000     1.4133493     -0.0000205    0.0167979     0.0052899     
5.3200000     1.4133491     -0.0000201    0.0166586     0.0052459     
5.3300000     1.4133490     -0.0000198    0.0165205     0.0052023     
5.3400000     1.4133488     -0.0000195    0.0163835     0.0051591     
5.3500000     1.4133486     -0.0000191    0.0162477     0.0051162     
5.3600000     1.4133484     -0.0000188    0.0161130     0.0050737     
5.3700000     1.4133482     -0.0000185    0.0159794     0.0050315     
5.3800000     1.4133480     -0.0000182    0.0158469     0.0049897     
5.3900000     1.4133478     -0.0000179    0.0157155     0.0049482     
5.4000000     1.4133477     -0.0000176    0.0155852     0.0049071     
5.4100000     1.4133475     -0.0000173    0.0154560     0.0048663     
5.4200000     1.4133473     -0.0000170    0.0153278     0.0048259     
5.4300000     1.4133472     -0.0000168    0.0152007     0.0047858     
5.4400000     1.4133470     -0.0000165    0.0150747     0.0047460     
5.4500000     1.4133468     -0.0000162    0.0149497     0.0047066     
5.4600000     1.4133467     -0.0000159    0.0148257     0.0046674     
5.4700000     1.4133465     -0.0000157    0.0147028     0.0046287     
5.4800000     1.4133464     -0.0000154    0.0145809     0.0045902     
5.4900000     1.4133462     -0.0000152    0.0144600     0.0045521     
5.5000000     1.4133461     -0.0000149    0.0143401     0.0045142     
5.5100000     1.4133459     -0.0000147    0.0142212     0.0044767     
5.5200000     1.4133458     -0.0000144    0.0141033     0.0044395     
5.5300000     1.4133456     -0.0000142    0.0139863     0.0044026     
5.5400000     1.4133455     -0.0000140    0.0138703     0.0043660     
5.5500000     1.4133454     -0.0000137    0.0137553     0.0043297     
5.5600000     1.4133452     -0.0000135    0.0136413     0.0042938     
5.5700000     1.4133451     -0.0000133    0.0135282     0.0042581     
5.5800000     1.4133450     -0.0000131    0.0134160     0.0042227     
5.5900000     1.4133448     -0.0000128    0.0133048     0.0041876     
5.6000000     1.4133447     -0.0000126    0.0131944     0.0041528     
5.6100000     1.4133446     -0.0000124    0.0130850     0.0041183     
5.6200000     1.4133445     -0.0000122    0.0129765     0.0040841     
5.6300000     1.4133443     -0.0000120    0.0128689     0.0040501     
5.6400000     1.4133442     -0.0000118    0.0127622     0.0040165     
5.6500000     1.4133441     -0.0000116    0.0126564     0.0039831     
5.6600000     1.4133440     -0.0000114    0.0125514     0.0039500     
5.6700000     1.4133439     -0.0000112    0.0124474     0.0039172     
5.6800000     1.4133438     -0.0000110    0.0123441     0.0038846     
5.6900000     1.4133437     -0.0000109    0.0122418     0.0038524     
5.7000000     1.4133436     -0.0000107    0.0121403     0.0038204     
5.7100000     1.4133435     -0.0000105    0.0120396     0.0037886     
5.7200000     1.4133434     -0.0000103    0.0119398     0.0037571     
5.7300000     1.4133433     -0.0000102    0.0118408     0.0037259     
5.7400000     1.4133432     -0.0000100    0.0117426     0.0036950     
5.7500000     1.4133431     -0.0000098    0.0116452     0.0036643     
5.7600000     1.4133430     -0.0000097    0.0115486     0.0036338     
5.7700000     1.4133429     -0.0000095    0.0114529     0.0036036     
5.7800000     1.4133428     -0.0000094    0.0113579     0.0035737     
5.7900000     1.4133427     -0.0000092    0.0112637     0.0035440     
5.8000000     1.4133426     -0.0000090    0.0111703     0.0035145     
5.8100000     1.4133425     -0.0000089    0.0110777     0.0034853     
5.8200000     1.4133424     -0.0000087    0.0109858     0.0034564     
5.8300000     1.4133423     -0.0000086    0.0108947     0.0034276     
5.8400000     1.4133422     -0.0000085    0.0108044     0.0033992     
5.8500000     1.4133422     -0.0000083    0.0107148     0.0033709     
5.8600000     1.4133421     -0.0000082    0.0106260     0.0033429     
5.8700000     1.4133420     -0.0000080    0.0105378     0.0033151     
5.8800000     1.4133419     -0.0000079    0.0104505     0.0032876     
5.8900000     1.4133418     -0.0000078    0.0103638     0.0032603     
5.9000000     1.4133418     -0.0000077    0.0102779     0.0032332     
5.9100000     1.4133417     -0.0000075    0.0101926     0.0032063     
5.9200000     1.4133416     -0.0000074    0.0101081     0.0031797     
5.9300000     1.4133416     -0.0000073    0.0100243     0.0031533     
5.9400000     1.4133415     -0.0000072    0.0099412     0.0031271     
5.9500000     1.4133414     -0.0000070    0.0098587     0.0031011     
5.9600000     1.4133413     -0.0000069    0.0097770     0.0030753     
5.9700000     1.4133413     -0.0000068    0.0096959     0.0030498     
5.9800000     1.4133412     -0.0000067    0.0096155     0.0030244     
5.9900000     1.4133411     -0.0000066    0.0095357     0.0029993     
6.0000000     1.4133411     -0.0000065    0.0094567     0.0029744     
6.0100000     1.4133410     -0.0000064    0.0093782     0.0029497     
6.0200000     1.4133410     -0.0000063    0.0093005     0.0029252     
6.0300000     1.4133409     -0.0000062    0.0092234     0.0029009     
6.0400000     1.4133408     -0.0000061    0.0091469     0.0028768     
6.0500000     1.4133408     -0.0000060    0.0090710     0.0028529     
6.0600000     1.4133407     -0.0000059    0.0089958     0.0028292     
6.0700000     1.4133407     -0.0000058    0.0089212     0.0028057     
6.0800000     1.4133406     -0.0000057    0.0088472     0.0027823     
6.0900000     1.4133405     -0.0000056    0.0087738     0.0027592     
6.1000000     1.4133405     -0.0000055    0.0087011     0.0027363     
6.1100000     1.4133404     -0.0000054    0.0086289     0.0027136     
6.1200000     1.4133404     -0.0000053    0.0085574     0.0026910     
6.1300000     1.4133403     -0.0000052    0.0084864     0.0026687     
6.1400000     1.4133403     -0.0000051    0.0084160     0.0026465     
6.1500000     1.4133402     -0.0000050    0.0083462     0.0026245     
6.1600000     1.4133402     -0.0000050    0.0082770     0.0026027     
6.1700000     1.4133401     -0.0000049    0.0082084     0.0025811     
6.1800000     1.4133401     -0.0000048    0.0081403     0.0025596     
6.1900000     1.4133400     -0.0000047    0.0080728     0.0025384     
6.2000000     1.4133400     -0.0000046    0.0080059     0.0025173     
6.2100000     1.4133400     -0.0000046    0.0079395     0.0024964     
6.2200000     1.4133399     -0.0000045    0.0078736     0.0024756     
6.2300000     1.4133399     -0.0000044    0.0078083     0.0024551     
6.2400000     1.4133398     -0.0000043    0.0077436     0.0024347     
6.2500000     1.4133398     -0.0000043    0.0076793     0.0024145     
6.2600000     1.4133397     -0.0000042    0.0076157     0.0023944     
6.2700000     1.4133397     -0.0000041    0.0075525     0.0023745     
6.2800000     1.4133397     -0.0000041    0.0074899     0.0023548     
6.2900000     1.4133396     -0.0000040    0.0074278     0.0023352     
6.3000000     1.4133396     -0.0000039    0.0073662     0.0023158     
6.3100000     1.4133395     -0.0000039    0.0073051     0.0022966     
6.3200000     1.4133395     -0.0000038    0.0072445     0.0022775     
6.3300000     1.4133395     -0.0000037    0.0071844     0.0022586     
6.3400000     1.4133394     -0.0000037    0.0071248     0.0022398     
6.3500000     1.4133394     -0.0000036    0.0070657     0.0022212     
6.3600000     1.4133394     -0.0000036    0.0070071     0.0022028     
6.3700000     1.4133393     -0.0000035    0.0069490     0.0021845     
6.3800000     1.4133393     -0.0000034    0.0068914     0.0021663     
6.3900000     1.4133393     -0.0000034    0.0068342     0.0021483     
6.4000000     1.4133392     -0.0000033    0.0067776     0.0021305     
6.4100000     1.4133392     -0.0000033    0.0067214     0.0021128     
6.4200000     1.4133392     -0.0000032    0.0066656     0.0020952     
6.4300000     1.4133391     -0.0000032    0.0066103     0.0020778     
6.4400000     1.4133391     -0.0000031    0.0065555     0.0020606     
6.4500000     1.4133391     -0.0000031    0.0065012     0.0020434     
6.4600000     1.4133390     -0.0000030    0.0064472     0.0020265     
6.4700000     1.4133390     -0.0000030    0.0063938     0.0020096     
6.4800000     1.4133390     -0.0000029    0.0063407     0.0019929     
6.4900000     1.4133390     -0.0000029    0.0062882     0.0019764     
6.5000000     1.4133389     -0.0000028    0.0062360     0.0019600     
6.5100000     1.4133389     -0.0000028    0.0061843     0.0019437     
6.5200000     1.4133389     -0.0000027    0.0061330     0.0019275     
6.5300000     1.4133389     -0.0000027    0.0060821     0.0019115     
6.5400000     1.4133388     -0.0000026    0.0060317     0.0018956     
6.5500000     1.4133388     -0.0000026    0.0059817     0.0018799     
6.5600000     1.4133388     -0.0000025    0.0059321     0.0018643     
6.5700000     1.4133388     -0.0000025    0.0058829     0.0018488     
6.5800000     1.4133387     -0.0000025    0.0058341     0.0018334     
6.5900000     1.4133387     -0.0000024    0.0057857     0.0018182     
6.6000000     1.4133387     -0.0000024    0.0057377     0.0018031     
6.6100000     1.4133387     -0.0000023    0.0056901     0.0017881     
6.6200000     1.4133386     -0.0000023    0.0056429     0.0017733     
6.6300000     1.4133386     -0.0000023    0.0055961     0.0017585     
6.6400000     1.4133386     -0.0000022    0.0055497     0.0017439     
6.6500000     1.4133386     -0.0000022    0.0055037     0.0017295     
6.6600000     1.4133385     -0.0000022    0.0054580     0.0017151     
6.6700000     1.4133385     -0.0000021    0.0054128     0.0017008     
6.6800000     1.4133385     -0.0000021    0.0053679     0.0016867     
6.6900000     1.4133385     -0.0000021    0.0053234     0.0016727     
6.7000000     1.4133385     -0.0000020    0.0052792     0.0016588     
6.7100000     1.4133384     -0.0000020    0.0052354     0.0016450     
6.7200000     1.4133384     -0.0000020    0.0051920     0.0016314     
6.7300000     1.4133384     -0.0000019    0.0051489     0.0016178     
6.7400000     1.4133384     -0.0000019    0.0051062     0.0016044     
6.7500000     1.4133384     -0.0000019    0.0050639     0.0015911     
6.7600000     1.4133384     -0.0000018    0.0050219     0.0015778     
6.7700000     1.4133383     -0.0000018    0.0049802     0.0015647     
6.7800000     1.4133383     -0.0000018    0.0049389     0.0015517     
6.7900000     1.4133383     -0.0000017    0.0048980     0.0015388     
6.8000000     1.4133383     -0.0000017    0.0048574     0.0015261     
6.8100000     1.4133383     -0.0000017    0.0048171     0.0015134     
6.8200000     1.4133383     -0.0000017    0.0047771     0.0015008     
6.8300000     1.4133382     -0.0000016    0.0047375     0.0014884     
6.8400000     1.4133382     -0.0000016    0.0046982     0.0014760     
6.8500000     1.4133382     -0.0000016    0.0046592     0.0014637     
6.8600000     1.4133382     -0.0000015    0.0046206     0.0014516     
6.8700000     1.4133382     -0.0000015    0.0045823     0.0014395     
6.8800000     1.4133382     -0.0000015    0.0045443     0.0014276     
6.8900000     1.4133382     -0.0000015    0.0045066     0.0014157     
6.9000000     1.4133381     -0.0000014    0.0044692     0.0014039     
6.9100000     1.4133381     -0.0000014    0.0044321     0.0013923     
6.9200000     1.4133381     -0.0000014    0.0043954     0.0013807     
6.9300000     1.4133381     -0.0000014    0.0043589     0.0013693     
6.9400000     1.4133381     -0.0000014    0.0043228     0.0013579     
6.9500000     1.4133381     -0.0000013    0.0042869     0.0013466     
6.9600000     1.4133381     -0.0000013    0.0042514     0.0013354     
6.9700000     1.4133380     -0.0000013    0.0042161     0.0013243     
6.9800000     1.4133380     -0.0000013    0.0041811     0.0013133     
6.9900000     1.4133380     -0.0000012    0.0041464     0.0013024     
7.0000000     1.4133380     -0.0000012    0.0041121     0.0012916     
7.0100000     1.4133380     -0.0000012    0.0040779     0.0012809     
7.0200000     1.4133380     -0.0000012    0.0040441     0.0012702     
7.0300000     1.4133380     -0.0000012    0.0040106     0.0012597     
7.0400000     1.4133380     -0.0000011    0.0039773     0.0012492     
7.0500000     1.4133380     -0.0000011    0.0039443     0.0012389     
7.0600000     1.4133379     -0.0000011    0.0039116     0.0012286     
7.0700000     1.4133379     -0.0000011    0.0038792     0.0012184     
7.0800000     1.4133379     -0.0000011    0.0038470     0.0012082     
7.0900000     1.4133379     -0.0000011    0.0038151     0.0011982     
7.1000000     1.4133379     -0.0000010    0.0037834     0.0011883     
7.1100000     1.4133379     -0.0000010    0.0037521     0.0011784     
7.1200000     1.4133379     -0.0000010    0.0037209     0.0011686     
7.1300000     1.4133379     -0.0000010    0.0036901     0.0011589     
7.1400000     1.4133379     -0.0000010    0.0036595     0.0011493     
7.1500000     1.4133379     -0.0000010    0.0036291     0.0011397     
7.1600000     1.4133378     -0.0000009    0.0035990     0.0011303     
7.1700000     1.4133378     -0.0000009    0.0035692     0.0011209     
7.1800000     1.4133378     -0.0000009    0.0035396     0.0011116     
7.1900000     1.4133378     -0.0000009    0.0035102     0.0011023     
7.2000000     1.4133378     -0.0000009    0.0034811     0.0010932     
7.2100000     1.4133378     -0.0000009    0.0034522     0.0010841     
7.2200000     1.4133378     -0.0000008    0.0034236     0.0010751     
7.2300000     1.4133378     -0.0000008    0.0033952     0.0010662     
7.2400000     1.4133378     -0.0000008    0.0033670     0.0010573     
7.2500000     1.4133378     -0.0000008    0.0033391     0.0010485     
7.2600000     1.4133378     -0.0000008    0.0033114     0.0010398     
7.2700000     1.4133378     -0.0000008    0.0032839     0.0010312     
7.2800000     1.4133377     -0.0000008    0.0032567     0.0010226     
7.2900000     1.4133377     -0.0000008    0.0032297     0.0010141     
7.3000000     1.4133377     -0.0000007    0.0032029     0.0010057     
7.3100000     1.4133377     -0.0000007    0.0031763     0.0009974     
7.3200000     1.4133377     -0.0000007    0.0031500     0.0009891     
7.3300000     1.4133377     -0.0000007    0.0031239     0.0009809     
7.3400000     1.4133377     -0.0000007    0.0030979     0.0009727     
7.3500000     1.4133377     -0.0000007    0.0030723     0.0009646     
7.3600000     1.4133377     -0.0000007    0.0030468     0.0009566     
7.3700000     1.4133377     -0.0000007    0.0030215     0.0009487     
7.3800000     1.4133377     -0.0000006    0.0029964     0.0009408     
7.3900000     1.4133377     -0.0000006    0.0029716     0.0009330     
7.4000000     1.4133377     -0.0000006    0.0029469     0.0009252     
7.4100000     1.4133377     -0.0000006    0.0029225     0.0009176     
7.4200000     1.4133377     -0.0000006    0.0028982     0.0009099     
7.4300000     1.4133377     -0.0000006    0.0028742     0.0009024     
7.4400000     1.4133376     -0.0000006    0.0028504     0.0008949     
7.4500000     1.4133376     -0.0000006    0.0028267     0.0008875     
7.4600000     1.4133376     -0.0000006    0.0028033     0.0008801     
7.4700000     1.4133376     -0.0000006    0.0027800     0.0008728     
7.4800000     1.4133376     -0.0000006    0.0027570     0.0008655     
7.4900000     1.4133376     -0.0000005    0.0027341     0.0008583     
7.5000000     1.4133376     -0.0000005    0.0027114     0.0008512     
7.5100000     1.4133376     -0.0000005    0.0026889     0.0008441     
7.5200000     1.4133376     -0.0000005    0.0026666     0.0008371     
7.5300000     1.4133376     -0.0000005    0.0026445     0.0008302     
7.5400000     1.4133376     -0.0000005    0.0026226     0.0008233     
7.5500000     1.4133376     -0.0000005    0.0026008     0.0008164     
7.5600000     1.4133376     -0.0000005    0.0025792     0.0008097     
7.5700000     1.4133376     -0.0000005    0.0025579     0.0008029     
7.5800000     1.4133376     -0.0000005    0.0025366     0.0007963     
7.5900000     1.4133376     -0.0000005    0.0025156     0.0007897     
7.6000000     1.4133376     -0.0000005    0.0024947     0.0007831     
7.6100000     1.4133376     -0.0000004    0.0024740     0.0007766     
7.6200000     1.4133376     -0.0000004    0.0024535     0.0007702     
7.6300000     1.4133376     -0.0000004    0.0024332     0.0007638     
7.6400000     1.4133376     -0.0000004    0.0024130     0.0007574     
7.6500000     1.4133375     -0.0000004    0.0023930     0.0007511     
7.6600000     1.4133375     -0.0000004    0.0023731     0.0007449     
7.6700000     1.4133375     -0.0000004    0.0023534     0.0007387     
7.6800000     1.4133375     -0.0000004    0.0023339     0.0007326     
7.6900000     1.4133375     -0.0000004    0.0023145     0.0007265     
7.7000000     1.4133375     -0.0000004    0.0022953     0.0007205     
7.7100000     1.4133375     -0.0000004    0.0022763     0.0007145     
7.7200000     1.4133375     -0.0000004    0.0022574     0.0007085     
7.7300000     1.4133375     -0.0000004    0.0022387     0.0007027     
7.7400000     1.4133375     -0.0000004    0.0022201     0.0006968     
7.7500000     1.4133375     -0.0000004    0.0022017     0.0006910     
7.7600000     1.4133375     -0.0000003    0.0021835     0.0006853     
7.7700000     1.4133375     -0.0000003    0.0021653     0.0006796     
7.7800000     1.4133375     -0.0000003    0.0021474     0.0006740     
7.7900000     1.4133375     -0.0000003    0.0021296     0.0006684     
7.8000000     1.4133375     -0.0000003    0.0021119     0.0006628     
7.8100000     1.4133375     -0.0000003    0.0020944     0.0006573     
7.8200000     1.4133375     -0.0000003    0.0020770     0.0006518     
7.8300000     1.4133375     -0.0000003    0.0020598     0.0006464     
7.8400000     1.4133375     -0.0000003    0.0020427     0.0006411     
7.8500000     1.4133375     -0.0000003    0.0020258     0.0006357     
7.8600000     1.4133375     -0.0000003    0.0020089     0.0006305     
7.8700000     1.4133375     -0.0000003    0.0019923     0.0006252     
7.8800000     1.4133375     -0.0000003    0.0019758     0.0006200     
7.8900000     1.4133375     -0.0000003    0.0019594     0.0006149     
7.9000000     1.4133375     -0.0000003    0.0019431     0.0006098     
7.9100000     1.4133375     -0.0000003    0.0019270     0.0006047     
7.9200000     1.4133375     -0.0000003    0.0019110     0.0005997     
7.9300000     1.4133375     -0.0000003    0.0018952     0.0005947     
7.9400000     1.4133375     -0.0000003    0.0018794     0.0005898     
7.9500000     1.4133375     -0.0000003    0.0018639     0.0005849     
7.9600000     1.4133375     -0.0000002    0.0018484     0.0005800     
7.9700000     1.4133375     -0.0000002    0.0018331     0.0005752     
7.9800000     1.4133375     -0.0000002    0.0018179     0.0005704     
7.9900000     1.4133374     -0.0000002    0.0018028     0.0005657     
8.0000000     1.4133374     -0.0000002    0.0017878     0.0005610     
8.0100000     1.4133374     -0.0000002    0.0017730     0.0005563     
8.0200000     1.4133374     -0.0000002    0.0017583     0.0005517     
8.0300000     1.4133374     -0.0000002    0.0017437     0.0005471     
8.0400000     1.4133374     -0.0000002    0.0017292     0.0005426     
8.0500000     1.4133374     -0.0000002    0.0017149     0.0005381     
8.0600000     1.4133374     -0.0000002    0.0017007     0.0005336     
8.0700000     1.4133374     -0.0000002    0.0016866     0.0005292     
8.0800000     1.4133374     -0.0000002    0.0016726     0.0005248     
8.0900000     1.4133374     -0.0000002    0.0016587     0.0005204     
8.1000000     1.4133374     -0.0000002    0.0016449     0.0005161     
8.1100000     1.4133374     -0.0000002    0.0016313     0.0005118     
8.1200000     1.4133374     -0.0000002    0.0016178     0.0005076     
8.1300000     1.4133374     -0.0000002    0.0016043     0.0005034     
8.1400000     1.4133374     -0.0000002    0.0015910     0.0004992     
8.1500000     1.4133374     -0.0000002    0.0015778     0.0004950     
8.1600000     1.4133374     -0.0000002    0.0015647     0.0004909     
8.1700000     1.4133374     -0.0000002    0.0015518     0.0004869     
8.1800000     1.4133374     -0.0000002    0.0015389     0.0004828     
8.1900000     1.4133374     -0.0000002    0.0015261     0.0004788     
8.2000000     1.4133374     -0.0000002    0.0015135     0.0004748     
8.2100000     1.4133374     -0.0000002    0.0015009     0.0004709     
8.2200000     1.4133374     -0.0000002    0.0014885     0.0004670     
8.2300000     1.4133374     -0.0000002    0.0014761     0.0004631     
8.2400000     1.4133374     -0.0000002    0.0014639     0.0004593     
8.2500000     1.4133374     -0.0000002    0.0014517     0.0004554     
8.2600000     1.4133374     -0.0000001    0.0014397     0.0004517     
8.2700000     1.4133374     -0.0000001    0.0014277     0.0004479     
8.2800000     1.4133374     -0.0000001    0.0014159     0.0004442     
8.2900000     1.4133374     -0.0000001    0.0014041     0.0004405     
8.3000000     1.4133374     -0.0000001    0.0013925     0.0004368     
8.3100000     1.4133374     -0.0000001    0.0013809     0.0004332     
8.3200000     1.4133374     -0.0000001    0.0013695     0.0004296     
8.3300000     1.4133374     -0.0000001    0.0013581     0.0004261     
8.3400000     1.4133374     -0.0000001    0.0013469     0.0004225     
8.3500000     1.4133374     -0.0000001    0.0013357     0.0004190     
8.3600000     1.4133374     -0.0000001    0.0013246     0.0004155     
8.3700000     1.4133374     -0.0000001    0.0013136     0.0004121     
8.3800000     1.4133374     -0.0000001    0.0013027     0.0004087     
8.3900000     1.4133374     -0.0000001    0.0012919     0.0004053     
8.4000000     1.4133374     -0.0000001    0.0012812     0.0004019     
8.4100000     1.4133374     -0.0000001    0.0012706     0.0003986     
8.4200000     1.4133374     -0.0000001    0.0012600     0.0003953     
8.4300000     1.4133374     -0.0000001    0.0012496     0.0003920     
8.4400000     1.4133374     -0.0000001    0.0012392     0.0003887     
8.4500000     1.4133374     -0.0000001    0.0012289     0.0003855     
8.4600000     1.4133374     -0.0000001    0.0012187     0.0003823     
8.4700000     1.4133374     -0.0000001    0.0012086     0.0003791     
8.4800000     1.4133374     -0.0000001    0.0011986     0.0003760     
8.4900000     1.4133374     -0.0000001    0.0011887     0.0003728     
8.5000000     1.4133374     -0.0000001    0.0011788     0.0003698     
8.5100000     1.4133374     -0.0000001    0.0011690     0.0003667     
8.5200000     1.4133374     -0.0000001    0.0011593     0.0003636     
8.5300000     1.4133374     -0.0000001    0.0011497     0.0003606     
8.5400000     1.4133374     -0.0000001    0.0011402     0.0003576     
8.5500000     1.4133374     -0.0000001    0.0011307     0.0003547     
8.5600000     1.4133374     -0.0000001    0.0011213     0.0003517     
8.5700000     1.4133374     -0.0000001    0.0011120     0.0003488     
8.5800000     1.4133374     -0.0000001    0.0011028     0.0003459     
8.5900000     1.4133374     -0.0000001    0.0010937     0.0003430     
8.6000000     1.4133374     -0.0000001    0.0010846     0.0003402     
8.6100000     1.4133374     -0.0000001    0.0010756     0.0003373     
8.6200000     1.4133374     -0.0000001    0.0010667     0.0003345     
8.6300000     1.4133374     -0.0000001    0.0010578     0.0003318     
8.6400000     1.4133374     -0.0000001    0.0010490     0.0003290     
8.6500000     1.4133374     -0.0000001    0.0010403     0.0003263     
8.6600000     1.4133374     -0.0000001    0.0010317     0.0003236     
8.6700000     1.4133374     -0.0000001    0.0010231     0.0003209     
8.6800000     1.4133374     -0.0000001    0.0010147     0.0003182     
8.6900000     1.4133374     -0.0000001    0.0010062     0.0003156     
8.7000000     1.4133374     -0.0000001    0.0009979     0.0003130     
8.7100000     1.4133374     -0.0000001    0.0009896     0.0003104     
8.7200000     1.4133374     -0.0000001    0.0009814     0.0003078     
8.7300000     1.4133374     -0.0000001    0.0009733     0.0003052     
8.7400000     1.4133374     -0.0000001    0.0009652     0.0003027     
8.7500000     1.4133374     -0.0000001    0.0009572     0.0003002     
8.7600000     1.4133374     -0.0000001    0.0009492     0.0002977     
8.7700000     1.4133374     -0.0000001    0.0009414     0.0002952     
8.7800000     1.4133374     -0.0000001    0.0009336     0.0002928     
8.7900000     1.4133374     -0.0000001    0.0009258     0.0002903     
8.8000000     1.4133374     -0.0000001    0.0009181     0.0002879     
8.8100000     1.4133374     -0.0000001    0.0009105     0.0002855     
8.8200000     1.4133374     -0.0000001    0.0009030     0.0002832     
8.8300000     1.4133374     -0.0000001    0.0008955     0.0002808     
8.8400000     1.4133374     -0.0000001    0.0008880     0.0002785     
8.8500000     1.4133374     -0.0000001    0.0008807     0.0002762     
8.8600000     1.4133374     -0.0000001    0.0008734     0.0002739     
8.8700000     1.4133374     -0.0000001    0.0008661     0.0002716     
8.8800000     1.4133374     -0.0000001    0.0008589     0.0002694     
8.8900000     1.4133374     -0.0000001    0.0008518     0.0002671     
8.9000000     1.4133374     -0.0000001    0.0008447     0.0002649     
8.9100000     1.4133374     -0.0000001    0.0008377     0.0002627     
8.9200000     1.4133374     -0.0000000    0.0008308     0.0002605     
8.9300000     1.4133374     -0.0000000    0.0008239     0.0002584     
8.9400000     1.4133374     -0.0000000    0.0008171     0.0002562     
8.9500000     1.4133374     -0.0000000    0.0008103     0.0002541     
8.9600000     1.4133374     -0.0000000    0.0008036     0.0002520     
8.9700000     1.4133374     -0.0000000    0.0007969     0.0002499     
8.9800000     1.4133373     -0.0000000    0.0007903     0.0002478     
8.9900000     1.4133373     -0.0000000    0.0007837     0.0002457     
9.0000000     1.4133373     -0.0000000    0.0007772     0.0002437     
9.0100000     1.4133373     -0.0000000    0.0007708     0.0002417     
9.0200000     1.4133373     -0.0000000    0.0007644     0.0002397     
9.0300000     1.4133373     -0.0000000    0.0007580     0.0002377     
9.0400000     1.4133373     -0.0000000    0.0007518     0.0002357     
9.0500000     1.4133373     -0.0000000    0.0007455     0.0002338     
9.0600000     1.4133373     -0.0000000    0.0007393     0.0002318     
9.0700000     1.4133373     -0.0000000    0.0007332     0.0002299     
9.0800000     1.4133373     -0.0000000    0.0007271     0.0002280     
9.0900000     1.4133373     -0.0000000    0.0007211     0.0002261     
9.1000000     1.4133373     -0.0000000    0.0007151     0.0002242     
9.1100000     1.4133373     -0.0000000    0.0007092     0.0002224     
9.1200000     1.4133373     -0.0000000    0.0007033     0.0002205     
9.1300000     1.4133373     -0.0000000    0.0006974     0.0002187     
9.1400000     1.4133373     -0.0000000    0.0006917     0.0002169     
9.1500000     1.4133373     -0.0000000    0.0006859     0.0002151     
9.1600000     1.4133373     -0.0000000    0.0006802     0.0002133     
9.1700000     1.4133373     -0.0000000    0.0006746     0.0002115     
9.1800000     1.4133373     -0.0000000    0.0006690     0.0002097     
9.1900000     1.4133373     -0.0000000    0.0006634     0.0002080     
9.2000000     1.4133373     -0.0000000    0.0006579     0.0002063     
9.2100000     1.4133373     -0.0000000    0.0006525     0.0002046     
9.2200000     1.4133373     -0.0000000    0.0006471     0.0002029     
9.2300000     1.4133373     -0.0000000    0.0006417     0.0002012     
9.2400000     1.4133373     -0.0000000    0.0006364     0.0001995     
9.2500000     1.4133373     -0.0000000    0.0006311     0.0001979     
9.2600000     1.4133373     -0.0000000    0.0006259     0.0001962     
9.2700000     1.4133373     -0.0000000    0.0006207     0.0001946     
9.2800000     1.4133373     -0.0000000    0.0006155     0.0001930     
9.2900000     1.4133373     -0.0000000    0.0006104     0.0001914     
9.3000000     1.4133373     -0.0000000    0.0006053     0.0001898     
9.3100000     1.4133373     -0.0000000    0.0006003     0.0001882     
9.3200000     1.4133373     -0.0000000    0.0005953     0.0001866     
9.3300000     1.4133373     -0.0000000    0.0005904     0.0001851     
9.3400000     1.4133373     -0.0000000    0.0005855     0.0001836     
9.3500000     1.4133373     -0.0000000    0.0005807     0.0001820     
9.3600000     1.4133373     -0.0000000    0.0005758     0.0001805     
9.3700000     1.4133373     -0.0000000    0.0005711     0.0001790     
9.3800000     1.4133373     -0.0000000    0.0005663     0.0001775     
9.3900000     1.4133373     -0.0000000    0.0005616     0.0001761     
9.4000000     1.4133373     -0.0000000    0.0005570     0.0001746     
9.4100000     1.4133373     -0.0000000    0.0005523     0.0001732     
9.4200000     1.4133373     -0.0000000    0.0005478     0.0001717     
9.4300000     1.4133373     -0.0000000    0.0005432     0.0001703     
9.4400000     1.4133373     -0.0000000    0.0005387     0.0001689     
9.4500000     1.4133373     -0.0000000    0.0005342     0.0001675     
9.4600000     1.4133373     -0.0000000    0.0005298     0.0001661     
9.4700000     1.4133373     -0.0000000    0.0005254     0.0001647     
9.4800000     1.4133373     -0.0000000    0.0005211     0.0001633     
9.4900000     1.4133373     -0.0000000    0.0005167     0.0001620     
9.5000000     1.4133373     -0.0000000    0.0005124     0.0001606     
9.5100000     1.4133373     -0.0000000    0.0005082     0.0001593     
9.5200000     1.4133373     -0.0000000    0.0005040     0.0001580     
9.5300000     1.4133373     -0.0000000    0.0004998     0.0001567     
9.5400000     1.4133373     -0.0000000    0.0004956     0.0001554     
9.5500000     1.4133373     -0.0000000    0.0004915     0.0001541     
9.5600000     1.4133373     -0.0000000    0.0004875     0.0001528     
9.5700000     1.4133373     -0.0000000    0.0004834     0.0001515     
9.5800000     1.4133373     -0.0000000    0.0004794     0.0001503     
9.5900000     1.4133373     -0.0000000    0.0004754     0.0001490     
9.6000000     1.4133373     -0.0000000    0.0004715     0.0001478     
9.6100000     1.4133373     -0.0000000    0.0004676     0.0001466     
9.6200000     1.4133373     -0.0000000    0.0004637     0.0001453     
9.6300000     1.4133373     -0.0000000    0.0004598     0.0001441     
9.6400000     1.4133373     -0.0000000    0.0004560     0.0001429     
9.6500000     1.4133373     -0.0000000    0.0004522     0.0001418     
9.6600000     1.4133373     -0.0000000    0.0004485     0.0001406     
9.6700000     1.4133373     -0.0000000    0.0004448     0.0001394     
9.6800000     1.4133373     -0.0000000    0.0004411     0.0001383     
9.6900000     1.4133373     -0.0000000    0.0004374     0.0001371     
9.7000000     1.4133373     -0.0000000    0.0004338     0.0001360     
9.7100000     1.4133373     -0.0000000    0.0004302     0.0001348     
9.7200000     1.4133373     -0.0000000    0.0004266     0.0001337     
9.7300000     1.4133373     -0.0000000    0.0004231     0.0001326     
9.7400000     1.4133373     -0.0000000    0.0004196     0.0001315     
9.7500000     1.4133373     -0.0000000    0.0004161     0.0001304     
9.7600000     1.4133373     -0.0000000    0.0004126     0.0001293     
9.7700000     1.4133373     -0.0000000    0.0004092     0.0001283     
9.7800000     1.4133373     -0.0000000    0.0004058     0.0001272     
9.7900000     1.4133373     -0.0000000    0.0004025     0.0001261     
9.8000000     1.4133373     -0.0000000    0.0003991     0.0001251     
9.8100000     1.4133373     -0.0000000    0.0003958     0.0001241     
9.8200000     1.4133373     -0.0000000    0.0003925     0.0001230     
9.8300000     1.4133373     -0.0000000    0.0003893     0.0001220     
9.8400000     1.4133373     -0.0000000    0.0003860     0.0001210     
9.8500000     1.4133373     -0.0000000    0.0003828     0.0001200     
9.8600000     1.4133373     -0.0000000    0.0003797     0.0001190     
9.8700000     1.4133373     -0.0000000    0.0003765     0.0001180     
9.8800000     1.4133373     -0.0000000    0.0003734     0.0001170     
9.8900000     1.4133373     -0.0000000    0.0003703     0.0001161     
9.9000000     1.4133373     -0.0000000    0.0003672     0.0001151     
9.9100000     1.4133373     -0.0000000    0.0003642     0.0001141     
9.9200000     1.4133373     -0.0000000    0.0003611     0.0001132     
9.9300000     1.4133373     -0.0000000    0.0003581     0.0001122     
9.9400000     1.4133373     -0.0000000    0.0003552     0.0001113     
9.9500000     1.4133373     -0.0000000    0.0003522     0.0001104     
9.9600000     1.4133373     -0.0000000    0.0003493     0.0001095     
9.9700000     1.4133373     -0.0000000    0.0003464     0.0001086     
9.9800000     1.4133373     -0.0000000    0.0003435     0.0001077     
9.9900000     1.4133373     -0.0000000    0.0003407     0.0001068     
10.0000000    1.4133373     -0.0000000    0.0003379     0.0001059     
