#   delta = 1.000, g = 0.800, ds = 0.100
#   s             E             dE       ||Gammaod||    ||eta2B||    

0.0000000     1.2000000     -0.3733333    2.2627417     0.7180220     
0.1000000     1.1640985     -0.3447769    2.0906011     0.7180220     
0.2000000     1.1333822     -0.2951420    1.9337104     0.6654501     
0.3000000     1.1070570     -0.2530686    1.7903076     0.6169960     
0.4000000     1.0844618     -0.2173008    1.6589047     0.5722853     
0.5000000     1.0650431     -0.1868173    1.5382342     0.5309906     
0.6000000     1.0483359     -0.1607810    1.4272088     0.4928210     
0.7000000     1.0339477     -0.1385011    1.3248884     0.4575169     
0.8000000     1.0215464     -0.1194044    1.2304549     0.4248444     
0.9000000     1.0108497     -0.1030128    1.1431916     0.3945919     
1.0000000     1.0016176     -0.0889254    1.0624670     0.3665674     
1.1000000     0.9936451     -0.0768053    0.9877212     0.3405960     
1.2000000     0.9867572     -0.0663678    0.9184555     0.3165181     
1.3000000     0.9808037     -0.0573717    0.8542233     0.2941879     
1.4000000     0.9756561     -0.0496125    0.7946230     0.2734719     
1.5000000     0.9712039     -0.0429158    0.7392920     0.2542477     
1.6000000     0.9673521     -0.0371329    0.6879015     0.2364031     
1.7000000     0.9640190     -0.0321367    0.6401528     0.2198348     
1.8000000     0.9611341     -0.0278184    0.5957731     0.2044481     
1.9000000     0.9586367     -0.0240846    0.5545132     0.1901556     
2.0000000     0.9564744     -0.0208552    0.5161446     0.1768769     
2.1000000     0.9546020     -0.0180612    0.4804574     0.1645380     
2.2000000     0.9529805     -0.0156433    0.4472583     0.1530705     
2.3000000     0.9515761     -0.0135505    0.4163694     0.1424112     
2.4000000     0.9503597     -0.0117387    0.3876261     0.1325018     
2.5000000     0.9493059     -0.0101699    0.3608768     0.1232884     
2.6000000     0.9483931     -0.0088114    0.3359806     0.1147212     
2.7000000     0.9476022     -0.0076348    0.3128076     0.1067540     
2.8000000     0.9469171     -0.0066156    0.2912371     0.0993441     
2.9000000     0.9463234     -0.0057328    0.2711572     0.0924519     
3.0000000     0.9458091     -0.0049679    0.2524640     0.0860408     
3.1000000     0.9453635     -0.0043053    0.2350611     0.0800767     
3.2000000     0.9449773     -0.0037311    0.2188591     0.0745281     
3.3000000     0.9446427     -0.0032336    0.2037746     0.0693658     
3.4000000     0.9443529     -0.0028025    0.1897303     0.0645625     
3.5000000     0.9441017     -0.0024289    0.1766542     0.0600932     
3.6000000     0.9438840     -0.0021051    0.1644794     0.0559344     
3.7000000     0.9436954     -0.0018246    0.1531438     0.0520643     
3.8000000     0.9435320     -0.0015814    0.1425893     0.0484628     
3.9000000     0.9433904     -0.0013707    0.1327622     0.0451112     
4.0000000     0.9432678     -0.0011880    0.1236121     0.0419919     
4.1000000     0.9431615     -0.0010297    0.1150925     0.0390888     
4.2000000     0.9430694     -0.0008925    0.1071600     0.0363869     
4.3000000     0.9429896     -0.0007736    0.0997740     0.0338721     
4.4000000     0.9429205     -0.0006705    0.0928969     0.0315314     
4.5000000     0.9428606     -0.0005812    0.0864936     0.0293528     
4.6000000     0.9428087     -0.0005038    0.0805316     0.0273249     
4.7000000     0.9427638     -0.0004367    0.0749803     0.0254374     
4.8000000     0.9427248     -0.0003785    0.0698116     0.0236804     
4.9000000     0.9426911     -0.0003281    0.0649990     0.0220449     
5.0000000     0.9426619     -0.0002844    0.0605181     0.0205225     
5.1000000     0.9426366     -0.0002465    0.0563460     0.0191053     
5.2000000     0.9426147     -0.0002137    0.0524614     0.0177862     
5.3000000     0.9425957     -0.0001852    0.0488445     0.0165581     
5.4000000     0.9425793     -0.0001605    0.0454769     0.0154150     
5.5000000     0.9425651     -0.0001391    0.0423415     0.0143508     
5.6000000     0.9425527     -0.0001206    0.0394221     0.0133601     
5.7000000     0.9425421     -0.0001045    0.0367039     0.0124379     
5.8000000     0.9425328     -0.0000906    0.0341732     0.0115794     
5.9000000     0.9425249     -0.0000786    0.0318168     0.0107802     
6.0000000     0.9425179     -0.0000681    0.0296229     0.0100362     
6.1000000     0.9425119     -0.0000590    0.0275803     0.0093435     
6.2000000     0.9425068     -0.0000512    0.0256784     0.0086987     
6.3000000     0.9425023     -0.0000443    0.0239077     0.0080984     
6.4000000     0.9424984     -0.0000384    0.0222591     0.0075395     
6.5000000     0.9424951     -0.0000333    0.0207241     0.0070192     
6.6000000     0.9424922     -0.0000289    0.0192950     0.0065349     
6.7000000     0.9424896     -0.0000250    0.0179644     0.0060840     
6.8000000     0.9424875     -0.0000217    0.0167255     0.0056641     
6.9000000     0.9424856     -0.0000188    0.0155721     0.0052733     
7.0000000     0.9424840     -0.0000163    0.0144982     0.0049095     
7.1000000     0.9424826     -0.0000141    0.0134983     0.0045707     
7.2000000     0.9424814     -0.0000122    0.0125674     0.0042554     
7.3000000     0.9424803     -0.0000106    0.0117007     0.0039618     
7.4000000     0.9424794     -0.0000092    0.0108937     0.0036884     
7.5000000     0.9424787     -0.0000080    0.0101424     0.0034340     
7.6000000     0.9424780     -0.0000069    0.0094429     0.0031970     
7.7000000     0.9424774     -0.0000060    0.0087917     0.0029765     
7.8000000     0.9424769     -0.0000052    0.0081853     0.0027711     
7.9000000     0.9424765     -0.0000045    0.0076208     0.0025800     
8.0000000     0.9424761     -0.0000039    0.0070952     0.0024020     
8.1000000     0.9424758     -0.0000034    0.0066058     0.0022363     
8.2000000     0.9424755     -0.0000029    0.0061502     0.0020820     
8.3000000     0.9424753     -0.0000025    0.0057260     0.0019384     
8.4000000     0.9424751     -0.0000022    0.0053311     0.0018046     
8.5000000     0.9424749     -0.0000019    0.0049634     0.0016801     
8.6000000     0.9424748     -0.0000017    0.0046211     0.0015642     
8.7000000     0.9424746     -0.0000014    0.0043024     0.0014563     
8.8000000     0.9424745     -0.0000012    0.0040056     0.0013559     
8.9000000     0.9424744     -0.0000011    0.0037293     0.0012623     
9.0000000     0.9424744     -0.0000009    0.0034721     0.0011753     
9.1000000     0.9424743     -0.0000008    0.0032326     0.0010942     
9.2000000     0.9424742     -0.0000007    0.0030097     0.0010187     
9.3000000     0.9424742     -0.0000006    0.0028021     0.0009484     
9.4000000     0.9424741     -0.0000005    0.0026088     0.0008830     
9.5000000     0.9424741     -0.0000005    0.0024289     0.0008221     
9.6000000     0.9424741     -0.0000004    0.0022613     0.0007654     
9.7000000     0.9424741     -0.0000003    0.0021054     0.0007126     
9.8000000     0.9424740     -0.0000003    0.0019602     0.0006634     
9.9000000     0.9424740     -0.0000003    0.0018250     0.0006177     
10.0000000    0.9424740     -0.0000002    0.0016991     0.0005751     
