# heading
1.6719    0.075512     0.0619
1         
1.4442    0.12016      0.1486
0.93807   
0.32724   0.1488      -0.1119
0.7895    
0.81693   0.18486      0.0596
0.90135   
1.6144    0.026186     0.0144
0.84171   
1.3606    0.076862     0.0940
0.82731   
1.3486    0.044591     0.0529
0.73334   
1.2175    0.037801     0.0556
0.68049   
1.2105    0.0060263    0.0025
0.62494   
1.2227    0.0053574    0.0021
0.62241   
1.161     0.018146     0.0226
0.62035   
1.1434    0.0080073    0.0057
0.59777   
1.105     0.012799     0.0146
0.59207   
1.0894    0.016031     0.0203
0.57751   
1.0352    0.021292     0.0435
0.55722   
1.0191    0.0023107    0.0035
0.51368   
1.0085    0.0023893    0.0047
0.51022   
1.0013    0.0022952    0.0047
0.50557   
1.0012    9.2812e-05   9.2396e-05
0.50088   
0.99868   0.00055309   0.0005
0.50079   
1.0005    2.9974e-05   2.9926e-05
0.50029   
1.0002    9.2484e-05   0.0002
0.50026   
1.0001    1.2037e-05   1.3972e-05
0.50009   
1         4.1223e-05   8.2711e-05
0.50008   
1         1.5468e-07  -1.2564e-07
0.5       
1         2.3279e-07  -2.7529e-07
0.5       
1         1.5607e-07  -1.5541e-07
0.5       
1         3.7023e-07  -7.4922e-07
0.5       
1         3.9845e-08  -3.1456e-08
0.5       
1         9.3415e-08  -1.4755e-07
0.5       
1         2.7678e-08  -2.2454e-08
0.5       
1         9.3117e-08  -1.9338e-07
0.5       
1         2.1073e-08  -3.3881e-08
0.5       
1         1.1051e-08  -1.5287e-08
0.5       
1         0           -7.4255e-10
0.5       
1         2.8273e-08  -7.2530e-08
0.5       
1         -nan         4.6966e-09
0.5       
1         -nan         9.4548e-10
0.5       
