# delta = 1.000, g = 0.500, generator = white          
# ====================================================================================
#    s              E            dE/ds        ||eta2B||      ||fod||       ||Gammaod||    
# ====================================================================================

0.00000000     1.50000000     -0.14583333    0.44876373     0.00000000     1.41421356     
0.01000000     1.50000000     -0.14583333    0.44876373     0.00000000     1.40213385     
0.02000000     1.49854167     -0.14335934    0.44497314     0.00000000     1.39016351     
0.03000000     1.49710807     -0.14092829    0.44121512     0.00000000     1.37830138     
0.04000000     1.49569879     -0.13853941    0.43748940     0.00000000     1.36654635     
0.05000000     1.49431340     -0.13619194    0.43379568     0.00000000     1.35489730     
0.06000000     1.49295148     -0.13388513    0.43013368     0.00000000     1.34335313     
0.07000000     1.49161263     -0.13161825    0.42650311     0.00000000     1.33191277     
0.08000000     1.49029644     -0.12939057    0.42290369     0.00000000     1.32057515     
0.09000000     1.48900254     -0.12720140    0.41933514     0.00000000     1.30933921     
0.10000000     1.48773052     -0.12505004    0.41579719     0.00000000     1.29820391     
0.11000000     1.48648002     -0.12293581    0.41228956     0.00000000     1.28716822     
0.12000000     1.48525066     -0.12085805    0.40881199     0.00000000     1.27623115     
0.13000000     1.48404208     -0.11881610    0.40536421     0.00000000     1.26539167     
0.14000000     1.48285392     -0.11680933    0.40194594     0.00000000     1.25464882     
0.15000000     1.48168583     -0.11483711    0.39855694     0.00000000     1.24400161     
0.16000000     1.48053746     -0.11289882    0.39519694     0.00000000     1.23344909     
0.17000000     1.47940847     -0.11099386    0.39186568     0.00000000     1.22299030     
0.18000000     1.47829853     -0.10912163    0.38856291     0.00000000     1.21262431     
0.19000000     1.47720732     -0.10728156    0.38528837     0.00000000     1.20235019     
0.20000000     1.47613450     -0.10547307    0.38204183     0.00000000     1.19216703     
0.21000000     1.47507977     -0.10369560    0.37882302     0.00000000     1.18207393     
0.22000000     1.47404281     -0.10194860    0.37563171     0.00000000     1.17206999     
0.23000000     1.47302333     -0.10023154    0.37246765     0.00000000     1.16215435     
0.24000000     1.47202101     -0.09854389    0.36933061     0.00000000     1.15232612     
0.25000000     1.47103557     -0.09688511    0.36622034     0.00000000     1.14258445     
0.26000000     1.47006672     -0.09525472    0.36313661     0.00000000     1.13292850     
0.27000000     1.46911417     -0.09365220    0.36007919     0.00000000     1.12335742     
0.28000000     1.46817765     -0.09207707    0.35704784     0.00000000     1.11387039     
0.29000000     1.46725688     -0.09052883    0.35404234     0.00000000     1.10446659     
0.30000000     1.46635159     -0.08900703    0.35106245     0.00000000     1.09514521     
0.31000000     1.46546152     -0.08751120    0.34810797     0.00000000     1.08590546     
0.32000000     1.46458641     -0.08604088    0.34517865     0.00000000     1.07674656     
0.33000000     1.46372600     -0.08459562    0.34227429     0.00000000     1.06766771     
0.34000000     1.46288005     -0.08317499    0.33939466     0.00000000     1.05866815     
0.35000000     1.46204830     -0.08177855    0.33653955     0.00000000     1.04974712     
0.36000000     1.46123051     -0.08040589    0.33370874     0.00000000     1.04090387     
0.37000000     1.46042645     -0.07905658    0.33090203     0.00000000     1.03213765     
0.38000000     1.45963589     -0.07773022    0.32811919     0.00000000     1.02344774     
0.39000000     1.45885858     -0.07642641    0.32536003     0.00000000     1.01483340     
0.40000000     1.45809432     -0.07514475    0.32262433     0.00000000     1.00629392     
0.41000000     1.45734287     -0.07388487    0.31991189     0.00000000     0.99782860     
0.42000000     1.45660402     -0.07264638    0.31722252     0.00000000     0.98943672     
0.43000000     1.45587756     -0.07142890    0.31455600     0.00000000     0.98111759     
0.44000000     1.45516327     -0.07023208    0.31191214     0.00000000     0.97287054     
0.45000000     1.45446095     -0.06905556    0.30929074     0.00000000     0.96469489     
0.46000000     1.45377039     -0.06789899    0.30669161     0.00000000     0.95658996     
0.47000000     1.45309140     -0.06676201    0.30411455     0.00000000     0.94855509     
0.48000000     1.45242378     -0.06564429    0.30155938     0.00000000     0.94058963     
0.49000000     1.45176734     -0.06454550    0.29902589     0.00000000     0.93269293     
0.50000000     1.45112189     -0.06346530    0.29651391     0.00000000     0.92486435     
0.51000000     1.45048723     -0.06240338    0.29402325     0.00000000     0.91710325     
0.52000000     1.44986320     -0.06135943    0.29155372     0.00000000     0.90940902     
0.53000000     1.44924961     -0.06033313    0.28910514     0.00000000     0.90178104     
0.54000000     1.44864627     -0.05932417    0.28667732     0.00000000     0.89421868     
0.55000000     1.44805303     -0.05833226    0.28427010     0.00000000     0.88672134     
0.56000000     1.44746971     -0.05735711    0.28188328     0.00000000     0.87928843     
0.57000000     1.44689614     -0.05639843    0.27951670     0.00000000     0.87191936     
0.58000000     1.44633215     -0.05545592    0.27717017     0.00000000     0.86461353     
0.59000000     1.44577760     -0.05452932    0.27484353     0.00000000     0.85737036     
0.60000000     1.44523230     -0.05361836    0.27253661     0.00000000     0.85018929     
0.61000000     1.44469612     -0.05272275    0.27024922     0.00000000     0.84306975     
0.62000000     1.44416889     -0.05184225    0.26798121     0.00000000     0.83601116     
0.63000000     1.44365047     -0.05097658    0.26573241     0.00000000     0.82901299     
0.64000000     1.44314070     -0.05012551    0.26350265     0.00000000     0.82207467     
0.65000000     1.44263945     -0.04928876    0.26129177     0.00000000     0.81519567     
0.66000000     1.44214656     -0.04846611    0.25909960     0.00000000     0.80837544     
0.67000000     1.44166190     -0.04765731    0.25692598     0.00000000     0.80161345     
0.68000000     1.44118533     -0.04686212    0.25477075     0.00000000     0.79490919     
0.69000000     1.44071670     -0.04608031    0.25263377     0.00000000     0.78826211     
0.70000000     1.44025590     -0.04531165    0.25051485     0.00000000     0.78167172     
0.71000000     1.43980279     -0.04455591    0.24841386     0.00000000     0.77513749     
0.72000000     1.43935723     -0.04381289    0.24633064     0.00000000     0.76865893     
0.73000000     1.43891910     -0.04308235    0.24426504     0.00000000     0.76223553     
0.74000000     1.43848827     -0.04236408    0.24221689     0.00000000     0.75586680     
0.75000000     1.43806463     -0.04165789    0.24018606     0.00000000     0.74955224     
0.76000000     1.43764805     -0.04096355    0.23817240     0.00000000     0.74329138     
0.77000000     1.43723842     -0.04028087    0.23617575     0.00000000     0.73708372     
0.78000000     1.43683561     -0.03960966    0.23419597     0.00000000     0.73092881     
0.79000000     1.43643951     -0.03894970    0.23223292     0.00000000     0.72482616     
0.80000000     1.43605002     -0.03830083    0.23028646     0.00000000     0.71877531     
0.81000000     1.43566701     -0.03766283    0.22835643     0.00000000     0.71277580     
0.82000000     1.43529038     -0.03703554    0.22644270     0.00000000     0.70682717     
0.83000000     1.43492002     -0.03641877    0.22454514     0.00000000     0.70092898     
0.84000000     1.43455584     -0.03581234    0.22266359     0.00000000     0.69508077     
0.85000000     1.43419771     -0.03521607    0.22079793     0.00000000     0.68928210     
0.86000000     1.43384555     -0.03462979    0.21894801     0.00000000     0.68353253     
0.87000000     1.43349925     -0.03405334    0.21711371     0.00000000     0.67783163     
0.88000000     1.43315872     -0.03348654    0.21529489     0.00000000     0.67217897     
0.89000000     1.43282386     -0.03292923    0.21349141     0.00000000     0.66657412     
0.90000000     1.43249456     -0.03238126    0.21170315     0.00000000     0.66101666     
0.91000000     1.43217075     -0.03184246    0.20992997     0.00000000     0.65550618     
0.92000000     1.43185233     -0.03131268    0.20817175     0.00000000     0.65004226     
0.93000000     1.43153920     -0.03079176    0.20642836     0.00000000     0.64462449     
0.94000000     1.43123128     -0.03027956    0.20469967     0.00000000     0.63925247     
0.95000000     1.43092849     -0.02977593    0.20298555     0.00000000     0.63392579     
0.96000000     1.43063073     -0.02928072    0.20128589     0.00000000     0.62864406     
0.97000000     1.43033792     -0.02879379    0.19960055     0.00000000     0.62340689     
0.98000000     1.43004998     -0.02831500    0.19792942     0.00000000     0.61821388     
0.99000000     1.42976683     -0.02784422    0.19627237     0.00000000     0.61306465     
1.00000000     1.42948839     -0.02738131    0.19462928     0.00000000     0.60795881     
1.01000000     1.42921458     -0.02692613    0.19300004     0.00000000     0.60289600     
1.02000000     1.42894532     -0.02647855    0.19138453     0.00000000     0.59787582     
1.03000000     1.42868053     -0.02603846    0.18978263     0.00000000     0.59289792     
1.04000000     1.42842014     -0.02560571    0.18819421     0.00000000     0.58796192     
1.05000000     1.42816409     -0.02518019    0.18661918     0.00000000     0.58306746     
1.06000000     1.42791229     -0.02476178    0.18505741     0.00000000     0.57821418     
1.07000000     1.42766467     -0.02435035    0.18350879     0.00000000     0.57340172     
1.08000000     1.42742116     -0.02394579    0.18197321     0.00000000     0.56862973     
1.09000000     1.42718171     -0.02354798    0.18045056     0.00000000     0.56389785     
1.10000000     1.42694623     -0.02315681    0.17894072     0.00000000     0.55920574     
1.11000000     1.42671466     -0.02277217    0.17744360     0.00000000     0.55455305     
1.12000000     1.42648694     -0.02239394    0.17595907     0.00000000     0.54993945     
1.13000000     1.42626300     -0.02202202    0.17448704     0.00000000     0.54536459     
1.14000000     1.42604278     -0.02165631    0.17302739     0.00000000     0.54082814     
1.15000000     1.42582621     -0.02129669    0.17158002     0.00000000     0.53632978     
1.16000000     1.42561325     -0.02094308    0.17014483     0.00000000     0.53186916     
1.17000000     1.42540382     -0.02059535    0.16872171     0.00000000     0.52744597     
1.18000000     1.42519786     -0.02025342    0.16731057     0.00000000     0.52305988     
1.19000000     1.42499533     -0.01991720    0.16591129     0.00000000     0.51871057     
1.20000000     1.42479616     -0.01958657    0.16452378     0.00000000     0.51439773     
1.21000000     1.42460029     -0.01926145    0.16314794     0.00000000     0.51012105     
1.22000000     1.42440768     -0.01894176    0.16178366     0.00000000     0.50588021     
1.23000000     1.42421826     -0.01862738    0.16043086     0.00000000     0.50167490     
1.24000000     1.42403199     -0.01831825    0.15908942     0.00000000     0.49750482     
1.25000000     1.42384880     -0.01801426    0.15775927     0.00000000     0.49336967     
1.26000000     1.42366866     -0.01771533    0.15644029     0.00000000     0.48926915     
1.27000000     1.42349151     -0.01742139    0.15513240     0.00000000     0.48520297     
1.28000000     1.42331729     -0.01713233    0.15383550     0.00000000     0.48117081     
1.29000000     1.42314597     -0.01684809    0.15254950     0.00000000     0.47717241     
1.30000000     1.42297749     -0.01656858    0.15127430     0.00000000     0.47320747     
1.31000000     1.42281180     -0.01629373    0.15000982     0.00000000     0.46927569     
1.32000000     1.42264887     -0.01602344    0.14875596     0.00000000     0.46537681     
1.33000000     1.42248863     -0.01575766    0.14751263     0.00000000     0.46151053     
1.34000000     1.42233105     -0.01549630    0.14627975     0.00000000     0.45767658     
1.35000000     1.42217609     -0.01523928    0.14505722     0.00000000     0.45387469     
1.36000000     1.42202370     -0.01498654    0.14384496     0.00000000     0.45010458     
1.37000000     1.42187383     -0.01473801    0.14264288     0.00000000     0.44636597     
1.38000000     1.42172645     -0.01449361    0.14145089     0.00000000     0.44265861     
1.39000000     1.42158152     -0.01425327    0.14026891     0.00000000     0.43898222     
1.40000000     1.42143898     -0.01401693    0.13909685     0.00000000     0.43533655     
1.41000000     1.42129882     -0.01378452    0.13793463     0.00000000     0.43172132     
1.42000000     1.42116097     -0.01355598    0.13678217     0.00000000     0.42813629     
1.43000000     1.42102541     -0.01333123    0.13563938     0.00000000     0.42458119     
1.44000000     1.42089210     -0.01311023    0.13450619     0.00000000     0.42105578     
1.45000000     1.42076100     -0.01289289    0.13338250     0.00000000     0.41755979     
1.46000000     1.42063207     -0.01267917    0.13226824     0.00000000     0.41409298     
1.47000000     1.42050528     -0.01246900    0.13116334     0.00000000     0.41065510     
1.48000000     1.42038059     -0.01226232    0.13006770     0.00000000     0.40724591     
1.49000000     1.42025796     -0.01205907    0.12898126     0.00000000     0.40386516     
1.50000000     1.42013737     -0.01185921    0.12790393     0.00000000     0.40051261     
1.51000000     1.42001878     -0.01166266    0.12683564     0.00000000     0.39718803     
1.52000000     1.41990215     -0.01146938    0.12577631     0.00000000     0.39389117     
1.53000000     1.41978746     -0.01127931    0.12472586     0.00000000     0.39062180     
1.54000000     1.41967467     -0.01109240    0.12368422     0.00000000     0.38737970     
1.55000000     1.41956374     -0.01090859    0.12265132     0.00000000     0.38416462     
1.56000000     1.41945466     -0.01072783    0.12162709     0.00000000     0.38097634     
1.57000000     1.41934738     -0.01055008    0.12061144     0.00000000     0.37781464     
1.58000000     1.41924188     -0.01037528    0.11960430     0.00000000     0.37467928     
1.59000000     1.41913812     -0.01020338    0.11860561     0.00000000     0.37157005     
1.60000000     1.41903609     -0.01003433    0.11761530     0.00000000     0.36848673     
1.61000000     1.41893575     -0.00986809    0.11663328     0.00000000     0.36542909     
1.62000000     1.41883707     -0.00970462    0.11565950     0.00000000     0.36239692     
1.63000000     1.41874002     -0.00954385    0.11469388     0.00000000     0.35939001     
1.64000000     1.41864458     -0.00938575    0.11373635     0.00000000     0.35640815     
1.65000000     1.41855072     -0.00923028    0.11278685     0.00000000     0.35345111     
1.66000000     1.41845842     -0.00907739    0.11184530     0.00000000     0.35051870     
1.67000000     1.41836765     -0.00892703    0.11091165     0.00000000     0.34761070     
1.68000000     1.41827838     -0.00877917    0.10998582     0.00000000     0.34472691     
1.69000000     1.41819058     -0.00863377    0.10906774     0.00000000     0.34186712     
1.70000000     1.41810425     -0.00849078    0.10815736     0.00000000     0.33903114     
1.71000000     1.41801934     -0.00835016    0.10725461     0.00000000     0.33621877     
1.72000000     1.41793584     -0.00821187    0.10635942     0.00000000     0.33342980     
1.73000000     1.41785372     -0.00807587    0.10547172     0.00000000     0.33066403     
1.74000000     1.41777296     -0.00794214    0.10459147     0.00000000     0.32792128     
1.75000000     1.41769354     -0.00781062    0.10371858     0.00000000     0.32520135     
1.76000000     1.41761543     -0.00768128    0.10285301     0.00000000     0.32250404     
1.77000000     1.41753862     -0.00755409    0.10199469     0.00000000     0.31982917     
1.78000000     1.41746308     -0.00742901    0.10114355     0.00000000     0.31717656     
1.79000000     1.41738879     -0.00730600    0.10029954     0.00000000     0.31454600     
1.80000000     1.41731573     -0.00718503    0.09946260     0.00000000     0.31193732     
1.81000000     1.41724388     -0.00706607    0.09863267     0.00000000     0.30935033     
1.82000000     1.41717322     -0.00694908    0.09780969     0.00000000     0.30678486     
1.83000000     1.41710373     -0.00683403    0.09699359     0.00000000     0.30424072     
1.84000000     1.41703539     -0.00672089    0.09618433     0.00000000     0.30171772     
1.85000000     1.41696818     -0.00660962    0.09538184     0.00000000     0.29921571     
1.86000000     1.41690208     -0.00650020    0.09458607     0.00000000     0.29673449     
1.87000000     1.41683708     -0.00639260    0.09379697     0.00000000     0.29427390     
1.88000000     1.41677315     -0.00628677    0.09301446     0.00000000     0.29183375     
1.89000000     1.41671029     -0.00618271    0.09223851     0.00000000     0.28941389     
1.90000000     1.41664846     -0.00608036    0.09146905     0.00000000     0.28701414     
1.91000000     1.41658766     -0.00597971    0.09070603     0.00000000     0.28463433     
1.92000000     1.41652786     -0.00588074    0.08994940     0.00000000     0.28227430     
1.93000000     1.41646905     -0.00578340    0.08919909     0.00000000     0.27993387     
1.94000000     1.41641122     -0.00568767    0.08845507     0.00000000     0.27761290     
1.95000000     1.41635434     -0.00559353    0.08771727     0.00000000     0.27531120     
1.96000000     1.41629840     -0.00550095    0.08698564     0.00000000     0.27302862     
1.97000000     1.41624340     -0.00540991    0.08626014     0.00000000     0.27076501     
1.98000000     1.41618930     -0.00532037    0.08554070     0.00000000     0.26852020     
1.99000000     1.41613609     -0.00523232    0.08482729     0.00000000     0.26629404     
2.00000000     1.41608377     -0.00514573    0.08411984     0.00000000     0.26408636     
2.01000000     1.41603231     -0.00506057    0.08341831     0.00000000     0.26189702     
2.02000000     1.41598171     -0.00497682    0.08272264     0.00000000     0.25972586     
2.03000000     1.41593194     -0.00489446    0.08203280     0.00000000     0.25757273     
2.04000000     1.41588299     -0.00481347    0.08134872     0.00000000     0.25543749     
2.05000000     1.41583486     -0.00473382    0.08067037     0.00000000     0.25331997     
2.06000000     1.41578752     -0.00465548    0.07999769     0.00000000     0.25122003     
2.07000000     1.41574097     -0.00457845    0.07933063     0.00000000     0.24913753     
2.08000000     1.41569518     -0.00450269    0.07866916     0.00000000     0.24707232     
2.09000000     1.41565015     -0.00442818    0.07801321     0.00000000     0.24502425     
2.10000000     1.41560587     -0.00435491    0.07736275     0.00000000     0.24299319     
2.11000000     1.41556232     -0.00428285    0.07671773     0.00000000     0.24097898     
2.12000000     1.41551949     -0.00421199    0.07607810     0.00000000     0.23898150     
2.13000000     1.41547737     -0.00414230    0.07544382     0.00000000     0.23700059     
2.14000000     1.41543595     -0.00407376    0.07481484     0.00000000     0.23503613     
2.15000000     1.41539521     -0.00400636    0.07419112     0.00000000     0.23308797     
2.16000000     1.41535515     -0.00394008    0.07357261     0.00000000     0.23115598     
2.17000000     1.41531575     -0.00387489    0.07295927     0.00000000     0.22924002     
2.18000000     1.41527700     -0.00381078    0.07235106     0.00000000     0.22733997     
2.19000000     1.41523889     -0.00374773    0.07174794     0.00000000     0.22545568     
2.20000000     1.41520142     -0.00368573    0.07114985     0.00000000     0.22358702     
2.21000000     1.41516456     -0.00362476    0.07055676     0.00000000     0.22173388     
2.22000000     1.41512831     -0.00356479    0.06996863     0.00000000     0.21989611     
2.23000000     1.41509266     -0.00350582    0.06938542     0.00000000     0.21807358     
2.24000000     1.41505760     -0.00344782    0.06880708     0.00000000     0.21626618     
2.25000000     1.41502313     -0.00339079    0.06823357     0.00000000     0.21447378     
2.26000000     1.41498922     -0.00333469    0.06766485     0.00000000     0.21269624     
2.27000000     1.41495587     -0.00327953    0.06710089     0.00000000     0.21093345     
2.28000000     1.41492308     -0.00322528    0.06654164     0.00000000     0.20918529     
2.29000000     1.41489082     -0.00317193    0.06598706     0.00000000     0.20745163     
2.30000000     1.41485910     -0.00311946    0.06543711     0.00000000     0.20573234     
2.31000000     1.41482791     -0.00306786    0.06489176     0.00000000     0.20402732     
2.32000000     1.41479723     -0.00301712    0.06435097     0.00000000     0.20233645     
2.33000000     1.41476706     -0.00296721    0.06381469     0.00000000     0.20065960     
2.34000000     1.41473739     -0.00291813    0.06328289     0.00000000     0.19899665     
2.35000000     1.41470821     -0.00286986    0.06275554     0.00000000     0.19734750     
2.36000000     1.41467951     -0.00282239    0.06223259     0.00000000     0.19571203     
2.37000000     1.41465128     -0.00277571    0.06171401     0.00000000     0.19409012     
2.38000000     1.41462353     -0.00272980    0.06119976     0.00000000     0.19248166     
2.39000000     1.41459623     -0.00268465    0.06068980     0.00000000     0.19088654     
2.40000000     1.41456938     -0.00264025    0.06018411     0.00000000     0.18930465     
2.41000000     1.41454298     -0.00259658    0.05968264     0.00000000     0.18773587     
2.42000000     1.41451701     -0.00255364    0.05918535     0.00000000     0.18618011     
2.43000000     1.41449148     -0.00251140    0.05869222     0.00000000     0.18463725     
2.44000000     1.41446636     -0.00246987    0.05820321     0.00000000     0.18310718     
2.45000000     1.41444167     -0.00242902    0.05771828     0.00000000     0.18158980     
2.46000000     1.41441737     -0.00238885    0.05723740     0.00000000     0.18008499     
2.47000000     1.41439349     -0.00234934    0.05676053     0.00000000     0.17859267     
2.48000000     1.41436999     -0.00231049    0.05628765     0.00000000     0.17711272     
2.49000000     1.41434689     -0.00227227    0.05581872     0.00000000     0.17564504     
2.50000000     1.41432417     -0.00223470    0.05535370     0.00000000     0.17418953     
2.51000000     1.41430182     -0.00219774    0.05489256     0.00000000     0.17274609     
2.52000000     1.41427984     -0.00216140    0.05443527     0.00000000     0.17131461     
2.53000000     1.41425823     -0.00212565    0.05398180     0.00000000     0.16989500     
2.54000000     1.41423697     -0.00209050    0.05353212     0.00000000     0.16848716     
2.55000000     1.41421607     -0.00205593    0.05308619     0.00000000     0.16709100     
2.56000000     1.41419551     -0.00202193    0.05264398     0.00000000     0.16570640     
2.57000000     1.41417529     -0.00198850    0.05220547     0.00000000     0.16433329     
2.58000000     1.41415540     -0.00195561    0.05177061     0.00000000     0.16297155     
2.59000000     1.41413585     -0.00192327    0.05133938     0.00000000     0.16162111     
2.60000000     1.41411661     -0.00189147    0.05091176     0.00000000     0.16028186     
2.61000000     1.41409770     -0.00186019    0.05048770     0.00000000     0.15895371     
2.62000000     1.41407910     -0.00182943    0.05006718     0.00000000     0.15763657     
2.63000000     1.41406080     -0.00179918    0.04965017     0.00000000     0.15633035     
2.64000000     1.41404281     -0.00176943    0.04923665     0.00000000     0.15503495     
2.65000000     1.41402512     -0.00174017    0.04882657     0.00000000     0.15375030     
2.66000000     1.41400771     -0.00171140    0.04841991     0.00000000     0.15247629     
2.67000000     1.41399060     -0.00168310    0.04801665     0.00000000     0.15121284     
2.68000000     1.41397377     -0.00165527    0.04761676     0.00000000     0.14995986     
2.69000000     1.41395722     -0.00162790    0.04722020     0.00000000     0.14871727     
2.70000000     1.41394094     -0.00160098    0.04682695     0.00000000     0.14748498     
2.71000000     1.41392493     -0.00157451    0.04643698     0.00000000     0.14626290     
2.72000000     1.41390918     -0.00154848    0.04605026     0.00000000     0.14505094     
2.73000000     1.41389370     -0.00152287    0.04566677     0.00000000     0.14384904     
2.74000000     1.41387847     -0.00149770    0.04528649     0.00000000     0.14265709     
2.75000000     1.41386349     -0.00147293    0.04490937     0.00000000     0.14147502     
2.76000000     1.41384876     -0.00144858    0.04453540     0.00000000     0.14030275     
2.77000000     1.41383428     -0.00142463    0.04416455     0.00000000     0.13914020     
2.78000000     1.41382003     -0.00140107    0.04379680     0.00000000     0.13798728     
2.79000000     1.41380602     -0.00137791    0.04343211     0.00000000     0.13684391     
2.80000000     1.41379224     -0.00135513    0.04307046     0.00000000     0.13571002     
2.81000000     1.41377869     -0.00133272    0.04271183     0.00000000     0.13458552     
2.82000000     1.41376536     -0.00131069    0.04235620     0.00000000     0.13347035     
2.83000000     1.41375226     -0.00128902    0.04200353     0.00000000     0.13236441     
2.84000000     1.41373937     -0.00126771    0.04165380     0.00000000     0.13126764     
2.85000000     1.41372669     -0.00124675    0.04130699     0.00000000     0.13017996     
2.86000000     1.41371422     -0.00122613    0.04096307     0.00000000     0.12910129     
2.87000000     1.41370196     -0.00120586    0.04062202     0.00000000     0.12803156     
2.88000000     1.41368990     -0.00118593    0.04028381     0.00000000     0.12697070     
2.89000000     1.41367804     -0.00116632    0.03994842     0.00000000     0.12591862     
2.90000000     1.41366638     -0.00114704    0.03961584     0.00000000     0.12487527     
2.91000000     1.41365491     -0.00112807    0.03928602     0.00000000     0.12384056     
2.92000000     1.41364363     -0.00110942    0.03895896     0.00000000     0.12281442     
2.93000000     1.41363253     -0.00109108    0.03863462     0.00000000     0.12179679     
2.94000000     1.41362162     -0.00107305    0.03831299     0.00000000     0.12078758     
2.95000000     1.41361089     -0.00105531    0.03799404     0.00000000     0.11978674     
2.96000000     1.41360034     -0.00103786    0.03767775     0.00000000     0.11879420     
2.97000000     1.41358996     -0.00102070    0.03736410     0.00000000     0.11780988     
2.98000000     1.41357975     -0.00100383    0.03705306     0.00000000     0.11683371     
2.99000000     1.41356972     -0.00098723    0.03674462     0.00000000     0.11586563     
3.00000000     1.41355984     -0.00097091    0.03643875     0.00000000     0.11490557     
3.01000000     1.41355013     -0.00095486    0.03613543     0.00000000     0.11395347     
3.02000000     1.41354058     -0.00093908    0.03583463     0.00000000     0.11300926     
3.03000000     1.41353119     -0.00092355    0.03553635     0.00000000     0.11207287     
3.04000000     1.41352196     -0.00090828    0.03524055     0.00000000     0.11114424     
3.05000000     1.41351288     -0.00089327    0.03494722     0.00000000     0.11022330     
3.06000000     1.41350394     -0.00087850    0.03465634     0.00000000     0.10930999     
3.07000000     1.41349516     -0.00086398    0.03436788     0.00000000     0.10840425     
3.08000000     1.41348652     -0.00084970    0.03408182     0.00000000     0.10750602     
3.09000000     1.41347802     -0.00083565    0.03379815     0.00000000     0.10661522     
3.10000000     1.41346966     -0.00082184    0.03351684     0.00000000     0.10573181     
3.11000000     1.41346145     -0.00080825    0.03323788     0.00000000     0.10485572     
3.12000000     1.41345336     -0.00079489    0.03296124     0.00000000     0.10398688     
3.13000000     1.41344542     -0.00078175    0.03268691     0.00000000     0.10312525     
3.14000000     1.41343760     -0.00076883    0.03241487     0.00000000     0.10227075     
3.15000000     1.41342991     -0.00075612    0.03214510     0.00000000     0.10142333     
3.16000000     1.41342235     -0.00074362    0.03187757     0.00000000     0.10058294     
3.17000000     1.41341491     -0.00073133    0.03161227     0.00000000     0.09974950     
3.18000000     1.41340760     -0.00071924    0.03134919     0.00000000     0.09892297     
3.19000000     1.41340041     -0.00070735    0.03108829     0.00000000     0.09810329     
3.20000000     1.41339333     -0.00069566    0.03082957     0.00000000     0.09729040     
3.21000000     1.41338638     -0.00068416    0.03057301     0.00000000     0.09648425     
3.22000000     1.41337953     -0.00067285    0.03031859     0.00000000     0.09568477     
3.23000000     1.41337281     -0.00066173    0.03006628     0.00000000     0.09489192     
3.24000000     1.41336619     -0.00065079    0.02981608     0.00000000     0.09410563     
3.25000000     1.41335968     -0.00064003    0.02956797     0.00000000     0.09332586     
3.26000000     1.41335328     -0.00062945    0.02932192     0.00000000     0.09255255     
3.27000000     1.41334699     -0.00061905    0.02907792     0.00000000     0.09178565     
3.28000000     1.41334080     -0.00060881    0.02883596     0.00000000     0.09102510     
3.29000000     1.41333471     -0.00059875    0.02859601     0.00000000     0.09027085     
3.30000000     1.41332872     -0.00058885    0.02835806     0.00000000     0.08952285     
3.31000000     1.41332283     -0.00057912    0.02812209     0.00000000     0.08878105     
3.32000000     1.41331704     -0.00056955    0.02788809     0.00000000     0.08804539     
3.33000000     1.41331134     -0.00056013    0.02765604     0.00000000     0.08731583     
3.34000000     1.41330574     -0.00055088    0.02742593     0.00000000     0.08659231     
3.35000000     1.41330023     -0.00054177    0.02719773     0.00000000     0.08587479     
3.36000000     1.41329482     -0.00053282    0.02697143     0.00000000     0.08516321     
3.37000000     1.41328949     -0.00052401    0.02674702     0.00000000     0.08445752     
3.38000000     1.41328425     -0.00051535    0.02652448     0.00000000     0.08375768     
3.39000000     1.41327910     -0.00050683    0.02630379     0.00000000     0.08306364     
3.40000000     1.41327403     -0.00049845    0.02608494     0.00000000     0.08237535     
3.41000000     1.41326904     -0.00049021    0.02586791     0.00000000     0.08169276     
3.42000000     1.41326414     -0.00048211    0.02565269     0.00000000     0.08101583     
3.43000000     1.41325932     -0.00047414    0.02543927     0.00000000     0.08034451     
3.44000000     1.41325458     -0.00046630    0.02522762     0.00000000     0.07967874     
3.45000000     1.41324991     -0.00045860    0.02501774     0.00000000     0.07901849     
3.46000000     1.41324533     -0.00045102    0.02480960     0.00000000     0.07836372     
3.47000000     1.41324082     -0.00044356    0.02460320     0.00000000     0.07771436     
3.48000000     1.41323638     -0.00043623    0.02439852     0.00000000     0.07707039     
3.49000000     1.41323202     -0.00042902    0.02419554     0.00000000     0.07643175     
3.50000000     1.41322773     -0.00042193    0.02399425     0.00000000     0.07579840     
3.51000000     1.41322351     -0.00041496    0.02379464     0.00000000     0.07517030     
3.52000000     1.41321936     -0.00040810    0.02359670     0.00000000     0.07454740     
3.53000000     1.41321528     -0.00040135    0.02340040     0.00000000     0.07392966     
3.54000000     1.41321127     -0.00039472    0.02320574     0.00000000     0.07331704     
3.55000000     1.41320732     -0.00038820    0.02301269     0.00000000     0.07270950     
3.56000000     1.41320344     -0.00038178    0.02282126     0.00000000     0.07210699     
3.57000000     1.41319962     -0.00037547    0.02263142     0.00000000     0.07150947     
3.58000000     1.41319587     -0.00036926    0.02244316     0.00000000     0.07091690     
3.59000000     1.41319217     -0.00036316    0.02225647     0.00000000     0.07032924     
3.60000000     1.41318854     -0.00035716    0.02207134     0.00000000     0.06974645     
3.61000000     1.41318497     -0.00035125    0.02188774     0.00000000     0.06916848     
3.62000000     1.41318146     -0.00034545    0.02170568     0.00000000     0.06859531     
3.63000000     1.41317800     -0.00033974    0.02152513     0.00000000     0.06802688     
3.64000000     1.41317461     -0.00033412    0.02134608     0.00000000     0.06746316     
3.65000000     1.41317126     -0.00032860    0.02116853     0.00000000     0.06690411     
3.66000000     1.41316798     -0.00032317    0.02099246     0.00000000     0.06634970     
3.67000000     1.41316475     -0.00031783    0.02081785     0.00000000     0.06579987     
3.68000000     1.41316157     -0.00031258    0.02064469     0.00000000     0.06525461     
3.69000000     1.41315844     -0.00030741    0.02047298     0.00000000     0.06471385     
3.70000000     1.41315537     -0.00030233    0.02030270     0.00000000     0.06417758     
3.71000000     1.41315234     -0.00029733    0.02013383     0.00000000     0.06364576     
3.72000000     1.41314937     -0.00029242    0.01996637     0.00000000     0.06311833     
3.73000000     1.41314645     -0.00028759    0.01980031     0.00000000     0.06259528     
3.74000000     1.41314357     -0.00028283    0.01963563     0.00000000     0.06207656     
3.75000000     1.41314074     -0.00027816    0.01947232     0.00000000     0.06156214     
3.76000000     1.41313796     -0.00027356    0.01931037     0.00000000     0.06105198     
3.77000000     1.41313523     -0.00026904    0.01914977     0.00000000     0.06054604     
3.78000000     1.41313254     -0.00026459    0.01899050     0.00000000     0.06004430     
3.79000000     1.41312989     -0.00026022    0.01883256     0.00000000     0.05954672     
3.80000000     1.41312729     -0.00025592    0.01867594     0.00000000     0.05905325     
3.81000000     1.41312473     -0.00025169    0.01852062     0.00000000     0.05856388     
3.82000000     1.41312221     -0.00024753    0.01836659     0.00000000     0.05807856     
3.83000000     1.41311974     -0.00024344    0.01821385     0.00000000     0.05759726     
3.84000000     1.41311730     -0.00023942    0.01806238     0.00000000     0.05711994     
3.85000000     1.41311491     -0.00023546    0.01791217     0.00000000     0.05664658     
3.86000000     1.41311255     -0.00023157    0.01776321     0.00000000     0.05617715     
3.87000000     1.41311024     -0.00022774    0.01761548     0.00000000     0.05571160     
3.88000000     1.41310796     -0.00022398    0.01746899     0.00000000     0.05524991     
3.89000000     1.41310572     -0.00022028    0.01732372     0.00000000     0.05479204     
3.90000000     1.41310352     -0.00021664    0.01717966     0.00000000     0.05433797     
3.91000000     1.41310135     -0.00021306    0.01703680     0.00000000     0.05388766     
3.92000000     1.41309922     -0.00020953    0.01689513     0.00000000     0.05344108     
3.93000000     1.41309712     -0.00020607    0.01675463     0.00000000     0.05299820     
3.94000000     1.41309506     -0.00020267    0.01661531     0.00000000     0.05255899     
3.95000000     1.41309304     -0.00019932    0.01647714     0.00000000     0.05212342     
3.96000000     1.41309104     -0.00019602    0.01634013     0.00000000     0.05169146     
3.97000000     1.41308908     -0.00019278    0.01620425     0.00000000     0.05126307     
3.98000000     1.41308716     -0.00018960    0.01606951     0.00000000     0.05083824     
3.99000000     1.41308526     -0.00018646    0.01593589     0.00000000     0.05041692     
4.00000000     1.41308340     -0.00018338    0.01580338     0.00000000     0.04999909     
4.01000000     1.41308156     -0.00018035    0.01567198     0.00000000     0.04958473     
4.02000000     1.41307976     -0.00017737    0.01554166     0.00000000     0.04917380     
4.03000000     1.41307798     -0.00017444    0.01541244     0.00000000     0.04876627     
4.04000000     1.41307624     -0.00017156    0.01528428     0.00000000     0.04836212     
4.05000000     1.41307452     -0.00016872    0.01515720     0.00000000     0.04796132     
4.06000000     1.41307284     -0.00016593    0.01503117     0.00000000     0.04756384     
4.07000000     1.41307118     -0.00016319    0.01490619     0.00000000     0.04716966     
4.08000000     1.41306955     -0.00016049    0.01478225     0.00000000     0.04677873     
4.09000000     1.41306794     -0.00015784    0.01465935     0.00000000     0.04639105     
4.10000000     1.41306636     -0.00015523    0.01453746     0.00000000     0.04600658     
4.11000000     1.41306481     -0.00015267    0.01441659     0.00000000     0.04562529     
4.12000000     1.41306328     -0.00015014    0.01429673     0.00000000     0.04524717     
4.13000000     1.41306178     -0.00014766    0.01417786     0.00000000     0.04487217     
4.14000000     1.41306031     -0.00014522    0.01405999     0.00000000     0.04450029     
4.15000000     1.41305885     -0.00014282    0.01394309     0.00000000     0.04413148     
4.16000000     1.41305743     -0.00014046    0.01382717     0.00000000     0.04376573     
4.17000000     1.41305602     -0.00013814    0.01371221     0.00000000     0.04340301     
4.18000000     1.41305464     -0.00013586    0.01359821     0.00000000     0.04304330     
4.19000000     1.41305328     -0.00013361    0.01348515     0.00000000     0.04268656     
4.20000000     1.41305194     -0.00013140    0.01337304     0.00000000     0.04233279     
4.21000000     1.41305063     -0.00012923    0.01326186     0.00000000     0.04198194     
4.22000000     1.41304934     -0.00012710    0.01315161     0.00000000     0.04163400     
4.23000000     1.41304807     -0.00012500    0.01304227     0.00000000     0.04128894     
4.24000000     1.41304682     -0.00012293    0.01293384     0.00000000     0.04094674     
4.25000000     1.41304559     -0.00012090    0.01282632     0.00000000     0.04060738     
4.26000000     1.41304438     -0.00011890    0.01271969     0.00000000     0.04027083     
4.27000000     1.41304319     -0.00011694    0.01261395     0.00000000     0.03993706     
4.28000000     1.41304202     -0.00011500    0.01250908     0.00000000     0.03960607     
4.29000000     1.41304087     -0.00011310    0.01240509     0.00000000     0.03927781     
4.30000000     1.41303974     -0.00011123    0.01230197     0.00000000     0.03895228     
4.31000000     1.41303863     -0.00010940    0.01219970     0.00000000     0.03862944     
4.32000000     1.41303753     -0.00010759    0.01209829     0.00000000     0.03830927     
4.33000000     1.41303646     -0.00010581    0.01199772     0.00000000     0.03799176     
4.34000000     1.41303540     -0.00010406    0.01189798     0.00000000     0.03767688     
4.35000000     1.41303436     -0.00010234    0.01179907     0.00000000     0.03736461     
4.36000000     1.41303334     -0.00010065    0.01170099     0.00000000     0.03705493     
4.37000000     1.41303233     -0.00009899    0.01160373     0.00000000     0.03674781     
4.38000000     1.41303134     -0.00009735    0.01150727     0.00000000     0.03644324     
4.39000000     1.41303037     -0.00009574    0.01141161     0.00000000     0.03614119     
4.40000000     1.41302941     -0.00009416    0.01131675     0.00000000     0.03584164     
4.41000000     1.41302847     -0.00009261    0.01122269     0.00000000     0.03554458     
4.42000000     1.41302754     -0.00009107    0.01112940     0.00000000     0.03524997     
4.43000000     1.41302663     -0.00008957    0.01103689     0.00000000     0.03495781     
4.44000000     1.41302573     -0.00008809    0.01094515     0.00000000     0.03466807     
4.45000000     1.41302485     -0.00008663    0.01085417     0.00000000     0.03438073     
4.46000000     1.41302399     -0.00008520    0.01076395     0.00000000     0.03409577     
4.47000000     1.41302313     -0.00008379    0.01067448     0.00000000     0.03381317     
4.48000000     1.41302230     -0.00008241    0.01058575     0.00000000     0.03353291     
4.49000000     1.41302147     -0.00008105    0.01049776     0.00000000     0.03325498     
4.50000000     1.41302066     -0.00007971    0.01041051     0.00000000     0.03297935     
4.51000000     1.41301986     -0.00007839    0.01032398     0.00000000     0.03270600     
4.52000000     1.41301908     -0.00007710    0.01023816     0.00000000     0.03243491     
4.53000000     1.41301831     -0.00007582    0.01015307     0.00000000     0.03216608     
4.54000000     1.41301755     -0.00007457    0.01006868     0.00000000     0.03189947     
4.55000000     1.41301681     -0.00007334    0.00998499     0.00000000     0.03163507     
4.56000000     1.41301607     -0.00007212    0.00990200     0.00000000     0.03137286     
4.57000000     1.41301535     -0.00007093    0.00981970     0.00000000     0.03111282     
4.58000000     1.41301464     -0.00006976    0.00973809     0.00000000     0.03085494     
4.59000000     1.41301394     -0.00006861    0.00965715     0.00000000     0.03059919     
4.60000000     1.41301326     -0.00006747    0.00957689     0.00000000     0.03034557     
4.61000000     1.41301258     -0.00006636    0.00949729     0.00000000     0.03009404     
4.62000000     1.41301192     -0.00006526    0.00941836     0.00000000     0.02984460     
4.63000000     1.41301127     -0.00006418    0.00934008     0.00000000     0.02959723     
4.64000000     1.41301063     -0.00006312    0.00926245     0.00000000     0.02935191     
4.65000000     1.41300999     -0.00006208    0.00918547     0.00000000     0.02910861     
4.66000000     1.41300937     -0.00006105    0.00910913     0.00000000     0.02886734     
4.67000000     1.41300876     -0.00006005    0.00903343     0.00000000     0.02862806     
4.68000000     1.41300816     -0.00005905    0.00895835     0.00000000     0.02839077     
4.69000000     1.41300757     -0.00005808    0.00888390     0.00000000     0.02815545     
4.70000000     1.41300699     -0.00005712    0.00881007     0.00000000     0.02792207     
4.71000000     1.41300642     -0.00005617    0.00873685     0.00000000     0.02769063     
4.72000000     1.41300586     -0.00005525    0.00866424     0.00000000     0.02746110     
4.73000000     1.41300531     -0.00005433    0.00859224     0.00000000     0.02723348     
4.74000000     1.41300476     -0.00005343    0.00852083     0.00000000     0.02700774     
4.75000000     1.41300423     -0.00005255    0.00845002     0.00000000     0.02678388     
4.76000000     1.41300370     -0.00005168    0.00837979     0.00000000     0.02656186     
4.77000000     1.41300319     -0.00005083    0.00831015     0.00000000     0.02634169     
4.78000000     1.41300268     -0.00004999    0.00824109     0.00000000     0.02612335     
4.79000000     1.41300218     -0.00004916    0.00817261     0.00000000     0.02590681     
4.80000000     1.41300169     -0.00004835    0.00810469     0.00000000     0.02569207     
4.81000000     1.41300120     -0.00004755    0.00803734     0.00000000     0.02547910     
4.82000000     1.41300073     -0.00004677    0.00797055     0.00000000     0.02526790     
4.83000000     1.41300026     -0.00004599    0.00790431     0.00000000     0.02505845     
4.84000000     1.41299980     -0.00004523    0.00783863     0.00000000     0.02485074     
4.85000000     1.41299935     -0.00004449    0.00777349     0.00000000     0.02464475     
4.86000000     1.41299890     -0.00004375    0.00770889     0.00000000     0.02444046     
4.87000000     1.41299846     -0.00004303    0.00764483     0.00000000     0.02423787     
4.88000000     1.41299803     -0.00004232    0.00758130     0.00000000     0.02403696     
4.89000000     1.41299761     -0.00004162    0.00751831     0.00000000     0.02383771     
4.90000000     1.41299720     -0.00004093    0.00745583     0.00000000     0.02364011     
4.91000000     1.41299679     -0.00004025    0.00739388     0.00000000     0.02344415     
4.92000000     1.41299638     -0.00003959    0.00733243     0.00000000     0.02324982     
4.93000000     1.41299599     -0.00003893    0.00727151     0.00000000     0.02305709     
4.94000000     1.41299560     -0.00003829    0.00721108     0.00000000     0.02286597     
4.95000000     1.41299522     -0.00003766    0.00715116     0.00000000     0.02267642     
4.96000000     1.41299484     -0.00003704    0.00709174     0.00000000     0.02248845     
4.97000000     1.41299447     -0.00003642    0.00703281     0.00000000     0.02230203     
4.98000000     1.41299410     -0.00003582    0.00697437     0.00000000     0.02211716     
4.99000000     1.41299375     -0.00003523    0.00691642     0.00000000     0.02193382     
5.00000000     1.41299339     -0.00003465    0.00685895     0.00000000     0.02175200     
5.01000000     1.41299305     -0.00003407    0.00680196     0.00000000     0.02157169     
5.02000000     1.41299271     -0.00003351    0.00674544     0.00000000     0.02139287     
5.03000000     1.41299237     -0.00003296    0.00668939     0.00000000     0.02121554     
5.04000000     1.41299204     -0.00003241    0.00663381     0.00000000     0.02103967     
5.05000000     1.41299172     -0.00003188    0.00657869     0.00000000     0.02086526     
5.06000000     1.41299140     -0.00003135    0.00652403     0.00000000     0.02069230     
5.07000000     1.41299109     -0.00003083    0.00646982     0.00000000     0.02052076     
5.08000000     1.41299078     -0.00003032    0.00641606     0.00000000     0.02035066     
5.09000000     1.41299047     -0.00002982    0.00636275     0.00000000     0.02018196     
5.10000000     1.41299018     -0.00002933    0.00630989     0.00000000     0.02001465     
5.11000000     1.41298988     -0.00002884    0.00625746     0.00000000     0.01984874     
5.12000000     1.41298959     -0.00002837    0.00620547     0.00000000     0.01968420     
5.13000000     1.41298931     -0.00002790    0.00615391     0.00000000     0.01952102     
5.14000000     1.41298903     -0.00002744    0.00610278     0.00000000     0.01935920     
5.15000000     1.41298876     -0.00002698    0.00605207     0.00000000     0.01919872     
5.16000000     1.41298849     -0.00002654    0.00600179     0.00000000     0.01903956     
5.17000000     1.41298822     -0.00002610    0.00595193     0.00000000     0.01888173     
5.18000000     1.41298796     -0.00002567    0.00590247     0.00000000     0.01872520     
5.19000000     1.41298770     -0.00002525    0.00585343     0.00000000     0.01856998     
5.20000000     1.41298745     -0.00002483    0.00580480     0.00000000     0.01841603     
5.21000000     1.41298720     -0.00002442    0.00575657     0.00000000     0.01826337     
5.22000000     1.41298696     -0.00002401    0.00570875     0.00000000     0.01811197     
5.23000000     1.41298672     -0.00002362    0.00566132     0.00000000     0.01796182     
5.24000000     1.41298648     -0.00002323    0.00561428     0.00000000     0.01781292     
5.25000000     1.41298625     -0.00002284    0.00556764     0.00000000     0.01766525     
5.26000000     1.41298602     -0.00002247    0.00552138     0.00000000     0.01751881     
5.27000000     1.41298580     -0.00002209    0.00547551     0.00000000     0.01737358     
5.28000000     1.41298558     -0.00002173    0.00543002     0.00000000     0.01722955     
5.29000000     1.41298536     -0.00002137    0.00538491     0.00000000     0.01708672     
5.30000000     1.41298515     -0.00002102    0.00534017     0.00000000     0.01694507     
5.31000000     1.41298494     -0.00002067    0.00529581     0.00000000     0.01680459     
5.32000000     1.41298473     -0.00002033    0.00525181     0.00000000     0.01666528     
5.33000000     1.41298453     -0.00001999    0.00520818     0.00000000     0.01652712     
5.34000000     1.41298433     -0.00001966    0.00516491     0.00000000     0.01639011     
5.35000000     1.41298413     -0.00001934    0.00512200     0.00000000     0.01625424     
5.36000000     1.41298394     -0.00001902    0.00507945     0.00000000     0.01611949     
5.37000000     1.41298374     -0.00001870    0.00503725     0.00000000     0.01598585     
5.38000000     1.41298356     -0.00001839    0.00499541     0.00000000     0.01585333     
5.39000000     1.41298337     -0.00001809    0.00495391     0.00000000     0.01572190     
5.40000000     1.41298319     -0.00001779    0.00491275     0.00000000     0.01559156     
5.41000000     1.41298302     -0.00001750    0.00487194     0.00000000     0.01546231     
5.42000000     1.41298284     -0.00001721    0.00483147     0.00000000     0.01533412     
5.43000000     1.41298267     -0.00001692    0.00479133     0.00000000     0.01520700     
5.44000000     1.41298250     -0.00001664    0.00475153     0.00000000     0.01508093     
5.45000000     1.41298233     -0.00001637    0.00471206     0.00000000     0.01495590     
5.46000000     1.41298217     -0.00001610    0.00467291     0.00000000     0.01483191     
5.47000000     1.41298201     -0.00001583    0.00463409     0.00000000     0.01470895     
5.48000000     1.41298185     -0.00001557    0.00459560     0.00000000     0.01458701     
5.49000000     1.41298169     -0.00001531    0.00455742     0.00000000     0.01446608     
5.50000000     1.41298154     -0.00001506    0.00451956     0.00000000     0.01434615     
5.51000000     1.41298139     -0.00001481    0.00448202     0.00000000     0.01422721     
5.52000000     1.41298124     -0.00001457    0.00444479     0.00000000     0.01410926     
5.53000000     1.41298110     -0.00001433    0.00440786     0.00000000     0.01399229     
5.54000000     1.41298095     -0.00001409    0.00437125     0.00000000     0.01387629     
5.55000000     1.41298081     -0.00001386    0.00433494     0.00000000     0.01376125     
5.56000000     1.41298067     -0.00001363    0.00429893     0.00000000     0.01364716     
5.57000000     1.41298054     -0.00001340    0.00426322     0.00000000     0.01353402     
5.58000000     1.41298040     -0.00001318    0.00422780     0.00000000     0.01342181     
5.59000000     1.41298027     -0.00001296    0.00419268     0.00000000     0.01331054     
5.60000000     1.41298014     -0.00001275    0.00415786     0.00000000     0.01320019     
5.61000000     1.41298001     -0.00001254    0.00412332     0.00000000     0.01309075     
5.62000000     1.41297989     -0.00001233    0.00408907     0.00000000     0.01298222     
5.63000000     1.41297977     -0.00001213    0.00405510     0.00000000     0.01287459     
5.64000000     1.41297964     -0.00001193    0.00402142     0.00000000     0.01276785     
5.65000000     1.41297952     -0.00001173    0.00398802     0.00000000     0.01266200     
5.66000000     1.41297941     -0.00001154    0.00395489     0.00000000     0.01255702     
5.67000000     1.41297929     -0.00001135    0.00392204     0.00000000     0.01245292     
5.68000000     1.41297918     -0.00001116    0.00388946     0.00000000     0.01234967     
5.69000000     1.41297907     -0.00001097    0.00385715     0.00000000     0.01224729     
5.70000000     1.41297896     -0.00001079    0.00382511     0.00000000     0.01214575     
5.71000000     1.41297885     -0.00001061    0.00379334     0.00000000     0.01204505     
5.72000000     1.41297874     -0.00001044    0.00376183     0.00000000     0.01194519     
5.73000000     1.41297864     -0.00001027    0.00373059     0.00000000     0.01184615     
5.74000000     1.41297854     -0.00001010    0.00369960     0.00000000     0.01174794     
5.75000000     1.41297844     -0.00000993    0.00366887     0.00000000     0.01165054     
5.76000000     1.41297834     -0.00000977    0.00363840     0.00000000     0.01155395     
5.77000000     1.41297824     -0.00000960    0.00360818     0.00000000     0.01145815     
5.78000000     1.41297814     -0.00000945    0.00357821     0.00000000     0.01136316     
5.79000000     1.41297805     -0.00000929    0.00354849     0.00000000     0.01126895     
5.80000000     1.41297796     -0.00000914    0.00351901     0.00000000     0.01117552     
5.81000000     1.41297786     -0.00000899    0.00348978     0.00000000     0.01108286     
5.82000000     1.41297777     -0.00000884    0.00346080     0.00000000     0.01099098     
5.83000000     1.41297769     -0.00000869    0.00343205     0.00000000     0.01089985     
5.84000000     1.41297760     -0.00000855    0.00340355     0.00000000     0.01080948     
5.85000000     1.41297751     -0.00000841    0.00337528     0.00000000     0.01071986     
5.86000000     1.41297743     -0.00000827    0.00334725     0.00000000     0.01063098     
5.87000000     1.41297735     -0.00000813    0.00331944     0.00000000     0.01054284     
5.88000000     1.41297727     -0.00000800    0.00329187     0.00000000     0.01045543     
5.89000000     1.41297719     -0.00000786    0.00326453     0.00000000     0.01036874     
5.90000000     1.41297711     -0.00000773    0.00323742     0.00000000     0.01028277     
5.91000000     1.41297703     -0.00000761    0.00321053     0.00000000     0.01019752     
5.92000000     1.41297695     -0.00000748    0.00318387     0.00000000     0.01011297     
5.93000000     1.41297688     -0.00000736    0.00315742     0.00000000     0.01002912     
5.94000000     1.41297680     -0.00000724    0.00313120     0.00000000     0.00994597     
5.95000000     1.41297673     -0.00000712    0.00310519     0.00000000     0.00986351     
5.96000000     1.41297666     -0.00000700    0.00307940     0.00000000     0.00978173     
5.97000000     1.41297659     -0.00000688    0.00305383     0.00000000     0.00970063     
5.98000000     1.41297652     -0.00000677    0.00302846     0.00000000     0.00962020     
5.99000000     1.41297645     -0.00000666    0.00300331     0.00000000     0.00954043     
6.00000000     1.41297639     -0.00000655    0.00297837     0.00000000     0.00946133     
6.01000000     1.41297632     -0.00000644    0.00295363     0.00000000     0.00938289     
6.02000000     1.41297626     -0.00000633    0.00292910     0.00000000     0.00930509     
6.03000000     1.41297619     -0.00000623    0.00290478     0.00000000     0.00922794     
6.04000000     1.41297613     -0.00000612    0.00288065     0.00000000     0.00915143     
6.05000000     1.41297607     -0.00000602    0.00285673     0.00000000     0.00907555     
6.06000000     1.41297601     -0.00000592    0.00283300     0.00000000     0.00900030     
6.07000000     1.41297595     -0.00000583    0.00280947     0.00000000     0.00892568     
6.08000000     1.41297589     -0.00000573    0.00278614     0.00000000     0.00885167     
6.09000000     1.41297584     -0.00000564    0.00276300     0.00000000     0.00877828     
6.10000000     1.41297578     -0.00000554    0.00274006     0.00000000     0.00870550     
6.11000000     1.41297572     -0.00000545    0.00271730     0.00000000     0.00863332     
6.12000000     1.41297567     -0.00000536    0.00269473     0.00000000     0.00856174     
6.13000000     1.41297562     -0.00000527    0.00267235     0.00000000     0.00849075     
6.14000000     1.41297556     -0.00000518    0.00265016     0.00000000     0.00842035     
6.15000000     1.41297551     -0.00000510    0.00262815     0.00000000     0.00835053     
6.16000000     1.41297546     -0.00000501    0.00260633     0.00000000     0.00828129     
6.17000000     1.41297541     -0.00000493    0.00258468     0.00000000     0.00821263     
6.18000000     1.41297536     -0.00000485    0.00256322     0.00000000     0.00814453     
6.19000000     1.41297531     -0.00000477    0.00254193     0.00000000     0.00807700     
6.20000000     1.41297527     -0.00000469    0.00252082     0.00000000     0.00801003     
6.21000000     1.41297522     -0.00000461    0.00249988     0.00000000     0.00794362     
6.22000000     1.41297517     -0.00000454    0.00247912     0.00000000     0.00787775     
6.23000000     1.41297513     -0.00000446    0.00245854     0.00000000     0.00781243     
6.24000000     1.41297508     -0.00000439    0.00243812     0.00000000     0.00774766     
6.25000000     1.41297504     -0.00000432    0.00241787     0.00000000     0.00768342     
6.26000000     1.41297500     -0.00000425    0.00239779     0.00000000     0.00761971     
6.27000000     1.41297495     -0.00000418    0.00237788     0.00000000     0.00755653     
6.28000000     1.41297491     -0.00000411    0.00235813     0.00000000     0.00749387     
6.29000000     1.41297487     -0.00000404    0.00233855     0.00000000     0.00743174     
6.30000000     1.41297483     -0.00000397    0.00231913     0.00000000     0.00737012     
6.31000000     1.41297479     -0.00000391    0.00229987     0.00000000     0.00730901     
6.32000000     1.41297475     -0.00000384    0.00228077     0.00000000     0.00724840     
6.33000000     1.41297471     -0.00000378    0.00226183     0.00000000     0.00718830     
6.34000000     1.41297467     -0.00000372    0.00224305     0.00000000     0.00712870     
6.35000000     1.41297464     -0.00000365    0.00222442     0.00000000     0.00706959     
6.36000000     1.41297460     -0.00000359    0.00220595     0.00000000     0.00701097     
6.37000000     1.41297456     -0.00000353    0.00218763     0.00000000     0.00695284     
6.38000000     1.41297453     -0.00000348    0.00216947     0.00000000     0.00689519     
6.39000000     1.41297449     -0.00000342    0.00215145     0.00000000     0.00683801     
6.40000000     1.41297446     -0.00000336    0.00213359     0.00000000     0.00678131     
6.41000000     1.41297443     -0.00000331    0.00211587     0.00000000     0.00672508     
6.42000000     1.41297439     -0.00000325    0.00209830     0.00000000     0.00666932     
6.43000000     1.41297436     -0.00000320    0.00208088     0.00000000     0.00661402     
6.44000000     1.41297433     -0.00000315    0.00206360     0.00000000     0.00655918     
6.45000000     1.41297430     -0.00000309    0.00204646     0.00000000     0.00650479     
6.46000000     1.41297427     -0.00000304    0.00202947     0.00000000     0.00645085     
6.47000000     1.41297424     -0.00000299    0.00201261     0.00000000     0.00639736     
6.48000000     1.41297421     -0.00000294    0.00199590     0.00000000     0.00634432     
6.49000000     1.41297418     -0.00000289    0.00197933     0.00000000     0.00629171     
6.50000000     1.41297415     -0.00000285    0.00196289     0.00000000     0.00623954     
6.51000000     1.41297412     -0.00000280    0.00194659     0.00000000     0.00618780     
6.52000000     1.41297409     -0.00000275    0.00193043     0.00000000     0.00613649     
6.53000000     1.41297406     -0.00000271    0.00191440     0.00000000     0.00608561     
6.54000000     1.41297404     -0.00000266    0.00189850     0.00000000     0.00603515     
6.55000000     1.41297401     -0.00000262    0.00188274     0.00000000     0.00598511     
6.56000000     1.41297398     -0.00000258    0.00186711     0.00000000     0.00593548     
6.57000000     1.41297396     -0.00000253    0.00185160     0.00000000     0.00588626     
6.58000000     1.41297393     -0.00000249    0.00183623     0.00000000     0.00583745     
6.59000000     1.41297391     -0.00000245    0.00182098     0.00000000     0.00578905     
6.60000000     1.41297388     -0.00000241    0.00180586     0.00000000     0.00574104     
6.61000000     1.41297386     -0.00000237    0.00179086     0.00000000     0.00569344     
6.62000000     1.41297384     -0.00000233    0.00177599     0.00000000     0.00564623     
6.63000000     1.41297381     -0.00000229    0.00176125     0.00000000     0.00559941     
6.64000000     1.41297379     -0.00000225    0.00174662     0.00000000     0.00555298     
6.65000000     1.41297377     -0.00000222    0.00173212     0.00000000     0.00550693     
6.66000000     1.41297375     -0.00000218    0.00171774     0.00000000     0.00546127     
6.67000000     1.41297372     -0.00000214    0.00170348     0.00000000     0.00541598     
6.68000000     1.41297370     -0.00000211    0.00168933     0.00000000     0.00537107     
6.69000000     1.41297368     -0.00000207    0.00167530     0.00000000     0.00532654     
6.70000000     1.41297366     -0.00000204    0.00166139     0.00000000     0.00528237     
6.71000000     1.41297364     -0.00000201    0.00164760     0.00000000     0.00523856     
6.72000000     1.41297362     -0.00000197    0.00163392     0.00000000     0.00519513     
6.73000000     1.41297360     -0.00000194    0.00162035     0.00000000     0.00515205     
6.74000000     1.41297358     -0.00000191    0.00160690     0.00000000     0.00510932     
6.75000000     1.41297356     -0.00000188    0.00159356     0.00000000     0.00506696     
6.76000000     1.41297354     -0.00000185    0.00158032     0.00000000     0.00502494     
6.77000000     1.41297352     -0.00000181    0.00156720     0.00000000     0.00498327     
6.78000000     1.41297351     -0.00000178    0.00155419     0.00000000     0.00494195     
6.79000000     1.41297349     -0.00000176    0.00154129     0.00000000     0.00490097     
6.80000000     1.41297347     -0.00000173    0.00152849     0.00000000     0.00486033     
6.81000000     1.41297345     -0.00000170    0.00151580     0.00000000     0.00482003     
6.82000000     1.41297344     -0.00000167    0.00150321     0.00000000     0.00478006     
6.83000000     1.41297342     -0.00000164    0.00149073     0.00000000     0.00474042     
6.84000000     1.41297340     -0.00000162    0.00147835     0.00000000     0.00470111     
6.85000000     1.41297339     -0.00000159    0.00146608     0.00000000     0.00466213     
6.86000000     1.41297337     -0.00000156    0.00145391     0.00000000     0.00462347     
6.87000000     1.41297336     -0.00000154    0.00144184     0.00000000     0.00458513     
6.88000000     1.41297334     -0.00000151    0.00142986     0.00000000     0.00454711     
6.89000000     1.41297333     -0.00000149    0.00141799     0.00000000     0.00450940     
6.90000000     1.41297331     -0.00000146    0.00140622     0.00000000     0.00447201     
6.91000000     1.41297330     -0.00000144    0.00139454     0.00000000     0.00443492     
6.92000000     1.41297328     -0.00000141    0.00138296     0.00000000     0.00439815     
6.93000000     1.41297327     -0.00000139    0.00137148     0.00000000     0.00436167     
6.94000000     1.41297325     -0.00000137    0.00136010     0.00000000     0.00432551     
6.95000000     1.41297324     -0.00000134    0.00134880     0.00000000     0.00428964     
6.96000000     1.41297323     -0.00000132    0.00133760     0.00000000     0.00425406     
6.97000000     1.41297321     -0.00000130    0.00132650     0.00000000     0.00421879     
6.98000000     1.41297320     -0.00000128    0.00131549     0.00000000     0.00418380     
6.99000000     1.41297319     -0.00000126    0.00130456     0.00000000     0.00414911     
7.00000000     1.41297317     -0.00000124    0.00129373     0.00000000     0.00411470     
7.01000000     1.41297316     -0.00000122    0.00128299     0.00000000     0.00408058     
7.02000000     1.41297315     -0.00000120    0.00127234     0.00000000     0.00404674     
7.03000000     1.41297314     -0.00000118    0.00126178     0.00000000     0.00401319     
7.04000000     1.41297313     -0.00000116    0.00125130     0.00000000     0.00397991     
7.05000000     1.41297311     -0.00000114    0.00124091     0.00000000     0.00394690     
7.06000000     1.41297310     -0.00000112    0.00123061     0.00000000     0.00391417     
7.07000000     1.41297309     -0.00000110    0.00122039     0.00000000     0.00388171     
7.08000000     1.41297308     -0.00000108    0.00121026     0.00000000     0.00384952     
7.09000000     1.41297307     -0.00000106    0.00120021     0.00000000     0.00381760     
7.10000000     1.41297306     -0.00000105    0.00119025     0.00000000     0.00378594     
7.11000000     1.41297305     -0.00000103    0.00118037     0.00000000     0.00375455     
7.12000000     1.41297304     -0.00000101    0.00117057     0.00000000     0.00372341     
7.13000000     1.41297303     -0.00000100    0.00116085     0.00000000     0.00369254     
7.14000000     1.41297302     -0.00000098    0.00115121     0.00000000     0.00366191     
7.15000000     1.41297301     -0.00000096    0.00114165     0.00000000     0.00363155     
7.16000000     1.41297300     -0.00000095    0.00113218     0.00000000     0.00360143     
7.17000000     1.41297299     -0.00000093    0.00112278     0.00000000     0.00357157     
7.18000000     1.41297298     -0.00000092    0.00111345     0.00000000     0.00354195     
7.19000000     1.41297297     -0.00000090    0.00110421     0.00000000     0.00351258     
7.20000000     1.41297296     -0.00000089    0.00109504     0.00000000     0.00348345     
7.21000000     1.41297295     -0.00000087    0.00108595     0.00000000     0.00345456     
7.22000000     1.41297294     -0.00000086    0.00107694     0.00000000     0.00342591     
7.23000000     1.41297294     -0.00000084    0.00106800     0.00000000     0.00339750     
7.24000000     1.41297293     -0.00000083    0.00105913     0.00000000     0.00336933     
7.25000000     1.41297292     -0.00000082    0.00105034     0.00000000     0.00334139     
7.26000000     1.41297291     -0.00000080    0.00104162     0.00000000     0.00331368     
7.27000000     1.41297290     -0.00000079    0.00103297     0.00000000     0.00328620     
7.28000000     1.41297290     -0.00000078    0.00102439     0.00000000     0.00325894     
7.29000000     1.41297289     -0.00000076    0.00101589     0.00000000     0.00323192     
7.30000000     1.41297288     -0.00000075    0.00100746     0.00000000     0.00320512     
7.31000000     1.41297287     -0.00000074    0.00099909     0.00000000     0.00317854     
7.32000000     1.41297287     -0.00000073    0.00099080     0.00000000     0.00315218     
7.33000000     1.41297286     -0.00000071    0.00098257     0.00000000     0.00312604     
7.34000000     1.41297285     -0.00000070    0.00097442     0.00000000     0.00310011     
7.35000000     1.41297284     -0.00000069    0.00096633     0.00000000     0.00307440     
7.36000000     1.41297284     -0.00000068    0.00095830     0.00000000     0.00304891     
7.37000000     1.41297283     -0.00000067    0.00095035     0.00000000     0.00302362     
7.38000000     1.41297282     -0.00000066    0.00094246     0.00000000     0.00299855     
7.39000000     1.41297282     -0.00000065    0.00093463     0.00000000     0.00297368     
7.40000000     1.41297281     -0.00000064    0.00092688     0.00000000     0.00294902     
7.41000000     1.41297280     -0.00000062    0.00091918     0.00000000     0.00292457     
7.42000000     1.41297280     -0.00000061    0.00091155     0.00000000     0.00290031     
7.43000000     1.41297279     -0.00000060    0.00090398     0.00000000     0.00287626     
7.44000000     1.41297279     -0.00000059    0.00089648     0.00000000     0.00285241     
7.45000000     1.41297278     -0.00000058    0.00088904     0.00000000     0.00282875     
7.46000000     1.41297277     -0.00000057    0.00088166     0.00000000     0.00280529     
7.47000000     1.41297277     -0.00000057    0.00087434     0.00000000     0.00278203     
7.48000000     1.41297276     -0.00000056    0.00086708     0.00000000     0.00275896     
7.49000000     1.41297276     -0.00000055    0.00085988     0.00000000     0.00273608     
7.50000000     1.41297275     -0.00000054    0.00085274     0.00000000     0.00271339     
7.51000000     1.41297275     -0.00000053    0.00084566     0.00000000     0.00269089     
7.52000000     1.41297274     -0.00000052    0.00083864     0.00000000     0.00266857     
7.53000000     1.41297274     -0.00000051    0.00083168     0.00000000     0.00264644     
7.54000000     1.41297273     -0.00000050    0.00082478     0.00000000     0.00262449     
7.55000000     1.41297273     -0.00000049    0.00081793     0.00000000     0.00260273     
7.56000000     1.41297272     -0.00000049    0.00081114     0.00000000     0.00258114     
7.57000000     1.41297272     -0.00000048    0.00080441     0.00000000     0.00255974     
7.58000000     1.41297271     -0.00000047    0.00079773     0.00000000     0.00253851     
7.59000000     1.41297271     -0.00000046    0.00079111     0.00000000     0.00251746     
7.60000000     1.41297270     -0.00000046    0.00078454     0.00000000     0.00249658     
7.61000000     1.41297270     -0.00000045    0.00077803     0.00000000     0.00247587     
7.62000000     1.41297269     -0.00000044    0.00077157     0.00000000     0.00245534     
7.63000000     1.41297269     -0.00000043    0.00076516     0.00000000     0.00243498     
7.64000000     1.41297268     -0.00000043    0.00075881     0.00000000     0.00241478     
7.65000000     1.41297268     -0.00000042    0.00075251     0.00000000     0.00239476     
7.66000000     1.41297268     -0.00000041    0.00074627     0.00000000     0.00237490     
7.67000000     1.41297267     -0.00000041    0.00074007     0.00000000     0.00235520     
7.68000000     1.41297267     -0.00000040    0.00073393     0.00000000     0.00233567     
7.69000000     1.41297266     -0.00000039    0.00072784     0.00000000     0.00231630     
7.70000000     1.41297266     -0.00000039    0.00072179     0.00000000     0.00229709     
7.71000000     1.41297266     -0.00000038    0.00071580     0.00000000     0.00227804     
7.72000000     1.41297265     -0.00000037    0.00070986     0.00000000     0.00225915     
7.73000000     1.41297265     -0.00000037    0.00070397     0.00000000     0.00224041     
7.74000000     1.41297264     -0.00000036    0.00069812     0.00000000     0.00222183     
7.75000000     1.41297264     -0.00000035    0.00069233     0.00000000     0.00220341     
7.76000000     1.41297264     -0.00000035    0.00068658     0.00000000     0.00218513     
7.77000000     1.41297263     -0.00000034    0.00068088     0.00000000     0.00216701     
7.78000000     1.41297263     -0.00000034    0.00067523     0.00000000     0.00214904     
7.79000000     1.41297263     -0.00000033    0.00066963     0.00000000     0.00213122     
7.80000000     1.41297262     -0.00000033    0.00066407     0.00000000     0.00211354     
7.81000000     1.41297262     -0.00000032    0.00065855     0.00000000     0.00209601     
7.82000000     1.41297262     -0.00000032    0.00065309     0.00000000     0.00207863     
7.83000000     1.41297261     -0.00000031    0.00064767     0.00000000     0.00206139     
7.84000000     1.41297261     -0.00000031    0.00064229     0.00000000     0.00204429     
7.85000000     1.41297261     -0.00000030    0.00063696     0.00000000     0.00202734     
7.86000000     1.41297260     -0.00000030    0.00063167     0.00000000     0.00201053     
7.87000000     1.41297260     -0.00000029    0.00062643     0.00000000     0.00199385     
7.88000000     1.41297260     -0.00000029    0.00062123     0.00000000     0.00197732     
7.89000000     1.41297260     -0.00000028    0.00061607     0.00000000     0.00196092     
7.90000000     1.41297259     -0.00000028    0.00061096     0.00000000     0.00194466     
7.91000000     1.41297259     -0.00000027    0.00060589     0.00000000     0.00192853     
7.92000000     1.41297259     -0.00000027    0.00060086     0.00000000     0.00191253     
7.93000000     1.41297258     -0.00000026    0.00059587     0.00000000     0.00189667     
7.94000000     1.41297258     -0.00000026    0.00059092     0.00000000     0.00188094     
7.95000000     1.41297258     -0.00000025    0.00058602     0.00000000     0.00186534     
7.96000000     1.41297258     -0.00000025    0.00058115     0.00000000     0.00184987     
7.97000000     1.41297257     -0.00000025    0.00057633     0.00000000     0.00183453     
7.98000000     1.41297257     -0.00000024    0.00057155     0.00000000     0.00181932     
7.99000000     1.41297257     -0.00000024    0.00056680     0.00000000     0.00180423     
8.00000000     1.41297257     -0.00000023    0.00056210     0.00000000     0.00178926     
8.01000000     1.41297257     -0.00000023    0.00055743     0.00000000     0.00177443     
8.02000000     1.41297256     -0.00000023    0.00055281     0.00000000     0.00175971     
8.03000000     1.41297256     -0.00000022    0.00054822     0.00000000     0.00174511     
8.04000000     1.41297256     -0.00000022    0.00054367     0.00000000     0.00173064     
8.05000000     1.41297256     -0.00000022    0.00053915     0.00000000     0.00171629     
8.06000000     1.41297255     -0.00000021    0.00053468     0.00000000     0.00170205     
8.07000000     1.41297255     -0.00000021    0.00053024     0.00000000     0.00168794     
8.08000000     1.41297255     -0.00000020    0.00052584     0.00000000     0.00167394     
8.09000000     1.41297255     -0.00000020    0.00052147     0.00000000     0.00166006     
8.10000000     1.41297255     -0.00000020    0.00051715     0.00000000     0.00164629     
8.11000000     1.41297254     -0.00000019    0.00051285     0.00000000     0.00163263     
8.12000000     1.41297254     -0.00000019    0.00050860     0.00000000     0.00161909     
8.13000000     1.41297254     -0.00000019    0.00050437     0.00000000     0.00160567     
8.14000000     1.41297254     -0.00000019    0.00050019     0.00000000     0.00159235     
8.15000000     1.41297254     -0.00000018    0.00049604     0.00000000     0.00157914     
8.16000000     1.41297253     -0.00000018    0.00049192     0.00000000     0.00156605     
8.17000000     1.41297253     -0.00000018    0.00048784     0.00000000     0.00155306     
8.18000000     1.41297253     -0.00000017    0.00048379     0.00000000     0.00154018     
8.19000000     1.41297253     -0.00000017    0.00047977     0.00000000     0.00152740     
8.20000000     1.41297253     -0.00000017    0.00047579     0.00000000     0.00151474     
8.21000000     1.41297253     -0.00000016    0.00047184     0.00000000     0.00150217     
8.22000000     1.41297252     -0.00000016    0.00046792     0.00000000     0.00148971     
8.23000000     1.41297252     -0.00000016    0.00046404     0.00000000     0.00147736     
8.24000000     1.41297252     -0.00000016    0.00046019     0.00000000     0.00146511     
8.25000000     1.41297252     -0.00000015    0.00045637     0.00000000     0.00145296     
8.26000000     1.41297252     -0.00000015    0.00045258     0.00000000     0.00144091     
8.27000000     1.41297252     -0.00000015    0.00044882     0.00000000     0.00142895     
8.28000000     1.41297251     -0.00000015    0.00044510     0.00000000     0.00141710     
8.29000000     1.41297251     -0.00000014    0.00044140     0.00000000     0.00140535     
8.30000000     1.41297251     -0.00000014    0.00043774     0.00000000     0.00139369     
8.31000000     1.41297251     -0.00000014    0.00043411     0.00000000     0.00138214     
8.32000000     1.41297251     -0.00000014    0.00043050     0.00000000     0.00137067     
8.33000000     1.41297251     -0.00000013    0.00042693     0.00000000     0.00135930     
8.34000000     1.41297251     -0.00000013    0.00042339     0.00000000     0.00134803     
8.35000000     1.41297250     -0.00000013    0.00041987     0.00000000     0.00133685     
8.36000000     1.41297250     -0.00000013    0.00041639     0.00000000     0.00132576     
8.37000000     1.41297250     -0.00000013    0.00041293     0.00000000     0.00131477     
8.38000000     1.41297250     -0.00000012    0.00040951     0.00000000     0.00130386     
8.39000000     1.41297250     -0.00000012    0.00040611     0.00000000     0.00129305     
8.40000000     1.41297250     -0.00000012    0.00040274     0.00000000     0.00128232     
8.41000000     1.41297250     -0.00000012    0.00039939     0.00000000     0.00127169     
8.42000000     1.41297250     -0.00000012    0.00039608     0.00000000     0.00126114     
8.43000000     1.41297250     -0.00000011    0.00039279     0.00000000     0.00125068     
8.44000000     1.41297249     -0.00000011    0.00038953     0.00000000     0.00124031     
8.45000000     1.41297249     -0.00000011    0.00038630     0.00000000     0.00123002     
8.46000000     1.41297249     -0.00000011    0.00038309     0.00000000     0.00121982     
8.47000000     1.41297249     -0.00000011    0.00037991     0.00000000     0.00120970     
8.48000000     1.41297249     -0.00000011    0.00037676     0.00000000     0.00119967     
8.49000000     1.41297249     -0.00000010    0.00037363     0.00000000     0.00118972     
8.50000000     1.41297249     -0.00000010    0.00037053     0.00000000     0.00117985     
8.51000000     1.41297249     -0.00000010    0.00036745     0.00000000     0.00117007     
8.52000000     1.41297249     -0.00000010    0.00036441     0.00000000     0.00116036     
8.53000000     1.41297248     -0.00000010    0.00036138     0.00000000     0.00115074     
8.54000000     1.41297248     -0.00000010    0.00035838     0.00000000     0.00114120     
8.55000000     1.41297248     -0.00000009    0.00035541     0.00000000     0.00113173     
8.56000000     1.41297248     -0.00000009    0.00035246     0.00000000     0.00112234     
8.57000000     1.41297248     -0.00000009    0.00034953     0.00000000     0.00111304     
8.58000000     1.41297248     -0.00000009    0.00034663     0.00000000     0.00110380     
8.59000000     1.41297248     -0.00000009    0.00034375     0.00000000     0.00109465     
8.60000000     1.41297248     -0.00000009    0.00034090     0.00000000     0.00108557     
8.61000000     1.41297248     -0.00000008    0.00033807     0.00000000     0.00107657     
8.62000000     1.41297248     -0.00000008    0.00033527     0.00000000     0.00106764     
8.63000000     1.41297248     -0.00000008    0.00033248     0.00000000     0.00105878     
8.64000000     1.41297247     -0.00000008    0.00032972     0.00000000     0.00105000     
8.65000000     1.41297247     -0.00000008    0.00032699     0.00000000     0.00104129     
8.66000000     1.41297247     -0.00000008    0.00032427     0.00000000     0.00103266     
8.67000000     1.41297247     -0.00000008    0.00032158     0.00000000     0.00102409     
8.68000000     1.41297247     -0.00000008    0.00031891     0.00000000     0.00101560     
8.69000000     1.41297247     -0.00000007    0.00031627     0.00000000     0.00100717     
8.70000000     1.41297247     -0.00000007    0.00031364     0.00000000     0.00099882     
8.71000000     1.41297247     -0.00000007    0.00031104     0.00000000     0.00099054     
8.72000000     1.41297247     -0.00000007    0.00030846     0.00000000     0.00098232     
8.73000000     1.41297247     -0.00000007    0.00030590     0.00000000     0.00097417     
8.74000000     1.41297247     -0.00000007    0.00030336     0.00000000     0.00096609     
8.75000000     1.41297247     -0.00000007    0.00030084     0.00000000     0.00095808     
8.76000000     1.41297247     -0.00000007    0.00029834     0.00000000     0.00095013     
8.77000000     1.41297247     -0.00000006    0.00029587     0.00000000     0.00094225     
8.78000000     1.41297246     -0.00000006    0.00029341     0.00000000     0.00093444     
8.79000000     1.41297246     -0.00000006    0.00029098     0.00000000     0.00092669     
8.80000000     1.41297246     -0.00000006    0.00028856     0.00000000     0.00091900     
8.81000000     1.41297246     -0.00000006    0.00028617     0.00000000     0.00091138     
8.82000000     1.41297246     -0.00000006    0.00028379     0.00000000     0.00090382     
8.83000000     1.41297246     -0.00000006    0.00028144     0.00000000     0.00089632     
8.84000000     1.41297246     -0.00000006    0.00027910     0.00000000     0.00088889     
8.85000000     1.41297246     -0.00000006    0.00027678     0.00000000     0.00088152     
8.86000000     1.41297246     -0.00000006    0.00027449     0.00000000     0.00087421     
8.87000000     1.41297246     -0.00000005    0.00027221     0.00000000     0.00086696     
8.88000000     1.41297246     -0.00000005    0.00026995     0.00000000     0.00085976     
8.89000000     1.41297246     -0.00000005    0.00026771     0.00000000     0.00085263     
8.90000000     1.41297246     -0.00000005    0.00026549     0.00000000     0.00084556     
8.91000000     1.41297246     -0.00000005    0.00026328     0.00000000     0.00083855     
8.92000000     1.41297246     -0.00000005    0.00026110     0.00000000     0.00083159     
8.93000000     1.41297246     -0.00000005    0.00025893     0.00000000     0.00082470     
8.94000000     1.41297246     -0.00000005    0.00025678     0.00000000     0.00081786     
8.95000000     1.41297246     -0.00000005    0.00025465     0.00000000     0.00081107     
8.96000000     1.41297245     -0.00000005    0.00025254     0.00000000     0.00080435     
8.97000000     1.41297245     -0.00000005    0.00025044     0.00000000     0.00079767     
8.98000000     1.41297245     -0.00000005    0.00024836     0.00000000     0.00079106     
8.99000000     1.41297245     -0.00000004    0.00024630     0.00000000     0.00078450     
9.00000000     1.41297245     -0.00000004    0.00024426     0.00000000     0.00077799     
9.01000000     1.41297245     -0.00000004    0.00024223     0.00000000     0.00077154     
9.02000000     1.41297245     -0.00000004    0.00024022     0.00000000     0.00076514     
9.03000000     1.41297245     -0.00000004    0.00023823     0.00000000     0.00075879     
9.04000000     1.41297245     -0.00000004    0.00023625     0.00000000     0.00075250     
9.05000000     1.41297245     -0.00000004    0.00023429     0.00000000     0.00074626     
9.06000000     1.41297245     -0.00000004    0.00023235     0.00000000     0.00074007     
9.07000000     1.41297245     -0.00000004    0.00023042     0.00000000     0.00073393     
9.08000000     1.41297245     -0.00000004    0.00022850     0.00000000     0.00072784     
9.09000000     1.41297245     -0.00000004    0.00022661     0.00000000     0.00072180     
9.10000000     1.41297245     -0.00000004    0.00022473     0.00000000     0.00071582     
9.11000000     1.41297245     -0.00000004    0.00022286     0.00000000     0.00070988     
9.12000000     1.41297245     -0.00000004    0.00022101     0.00000000     0.00070399     
9.13000000     1.41297245     -0.00000004    0.00021918     0.00000000     0.00069815     
9.14000000     1.41297245     -0.00000003    0.00021736     0.00000000     0.00069236     
9.15000000     1.41297245     -0.00000003    0.00021556     0.00000000     0.00068662     
9.16000000     1.41297245     -0.00000003    0.00021377     0.00000000     0.00068092     
9.17000000     1.41297245     -0.00000003    0.00021199     0.00000000     0.00067528     
9.18000000     1.41297245     -0.00000003    0.00021023     0.00000000     0.00066968     
9.19000000     1.41297245     -0.00000003    0.00020849     0.00000000     0.00066412     
9.20000000     1.41297245     -0.00000003    0.00020676     0.00000000     0.00065861     
9.21000000     1.41297244     -0.00000003    0.00020504     0.00000000     0.00065315     
9.22000000     1.41297244     -0.00000003    0.00020334     0.00000000     0.00064773     
9.23000000     1.41297244     -0.00000003    0.00020165     0.00000000     0.00064236     
9.24000000     1.41297244     -0.00000003    0.00019998     0.00000000     0.00063703     
9.25000000     1.41297244     -0.00000003    0.00019832     0.00000000     0.00063175     
9.26000000     1.41297244     -0.00000003    0.00019667     0.00000000     0.00062651     
9.27000000     1.41297244     -0.00000003    0.00019504     0.00000000     0.00062131     
9.28000000     1.41297244     -0.00000003    0.00019342     0.00000000     0.00061616     
9.29000000     1.41297244     -0.00000003    0.00019182     0.00000000     0.00061105     
9.30000000     1.41297244     -0.00000003    0.00019023     0.00000000     0.00060598     
9.31000000     1.41297244     -0.00000003    0.00018865     0.00000000     0.00060095     
9.32000000     1.41297244     -0.00000003    0.00018708     0.00000000     0.00059597     
9.33000000     1.41297244     -0.00000003    0.00018553     0.00000000     0.00059103     
9.34000000     1.41297244     -0.00000003    0.00018399     0.00000000     0.00058612     
9.35000000     1.41297244     -0.00000002    0.00018246     0.00000000     0.00058126     
9.36000000     1.41297244     -0.00000002    0.00018095     0.00000000     0.00057644     
9.37000000     1.41297244     -0.00000002    0.00017945     0.00000000     0.00057166     
9.38000000     1.41297244     -0.00000002    0.00017796     0.00000000     0.00056692     
9.39000000     1.41297244     -0.00000002    0.00017648     0.00000000     0.00056222     
9.40000000     1.41297244     -0.00000002    0.00017502     0.00000000     0.00055755     
9.41000000     1.41297244     -0.00000002    0.00017356     0.00000000     0.00055293     
9.42000000     1.41297244     -0.00000002    0.00017212     0.00000000     0.00054834     
9.43000000     1.41297244     -0.00000002    0.00017070     0.00000000     0.00054379     
9.44000000     1.41297244     -0.00000002    0.00016928     0.00000000     0.00053928     
9.45000000     1.41297244     -0.00000002    0.00016787     0.00000000     0.00053481     
9.46000000     1.41297244     -0.00000002    0.00016648     0.00000000     0.00053037     
9.47000000     1.41297244     -0.00000002    0.00016510     0.00000000     0.00052597     
9.48000000     1.41297244     -0.00000002    0.00016373     0.00000000     0.00052161     
9.49000000     1.41297244     -0.00000002    0.00016237     0.00000000     0.00051729     
9.50000000     1.41297244     -0.00000002    0.00016102     0.00000000     0.00051299     
9.51000000     1.41297244     -0.00000002    0.00015969     0.00000000     0.00050874     
9.52000000     1.41297244     -0.00000002    0.00015836     0.00000000     0.00050452     
9.53000000     1.41297244     -0.00000002    0.00015705     0.00000000     0.00050034     
9.54000000     1.41297244     -0.00000002    0.00015574     0.00000000     0.00049619     
9.55000000     1.41297244     -0.00000002    0.00015445     0.00000000     0.00049207     
9.56000000     1.41297244     -0.00000002    0.00015317     0.00000000     0.00048799     
9.57000000     1.41297244     -0.00000002    0.00015190     0.00000000     0.00048394     
9.58000000     1.41297244     -0.00000002    0.00015064     0.00000000     0.00047993     
9.59000000     1.41297244     -0.00000002    0.00014939     0.00000000     0.00047595     
9.60000000     1.41297244     -0.00000002    0.00014815     0.00000000     0.00047200     
9.61000000     1.41297244     -0.00000002    0.00014692     0.00000000     0.00046808     
9.62000000     1.41297244     -0.00000002    0.00014570     0.00000000     0.00046420     
9.63000000     1.41297244     -0.00000002    0.00014449     0.00000000     0.00046035     
9.64000000     1.41297244     -0.00000002    0.00014329     0.00000000     0.00045653     
9.65000000     1.41297244     -0.00000001    0.00014210     0.00000000     0.00045275     
9.66000000     1.41297243     -0.00000001    0.00014092     0.00000000     0.00044899     
9.67000000     1.41297243     -0.00000001    0.00013975     0.00000000     0.00044527     
9.68000000     1.41297243     -0.00000001    0.00013859     0.00000000     0.00044157     
9.69000000     1.41297243     -0.00000001    0.00013744     0.00000000     0.00043791     
9.70000000     1.41297243     -0.00000001    0.00013630     0.00000000     0.00043428     
9.71000000     1.41297243     -0.00000001    0.00013517     0.00000000     0.00043068     
9.72000000     1.41297243     -0.00000001    0.00013405     0.00000000     0.00042710     
9.73000000     1.41297243     -0.00000001    0.00013294     0.00000000     0.00042356     
9.74000000     1.41297243     -0.00000001    0.00013183     0.00000000     0.00042005     
9.75000000     1.41297243     -0.00000001    0.00013074     0.00000000     0.00041656     
9.76000000     1.41297243     -0.00000001    0.00012966     0.00000000     0.00041311     
9.77000000     1.41297243     -0.00000001    0.00012858     0.00000000     0.00040968     
9.78000000     1.41297243     -0.00000001    0.00012751     0.00000000     0.00040628     
9.79000000     1.41297243     -0.00000001    0.00012645     0.00000000     0.00040291     
9.80000000     1.41297243     -0.00000001    0.00012541     0.00000000     0.00039957     
9.81000000     1.41297243     -0.00000001    0.00012436     0.00000000     0.00039626     
9.82000000     1.41297243     -0.00000001    0.00012333     0.00000000     0.00039297     
9.83000000     1.41297243     -0.00000001    0.00012231     0.00000000     0.00038971     
9.84000000     1.41297243     -0.00000001    0.00012129     0.00000000     0.00038648     
9.85000000     1.41297243     -0.00000001    0.00012029     0.00000000     0.00038327     
9.86000000     1.41297243     -0.00000001    0.00011929     0.00000000     0.00038009     
9.87000000     1.41297243     -0.00000001    0.00011830     0.00000000     0.00037694     
9.88000000     1.41297243     -0.00000001    0.00011732     0.00000000     0.00037381     
9.89000000     1.41297243     -0.00000001    0.00011634     0.00000000     0.00037071     
9.90000000     1.41297243     -0.00000001    0.00011538     0.00000000     0.00036764     
9.91000000     1.41297243     -0.00000001    0.00011442     0.00000000     0.00036459     
9.92000000     1.41297243     -0.00000001    0.00011347     0.00000000     0.00036156     
9.93000000     1.41297243     -0.00000001    0.00011253     0.00000000     0.00035857     
9.94000000     1.41297243     -0.00000001    0.00011160     0.00000000     0.00035559     
9.95000000     1.41297243     -0.00000001    0.00011067     0.00000000     0.00035264     
9.96000000     1.41297243     -0.00000001    0.00010975     0.00000000     0.00034972     
9.97000000     1.41297243     -0.00000001    0.00010884     0.00000000     0.00034682     
9.98000000     1.41297243     -0.00000001    0.00010794     0.00000000     0.00034394     
9.99000000     1.41297243     -0.00000001    0.00010704     0.00000000     0.00034109     
