# delta = 1.000, g = 0.500
# =================================================================================================================
#    s          ||Hod||        diagonal elements of H
# =================================================================================================================

0.00000000     1.22474487     1.50000000     3.50000000     5.50000000     5.50000000     7.50000000     9.50000000     
0.05000000     1.22474487     1.50000000     3.50000000     5.50000000     5.50000000     7.50000000     9.50000000     
0.10000000     0.81497438     1.45153442     3.48706796     5.50210164     5.50210164     7.51641211     9.54078225     
0.15000000     0.65009187     1.43853505     3.48092287     5.50203385     5.50203385     7.52743756     9.54903683     
0.20000000     0.52974006     1.43104109     3.47774813     5.50124041     5.50124041     7.53512594     9.55360402     
0.25000000     0.44953743     1.42704473     3.47560627     5.50076021     5.50076021     7.54014018     9.55568840     
0.30000000     0.47039467     1.42876997     3.47421055     5.50045373     5.50045373     7.54339172     9.55272030     
0.35000000     0.77815455     1.45283757     3.47328039     5.50026848     5.50026848     7.54556230     9.52778277     
